0.009079 -0.004479 -0.001912 0.004231 0.046528 0.010919 0.014310 0.010544 0.035852 0.067258
-0.105569 -0.287212 -0.219195 -0.490759 0.036237 -0.156568 -0.055828 -0.087789 0.013121 -0.130554
0.002261 0.524343 -0.261796 0.040303 0.015603 0.004906 0.086100 -0.046123 -0.006369 -0.022816
-0.031763 -0.128777 -0.106879 0.188365 -0.058430 0.140230 -0.089803 -0.265029 0.038632 -0.285735
-0.014191 0.004563 0.012992 -0.013463 -0.044154 -0.020229 -0.032280 0.620172 -0.045997 -0.098338
0.410493 -0.001956 -0.005003 -0.017960 -0.010483 -0.017196 -0.002883 -0.001209 -0.045196 -0.013334
-0.034301 -0.003410 -0.155610 0.762195 -0.001414 -0.039748 -0.017969 -0.018555 -0.205770 -0.049367
0.002392 0.008427 -0.045583 -0.006589 0.183557 -0.035895 0.084512 0.000488 -0.046877 -0.011949
-0.066653 -0.002511 -0.014058 -0.215304 0.004052 0.697189 -0.056088 -0.005946 -0.095017 -0.020777
-0.001231 0.036701 0.145211 -0.043684 -0.347691 0.002417 -0.023912 -0.070915 0.037876 0.427121
-0.007718 0.013070 -0.034822 -0.058402 0.019055 -0.041046 0.526255 -0.016220 -0.214988 -0.014105
-0.004689 -0.017665 0.606294 0.051582 -0.007761 0.030073 -0.019550 -0.101489 -0.173046 -0.064407
-0.028868 0.012146 -0.058712 -0.020345 -0.020586 -0.008546 -0.024614 -0.016910 0.286018 -0.001008
-0.045264 -0.002900 0.616699 -0.090319 -0.008279 -0.028458 -0.026901 -0.011008 -0.160863 -0.024963
-0.016162 -0.028522 0.037257 -0.039780 0.560847 0.031264 -0.000546 0.013461 -0.171289 -0.195332
-0.002949 -0.023503 -0.010810 -0.020244 -0.006887 -0.014041 -0.000136 -0.009754 0.502914 -0.013288
-0.174107 -0.122173 -0.202171 -0.093185 -0.040682 0.183357 -0.244762 -0.120166 -0.200825 -0.209306
-0.022089 -0.007436 -0.061322 -0.035584 -0.006964 -0.024144 0.002622 0.018884 -0.151844 0.368060
0.081443 0.033092 -0.029756 0.052494 -0.242756 0.180116 -0.036770 0.352856 -0.007646 0.031298
-0.047460 0.489880 0.184541 -0.131577 -0.060937 -0.031915 -0.134846 -0.300911 -0.102753 0.068624
0.011489 -0.003652 0.000247 0.043357 0.010256 0.360856 -0.004608 0.010462 -0.273677 -0.011545
-0.025534 -0.068159 -0.038036 -0.007667 0.056186 0.002716 0.241338 -0.080588 -0.028147 0.034410
-0.025902 -0.016379 -0.005705 -0.084094 0.009558 -0.041167 -0.010922 -0.003850 0.374276 -0.039638
-0.003926 0.038705 -0.026226 -0.052166 0.017455 -0.023293 0.639664 -0.008361 -0.239359 -0.016255
-0.026576 -0.023948 0.484803 0.076064 -0.030644 0.004075 -0.030803 0.007425 -0.337712 -0.014799
0.710155 -0.001655 -0.046910 -0.078814 -0.046551 -0.034988 -0.038452 -0.019263 -0.174374 -0.079081
0.027644 0.020564 0.022497 0.104711 -0.013361 0.401199 -0.003470 -0.044193 0.001644 -0.268892
0.003294 -0.144476 -0.112608 -0.209243 -0.059918 -0.055771 -0.099871 0.015103 -0.149732 -0.005834
0.016538 0.009802 0.008350 0.017917 0.509522 0.002748 0.020121 -0.006191 -0.043582 -0.430310
-0.047013 -0.014131 -0.012123 -0.125588 -0.027119 0.629631 0.001477 0.001285 -0.180258 -0.017143
-0.061090 -0.009109 -0.068439 -0.054276 0.182583 0.003805 -0.046612 0.004740 -0.040872 0.253058
-0.038973 -0.009800 -0.029213 -0.060918 -0.015558 0.770231 -0.007221 -0.019169 -0.162990 -0.024081
-0.010472 0.692380 0.001847 -0.086035 -0.004443 -0.013768 -0.026784 -0.004426 -0.291775 0.001996
0.042556 -0.029207 -0.026110 0.055783 -0.228323 -0.016105 -0.014069 -0.037186 0.060567 0.333331
0.170669 -0.168480 -0.095102 0.084994 0.064484 -0.321439 0.165202 0.241223 0.233797 -0.149264
-0.021915 -0.002014 -0.056070 -0.061880 -0.017535 -0.009639 -0.012033 -0.008750 0.513702 -0.016983
-0.084465 0.039746 0.003132 0.444349 -0.184338 -0.104514 -0.021364 -0.181551 -0.228201 0.003520
0.151671 -0.173638 -0.230368 -0.211426 -0.033785 -0.068998 0.048095 0.153197 -0.220392 0.094769
0.008537 -0.072065 0.006582 0.122107 -0.007593 -0.059182 0.194920 0.159920 0.112070 0.046838
0.002478 0.002050 -0.010075 0.041002 0.472893 0.024912 -0.063684 -0.005406 0.027487 -0.518731
0.147610 -0.005573 0.001913 -0.062760 0.011093 0.378623 0.044458 0.021439 -0.258184 0.021252
0.014422 -0.000131 0.108180 -0.054014 0.006126 -0.006344 0.014406 -0.009936 -0.041244 -0.005638
-0.000603 0.008031 0.006763 -0.002446 -0.186708 -0.013767 -0.008114 -0.038381 -0.073265 0.622582
-0.052110 -0.261314 -0.063928 -0.077769 -0.252723 0.297297 -0.095520 -0.245010 -0.079866 0.001662
-0.046220 -0.005925 -0.043884 0.701280 -0.007248 -0.048720 -0.025717 -0.013921 -0.159718 -0.023080
0.008808 -0.144242 -0.120405 -0.076234 -0.533102 -0.270133 -0.049283 -0.170555 -0.198254 0.071532
-0.017494 -0.006624 -0.020572 -0.070144 0.005729 -0.007850 -0.023480 0.761967 -0.050520 -0.235272
-0.045721 -0.001840 0.536527 -0.006376 -0.049957 -0.014274 -0.042104 0.008583 -0.029146 -0.032525
-0.060123 -0.018449 -0.089574 -0.023193 -0.232299 0.027793 0.647564 -0.002455 -0.040313 -0.017627
-0.002466 -0.022080 0.054209 0.018973 -0.014990 -0.007063 0.025624 0.026831 0.447223 -0.059316
-0.214984 -0.021041 -0.077908 -0.124193 0.148424 0.519750 -0.170363 -0.210818 -0.039987 -0.010329
0.228269 -0.046812 -0.172339 0.121089 0.472759 -0.123728 -0.361561 -0.068241 0.079659 -0.104973
0.044529 0.147054 -0.219348 0.069693 0.033184 0.041383 0.035897 0.233597 -0.408102 -0.002580
0.008490 0.000991 0.020559 0.000790 -0.013121 -0.130072 0.459877 0.006288 -0.087014 0.010597
0.065715 0.001864 0.051046 0.043635 -0.612478 -0.008793 0.021500 -0.062678 0.183061 0.124918
-0.009469 -0.024429 -0.008986 -0.040092 0.302439 -0.012404 -0.007880 0.017289 -0.295084 0.277508
-0.131022 -0.142922 -0.075072 -0.300894 -0.127636 -0.084084 -0.123293 0.180202 0.208322 -0.111416
0.472599 -0.001172 -0.023746 -0.029726 -0.005227 -0.016703 -0.004951 -0.003368 -0.050705 -0.016397
-0.062665 -0.078026 0.315732 0.018533 -0.174421 -0.100395 -0.205324 0.250200 0.077748 -0.009479
0.003318 0.032814 0.154998 0.039552 0.310465 -0.014179 0.004780 -0.006936 -0.048028 -0.109528
0.019706 0.022497 0.056694 0.000561 -0.334665 -0.015579 0.015223 -0.027879 -0.009071 0.501770
0.022494 0.003680 0.025776 0.052508 0.008445 0.016869 0.013546 0.004896 0.092768 0.017342
-0.019211 0.007834 0.052103 -0.014891 -0.058455 -0.010411 -0.006902 0.725547 0.048873 -0.551206
-0.010288 0.022368 0.026472 0.107733 -0.221417 0.527079 -0.230257 -0.021668 -0.096880 0.192755
