-0.241870 -0.024424 -0.085151 -0.267922 0.161011 -0.023195 0.020445 0.170384 0.304144 -0.024647 0.015954 0.233661 -0.087924 -0.068455 0.003506 0.091050 0.289166 -0.109680 0.184912 0.073630 -0.265055 0.075432 0.039102 -0.320268 0.077590 -0.293735 -0.008178 -0.106597 0.109326 -0.046124 0.198558 -0.082365 0.368972 -0.042974 0.042780 -0.111977 -0.121629 0.145994 -0.214242 -0.019140 0.053512 -0.025064 -0.074790 -0.159932 0.104217 -0.236053 -0.156712
0.075946 0.153450 -0.065249 -0.225626 -0.215629 -0.342215 0.118653 0.279749 0.079661 -0.389818 0.176566 0.045737 0.143503 -0.351509 0.135761 0.216594 -0.106428 0.148059 0.033644 -0.309056 0.085306 0.078627 0.170742 0.135124 0.026161 0.050665 -0.437024 0.216700 -0.467641 0.096195 0.119158 -0.068467 -0.264073 0.092447 -0.272978 0.096120 0.132785 0.003010 -0.117482 0.195270 0.161266 -0.242050 0.136648 0.187830 -0.062527 -0.057793 0.084852
-0.079358 -0.230306 0.001117 -0.060630 -0.007066 -0.295779 -0.184453 -0.157372 0.289780 0.033761 -0.153353 0.275383 -0.215369 0.048940 -0.157306 -0.495319 -0.252707 0.100951 -0.220204 0.020742 -0.037056 -0.170928 0.233987 -0.007294 -0.081944 0.082734 -0.158974 0.106425 0.011490 -0.253571 0.200749 0.411748 0.201967 0.085734 0.117994 -0.214568 0.096881 0.010823 0.052458 0.235543 -0.332945 0.098466 -0.241167 0.090167 -0.112149 -0.134099 -0.412128
0.148541 -0.335461 -0.125806 -0.305935 -0.394712 -0.021057 -0.324344 -0.179967 -0.050736 0.111108 -0.219154 -0.009666 -0.045631 0.223282 -0.007131 -0.314155 -0.352296 -0.259089 0.244443 0.155018 -0.351207 -0.384254 0.436542 0.165952 0.069856 0.030637 -0.201031 -0.196658 -0.097017 -0.030039 -0.096320 -0.031069 0.017988 -0.106096 -0.105801 0.025098 0.165240 -0.232310 -0.317418 -0.042425 -0.248593 -0.141506 -0.030344 0.325997 -0.165438 -0.000748 -0.310938
0.066719 0.312550 -0.103342 -0.133596 -0.269133 -0.545204 -0.279004 -0.132168 -0.173482 -0.081952 -0.060131 -0.193466 0.594921 -0.342937 -0.646585 -0.150985 0.235646 -0.272730 -0.305425 -0.304762 -0.183964 -0.008898 0.406239 0.128657 0.083233 0.076184 -0.360313 -0.036712 0.233877 -0.275492 0.036102 -0.261579 -0.075300 0.016695 -0.198340 -0.249097 -0.124713 0.417942 -0.101704 0.121114 -0.145755 0.009406 0.017994 -0.034377 -0.124056 0.173455 -0.545541
-0.254036 -0.234602 0.240330 0.286541 -0.386599 -0.287804 0.144361 0.103385 0.140913 0.034169 0.047697 0.206842 -0.356345 -0.404832 -0.114070 -0.143892 0.109223 -0.101426 -0.116769 0.051004 0.030104 -0.156278 -0.123844 -0.237264 -0.273363 -0.058482 0.252843 0.262229 -0.260334 -0.137569 0.046950 -0.514418 -0.378991 -0.368748 -0.088154 0.124864 0.105498 -0.284198 -0.045423 -0.080941 -0.115246 -0.001310 -0.089699 -0.208996 0.014223 0.360189 -0.436442
-0.079816 -0.375592 -0.306765 -0.098381 -0.411098 -0.150248 -0.480231 -0.228890 -0.535285 -0.715638 -1.205514 -0.390401 -0.225361 -0.284930 -0.364236 -1.397795 -0.760244 -0.402922 -0.408815 0.156214 -1.211916 -0.324492 -0.371374 -0.390266 -0.066691 -0.537979 -0.753042 -0.943237 -0.239682 0.520449 0.207669 0.023613 -0.230006 -0.663372 -0.398725 -0.270881 -0.567137 -0.266724 -0.295767 -0.141040 -1.057279 -0.189840 -0.542219 -0.090516 -1.051509 0.300863 -0.278569
-0.107743 -0.113968 0.203914 -0.175824 -0.012421 0.147358 0.031580 -0.351638 0.051595 -0.339024 0.082845 0.119361 -0.179906 0.330658 0.315812 -0.055538 -0.190469 0.084202 -0.089501 -0.007918 0.133845 -0.007151 -0.107796 0.235922 0.003881 -0.099097 0.173488 0.108875 0.193709 -0.133397 0.008331 -0.008006 0.343389 0.219760 -0.187841 0.136692 0.241076 0.137958 0.102748 -0.057214 -0.125788 -0.021496 0.146375 0.020917 0.146561 -0.158814 -0.212841
-0.058138 0.201145 0.000463 -0.329345 -0.000809 -0.267272 -0.034183 -0.658809 -0.280760 -0.213486 0.237703 -0.618941 0.137927 0.057036 -0.150341 -0.214069 -0.379334 -0.334112 0.169212 -0.219774 0.047371 0.270437 -0.103763 0.111914 0.020960 0.226604 -0.265853 -0.299265 -0.227766 -0.058220 -0.065914 -0.098363 0.056504 0.491403 -0.146469 0.255598 -0.088214 0.172165 0.104921 -0.263557 -0.112684 -0.109102 -0.085941 -0.065890 -0.519143 -0.654213 0.079327
0.146159 0.267174 0.025629 0.008227 -0.426474 0.117200 -0.348904 0.362070 -0.497359 0.099806 0.188541 -0.078504 0.066261 0.183162 -0.188553 -0.211085 -0.267467 0.032752 0.273416 0.046802 -0.360560 0.269374 0.129849 0.297610 0.120550 0.057952 -0.397189 -0.007134 -0.025557 0.243515 -0.051160 -0.117771 0.215123 -0.073488 -0.404645 0.044421 0.253436 -0.248917 -0.073005 -0.337131 -0.242267 -0.131986 -0.449517 0.225135 -0.123371 0.007492 0.044824
-0.564900 0.117945 -0.422123 -0.129251 -0.138779 0.121001 -0.192875 -0.331503 -0.381899 0.056565 -0.142141 -0.295971 -0.093075 -0.163535 0.181615 0.027757 -0.048121 -0.135054 0.191258 0.047498 0.044932 0.011781 -0.364098 -0.129112 -0.219680 -0.339427 -0.546974 -0.327016 0.092416 -0.024665 -0.354875 -0.473727 0.125989 -0.241271 -0.208593 -0.195974 -0.354965 0.048549 -0.641842 0.228113 0.067203 -0.012729 0.124381 -0.182999 -0.010501 -0.138850 0.013649
0.073751 0.062213 0.126277 0.226260 0.270673 0.087436 0.072040 0.097052 0.169822 -0.054753 -0.355020 -0.339916 -0.119109 -0.200416 -0.238803 0.000727 -0.094512 -0.409696 -0.124037 0.003898 -0.619918 0.007037 0.093419 -0.223223 0.080990 -0.085318 0.101769 -0.597017 0.202750 -0.093994 -0.174314 -0.256901 0.089302 -0.316475 -0.063211 0.011974 0.175100 0.017592 0.209433 -0.187712 -0.066501 0.043587 -0.145656 -0.035019 -0.216454 -0.214074 -0.301265
0.308762 0.073276 -0.461376 -0.082231 -0.125175 -0.090880 -0.068953 -0.112252 -0.074629 0.010315 -0.311897 -0.442282 -0.779384 0.124626 -1.189666 0.108856 -0.604243 -0.304277 0.073453 -0.181248 -0.595406 0.079151 -0.015276 -0.143291 0.289430 -0.279374 -0.130180 -0.684620 -0.270275 -0.468207 0.182560 -0.011726 -0.388884 -0.466655 0.012311 -0.348346 -0.215322 -0.075550 -0.105997 -0.749239 -0.443137 0.065309 0.013745 0.159915 -0.081858 -0.197016 -0.454534
0.164882 0.089144 0.241901 0.141761 -0.071364 0.098314 0.308564 0.119118 -0.308118 -0.127044 -0.402001 -0.109202 -0.040372 0.039734 0.251047 -0.054196 -0.078820 -0.070938 0.093391 -0.227679 -0.132941 0.227748 0.117467 0.062552 0.192294 -0.284103 -0.122846 0.051875 0.043870 -0.198956 -0.173538 -0.131937 0.178135 -0.295567 -0.008146 0.303118 -0.110823 0.036557 -0.207790 0.302049 -0.031039 -0.121432 0.092956 -0.062717 -0.078022 -0.106031 0.062735
0.143962 0.011759 -0.340959 0.019603 -0.460230 0.051588 0.285514 -0.216765 0.150977 -0.218329 -0.404660 0.270961 0.198347 0.162672 -0.090160 0.001134 0.150475 -0.771868 -0.079586 0.055276 0.200392 0.042087 -0.482325 -0.263305 0.060215 -0.142226 0.214897 -0.058343 0.023336 0.051985 -0.404337 -0.405868 -0.115710 -0.077623 -0.272303 -0.383689 -0.211045 0.207100 -0.218376 0.098991 0.002411 -0.220562 -0.143900 -0.372692 0.060198 0.050596 -0.071240
0.235500 -0.074793 -0.326520 -0.092606 0.025903 -0.483528 0.237820 -0.060641 -0.029579 0.046865 -0.000334 0.066916 0.067413 -0.207560 -0.321961 -0.002139 0.185804 0.182946 -0.178761 -0.463908 0.192362 -0.231984 -0.029250 0.082353 0.156984 0.542324 -0.133964 0.194649 -0.550307 -0.076286 -0.306806 0.203664 -0.102688 -0.473215 -0.056841 -0.167581 -0.292683 -0.150250 -0.172647 -0.064357 -0.026388 -0.136729 0.060654 -0.144619 -0.134630 0.115973 -0.092329
0.032977 0.106635 -0.707423 -0.258636 -0.080582 -0.020068 0.221360 -0.243682 -0.409934 0.192052 -0.361334 -0.098102 0.271842 0.037357 -0.688483 -0.023450 -0.352827 -0.507807 0.134999 0.069998 -0.235254 0.126405 -0.372704 0.114535 -0.001898 0.252374 0.055660 0.006865 -0.236403 -0.464710 0.278003 0.256142 0.319435 -0.313944 -0.044675 -0.291480 0.057798 -0.281291 -0.527773 0.207348 -0.084752 -0.019087 -0.150400 0.094921 0.082690 -0.323038 -0.634397
-0.122550 0.062059 -0.348423 -0.509569 0.153686 -0.427462 -0.216529 0.025896 -0.173005 -0.001978 -0.001798 -0.316936 -0.399864 -0.516986 -0.079237 0.227725 0.043675 -0.002929 -0.022850 0.199323 0.240805 0.012637 -0.121574 -0.107635 0.001383 0.230941 0.097058 -0.217592 -0.208587 -0.044746 0.014667 0.063166 -0.160283 0.014625 0.157195 -0.097403 0.039203 -0.225813 0.097453 0.036675 0.196555 -0.029736 0.006599 -0.127894 0.082499 -0.097727 0.162725
-0.126049 -0.472153 -0.091088 -0.423314 -0.034085 -0.178370 -0.262081 0.162523 -0.235862 -0.205664 0.008324 -0.405442 0.260181 -0.053989 -0.090130 -0.022636 -0.111200 -0.332655 -0.213911 -0.412466 -0.233819 -0.202839 -0.678668 0.101838 -0.031523 -0.482705 -0.237454 0.123794 0.047368 -0.202003 -0.899972 -0.134221 0.092423 -0.331031 -0.458894 -0.195724 0.029102 -0.532617 -0.566295 -0.355637 -0.120685 -0.333082 -0.387344 -0.437598 -0.555697 -0.490311 0.317121
0.143208 -0.235856 0.160308 0.006495 0.173527 -0.064136 -0.190904 -0.038549 -0.290732 -0.009300 -0.037788 -0.105085 -0.325081 0.151200 -0.096347 -0.228382 -0.659666 0.087196 -0.323481 -0.043706 -0.092542 -0.258286 -0.059149 0.156272 -0.084739 -0.281581 -0.064121 -0.108821 0.043748 0.175315 -0.012147 -0.297730 0.074937 -0.088717 0.000350 0.286246 -0.276572 -0.469037 -0.260285 -0.188480 -0.317954 -0.347524 -0.133609 0.129186 0.075604 -0.258098 0.344542
0.203191 -0.304725 0.120615 -0.376309 -0.210060 0.006569 0.281026 -0.148918 0.186546 -0.003356 0.288632 -0.121905 0.167080 0.013005 0.318946 0.009993 0.069797 -0.332735 0.046806 0.052543 -0.119188 -0.307578 -0.147587 -0.254086 0.226626 0.254470 0.248159 0.049885 -0.047950 0.047316 -0.270999 0.012262 -0.217481 -0.155722 -0.021540 0.032192 0.182836 -0.019237 -0.405443 0.258663 -0.054296 0.114987 -0.139878 -0.274395 -0.056652 -0.079593 -0.134551
0.034369 -0.281936 -0.404803 -0.148797 -0.221801 -0.183127 -0.102973 -0.334756 -0.134531 -0.488005 -0.043356 0.273443 0.008069 0.117498 0.023182 -0.047409 0.114636 0.141828 -0.140576 0.177338 -0.149392 -0.190451 0.070452 0.330989 0.122714 0.141140 -0.182009 -0.127066 0.042141 -0.200908 -0.056328 0.109634 0.078165 -0.023050 0.087490 -0.165841 -0.060281 0.015911 0.083808 0.050598 -0.043661 0.034630 -0.082292 0.129004 0.025047 -0.340898 -0.124128
-0.030361 -0.020200 -0.001644 0.219624 -0.192979 0.046698 -0.532410 -0.197076 -0.548958 0.106896 -0.638017 -0.443638 0.070571 -0.289655 -0.024845 -0.064754 -0.189066 -0.344345 0.018779 0.005251 -0.293518 0.067022 -0.221604 0.248175 -0.023564 0.112480 -0.168987 -0.491459 0.054424 -0.151924 0.190456 0.161587 -0.100527 -0.298718 0.047067 0.244252 -0.174119 -0.365758 -0.297054 0.179723 -0.166845 0.166434 0.100430 0.092231 0.058963 0.013390 -0.113157
-0.053133 0.081174 0.050432 -0.077692 0.228726 0.459831 -0.114685 0.333803 -0.179006 -0.226509 -0.205246 -0.089667 0.199537 0.063252 -0.337298 -0.118350 0.149715 -0.123741 0.066777 0.280916 -0.138827 0.152959 0.120495 0.149014 -0.044311 0.023084 -0.280737 -0.409585 0.281162 -0.062627 0.028995 0.085251 -0.443895 -0.041603 0.376258 -0.069994 -0.353910 -0.474750 -0.173148 -0.082245 -0.226206 -0.036255 -0.188155 -0.068636 -0.101187 0.166918 -0.048089
-0.155494 -0.289502 -0.064852 -0.008694 0.095680 0.008474 -0.470617 0.068124 0.049181 0.170552 0.320042 -0.013190 -0.396304 0.028802 -0.091656 0.138041 -0.063771 0.395839 -0.273402 -0.172363 -0.383797 -0.187906 -0.038709 0.046816 -0.089224 0.175485 -0.182644 0.028180 0.071845 -0.002634 -0.137159 -0.174364 -0.235283 -0.047595 0.177697 -0.175054 0.180819 -0.297880 -0.214385 0.113528 0.143012 0.138943 0.077435 0.107995 0.033354 0.069864 0.059185
-0.335962 0.265421 -0.423988 -0.081048 -0.053977 0.113123 0.179180 -0.149107 0.274779 0.137035 -0.017168 -0.155630 -0.259410 -0.295280 -0.309661 -0.105057 -0.087051 -0.023793 -0.197699 -0.125920 0.015169 -0.183120 -0.184142 -0.124981 -0.075625 -0.099877 -0.623486 -0.094841 -0.193907 -0.218909 -0.372929 -0.362614 0.171564 0.094209 0.318553 -0.617134 0.227594 -0.285816 -0.170066 -0.421031 -0.215368 -0.039976 -0.139489 -0.305000 -0.081922 -0.127773 -0.234798
0.053591 -0.087654 0.471117 -0.009600 -0.235699 -0.054274 -0.210294 0.033908 0.484337 -0.047416 0.234290 -0.043320 -0.236295 0.159866 -0.107258 0.088430 -0.132733 0.113283 0.003962 -0.053255 -0.401152 0.018369 -0.180299 0.311942 0.093077 0.259720 -0.205197 -0.058796 -0.050161 -0.162134 0.003020 -0.240662 0.026585 0.041374 0.079930 0.112611 0.296467 -0.102173 0.236658 -0.102155 0.093441 -0.175380 -0.103852 0.020527 -0.343864 0.179220 -0.123812
-0.045923 0.313130 0.236681 -0.059370 -0.082734 -0.176254 -0.381631 0.012433 -0.107294 0.142904 -0.021840 -0.168280 -0.092393 -0.218201 -0.015245 -0.250519 0.229959 0.005971 0.097151 -0.048063 -0.285548 -0.259430 -0.167780 -0.316629 -0.029646 -0.475998 0.174683 -0.152701 -0.236677 -0.170273 0.210128 -0.053256 -0.099293 0.104001 0.161608 0.129042 0.352023 -0.040817 -0.002940 -0.235208 -0.245846 0.242222 -0.279302 -0.023756 0.267418 0.003090 -0.239651
-0.019816 0.182809 0.023510 -0.077768 -0.106238 -0.047011 0.041539 -0.093299 0.059843 -0.014115 -0.041149 -0.012911 -0.079883 -0.063734 0.000703 0.111542 -0.123652 -0.174450 0.055117 0.023038 -0.106284 0.113944 0.121553 -0.000626 -0.115741 -0.020480 0.068633 0.075785 0.010670 -0.145121 0.103560 -0.047337 -0.023180 0.085550 -0.033948 0.064624 -0.140280 -0.185862 -0.106139 -0.163083 -0.205241 -0.107031 -0.056574 0.018085 0.152870 0.086145 -0.132325
0.082863 -0.211302 0.049875 0.107803 0.090927 0.192991 -0.016744 0.171180 0.135642 0.186371 0.011251 0.112611 -0.129450 -0.041071 -0.032173 0.217829 0.025894 0.120931 -0.108517 0.090757 -0.133864 -0.100805 -0.442365 -0.279877 -0.066790 0.035952 0.097497 -0.145774 0.001106 -0.009488 -0.015745 -0.092371 -0.348697 -0.118940 0.173965 0.109463 0.044775 0.062292 0.136025 -0.045411 0.217511 0.356527 -0.119426 -0.588587 0.184412 -0.421455 0.066213
0.108402 -0.089417 -0.208907 0.310120 0.143627 0.119541 0.333864 0.072425 -0.308024 0.248265 -0.203518 0.027829 0.031250 0.016881 -0.152615 -0.150793 0.146302 -0.474276 -0.216220 -0.189746 -0.298042 -0.064694 -0.198607 0.074951 0.038354 0.099697 0.217662 -0.622995 -0.071301 0.025500 0.074823 -0.339627 0.078399 0.022139 0.187174 -0.145608 -0.051323 -0.336338 -0.315367 -0.432722 -0.199471 -0.007083 -0.413813 0.117068 0.087432 -0.249288 0.037469
-0.376593 -0.010660 0.091669 0.331400 0.320115 0.192304 0.131601 0.260303 -0.084458 -0.074567 -0.273076 -0.027981 -0.259281 -0.308468 -0.089631 -0.291945 -0.158803 0.022841 -0.089030 -0.144415 0.186210 0.058898 0.351150 0.075910 -0.470913 -0.414234 -0.283440 -0.249156 0.048068 -0.215547 0.202210 -0.006561 0.033074 0.023031 0.262272 0.212641 -0.308759 -0.105277 -0.442875 -0.276047 -0.384144 -0.136556 -0.035307 0.014347 -0.049679 -0.278436 -0.374892
-0.120232 0.111709 0.120188 -0.190749 0.165707 0.111450 0.106993 -0.291772 -0.430805 -0.110155 -0.108451 -0.395578 0.004811 -0.055640 -0.035722 0.185430 -0.065527 0.187905 0.025707 0.259442 0.000004 0.168998 0.337419 0.017201 -0.182872 -0.276922 -0.144312 -0.435724 0.005829 0.131650 0.220982 0.256692 0.390928 -0.131525 0.262236 -0.352506 -0.331180 0.227154 0.272002 0.017148 0.014364 -0.217217 0.215576 -0.012369 -0.296099 -0.097910 0.169931
-0.026788 0.257252 -0.303028 -0.222039 -0.157692 -0.061494 -0.111157 -0.084411 0.113445 -0.588373 0.110041 0.299149 -0.269096 0.297504 -0.228783 -0.582161 -0.050507 0.147910 0.175210 0.016911 0.083176 0.164676 -0.078831 -0.028928 -0.206540 -0.156115 -0.256009 0.094801 -0.062754 -0.064385 0.074606 0.129570 -0.251803 0.100477 -0.157174 -0.270457 -0.052540 0.075066 -0.140215 -0.036493 -0.258322 -0.723258 0.017324 0.180060 -0.717054 -0.211752 -0.277991
-0.057237 -0.255495 0.004437 -0.078164 -0.317964 0.009125 0.169562 -0.035304 -0.443151 0.034071 -0.240246 -0.263152 -0.153747 -0.607666 -0.187102 0.126444 0.182420 -0.293016 -0.409163 -0.202608 0.031521 -0.194685 0.035696 -0.098296 0.074513 -0.071035 -0.351460 -0.351822 -0.054490 0.088724 -0.232206 -0.096188 -0.094346 -0.260263 -0.341831 -0.050314 0.105993 -0.104783 -0.056757 -0.482441 -0.065010 -0.050571 -0.111931 -0.269006 -0.237100 0.147499 -0.135386
-0.423248 0.121748 0.034492 0.207644 0.054486 -0.150416 -0.056298 -0.176910 -0.233926 -0.210340 -0.011861 0.459081 -0.172688 0.067699 -0.063062 -0.272373 0.101832 0.247067 0.110629 -0.172604 0.133991 0.157994 0.190836 -0.010962 -0.379780 -0.227691 -0.242834 0.093602 -0.181473 -0.352639 0.290731 0.201523 -0.081854 0.044726 -0.036065 0.171217 -0.008038 0.274059 -0.330019 -0.152942 -0.078721 0.011288 0.089772 -0.009348 -0.119068 0.253238 -0.159443
0.115396 -0.269956 -0.307401 -0.085691 -0.054170 -0.038563 -0.247357 -0.475327 -0.414846 -0.371275 -0.491646 -0.051655 -0.186125 0.136039 0.037891 -0.207338 -0.255928 0.046971 -0.340796 -0.583037 0.295645 -0.041745 -0.668541 0.097413 0.368703 -0.158201 0.190689 -0.237478 -0.233164 -0.023009 -0.100910 -0.110525 -0.438460 -0.345814 -0.048815 -0.001844 -0.025050 -0.033449 0.022817 0.134956 -0.064986 0.305414 -0.356744 -0.232525 -0.582049 -0.712321 -0.093534
-0.447753 0.088027 0.337453 -0.352232 -0.004699 -0.338172 -0.246570 0.082227 -0.321532 -0.012748 -0.082920 -0.529536 -0.011622 -0.471956 0.219963 0.244364 -0.461607 -0.255524 0.076756 -0.191559 0.185048 0.048399 -0.167500 -0.394558 -0.488182 -0.130416 0.063482 0.095629 -0.449139 0.097112 0.066685 -0.012091 -0.287485 0.145359 -0.035237 0.253948 0.125614 -0.384467 0.025388 0.220527 0.243144 -0.215313 0.036704 0.007965 -0.151487 0.124082 0.167276
-0.204254 -0.196906 0.114497 0.098706 0.171769 -0.232574 -0.338417 0.440432 0.021776 -0.398808 -0.173098 0.082452 0.071576 -0.086699 -0.101062 0.141791 -0.235462 0.012411 -0.263354 -0.130985 0.011251 -0.163577 -0.188891 -0.049422 0.178931 -0.018572 0.053742 -0.121455 -0.154004 0.371661 0.013926 -0.150457 -0.130746 0.089958 0.114498 0.245523 -0.159759 -0.036529 -0.013006 0.102101 0.270795 -0.402884 0.077619 -0.294914 -0.329779 -0.267608 0.363639
0.111649 -0.119197 0.316211 0.164939 -0.298733 -0.128456 -0.081505 -0.062925 -0.086609 -0.423508 -0.031578 0.040137 0.215807 0.396314 -0.079414 -0.249028 -0.160347 0.019998 0.168363 -0.151843 -0.176724 0.301205 -0.114470 0.219048 0.254760 -0.084164 -0.536979 -0.033940 0.102512 -0.181612 0.173329 0.218446 -0.017872 0.280159 -0.264975 0.299855 -0.193810 0.008359 -0.053680 0.090678 -0.316256 -0.330582 -0.359275 0.072140 -0.451467 -0.100924 -0.175333
-0.091756 0.021347 0.012263 -0.159116 -0.324358 -0.187134 -0.198807 -0.313552 -0.056672 0.008179 -0.085073 -0.372441 -0.340121 -0.338809 -0.118675 -0.333412 -0.307019 -0.154677 -0.153328 -0.243367 -0.177703 -0.057474 -0.238827 -0.372123 -0.047749 -0.091884 -0.545340 -0.323389 0.104002 -0.281309 -0.253538 -0.574234 -0.196031 -0.271477 -0.271161 -0.099979 -0.061346 -0.188701 -0.026634 -0.113518 -0.367824 -0.056385 -0.245614 -0.189783 -0.194062 -0.252800 -0.089536
0.046443 -0.256941 -0.004068 0.120310 -0.260142 -0.222503 0.019403 -0.210113 -0.333772 -0.112402 -0.594242 -0.465469 0.352716 -0.632866 -0.207341 -0.420071 0.009319 -0.593563 -0.419386 -0.279278 -0.159319 -0.024308 -0.162397 -0.438477 0.086100 -0.853376 -1.240064 -0.497498 0.156854 -0.061458 -0.237261 -0.321342 -0.744881 0.056387 -0.697780 -0.114881 -0.049088 -0.495491 -0.115384 -0.200280 -0.626972 -0.438266 0.113201 -0.238308 -0.921672 0.120182 -0.312287
0.083030 -0.353527 0.086265 -0.199592 0.074270 0.058123 0.120417 -0.024376 0.141457 0.358531 0.130075 -0.063711 -0.258144 0.033951 -0.041184 0.255019 0.265090 -0.150691 -0.412007 -0.326889 -0.322452 -0.162124 -0.061204 -0.053133 0.055739 0.159364 0.453951 0.211925 0.153412 -0.147693 -0.439938 -0.239818 -0.134095 -0.400298 -0.351569 -0.211589 0.005258 -0.089531 -0.252844 -0.083017 0.228340 0.043932 -0.011469 -0.210260 0.096781 0.037954 -0.285409
-0.081315 -0.110356 -0.121707 -0.106626 0.255911 0.043092 -0.096489 0.195116 0.229439 -0.044313 0.232566 -0.239273 -0.115531 -0.557362 0.184400 -0.023408 0.206441 0.114853 -0.094665 0.228451 -0.130682 -0.079614 -0.388666 0.037409 -0.074357 -0.181963 -0.116803 -0.056212 -0.249749 -0.096754 -0.155164 -0.092990 -0.152963 0.040621 -0.178851 0.022883 -0.169791 -0.273752 0.369230 0.093493 -0.023341 0.042452 -0.187101 0.053955 0.002142 -0.309865 0.044626
0.213104 -0.116747 -0.282962 -0.050148 -0.095531 0.268081 -0.146171 -0.037177 0.061325 -0.084073 -0.009673 0.165807 -0.036591 -0.265804 0.205972 0.105220 -0.060751 -0.324464 -0.115484 0.204675 0.213553 -0.243537 -0.222816 -0.127151 0.099895 -0.324918 -0.222182 0.041380 0.202013 0.150951 -0.272480 0.125693 -0.196818 0.299397 -0.120818 0.224193 0.092543 -0.156722 -0.391782 -0.205279 0.043309 0.006829 -0.092586 -0.186939 -0.135501 -0.082413 0.035100
-0.215374 -0.146772 -0.054464 0.123660 -0.112257 -0.201436 0.432317 0.015013 -0.166611 -0.552437 -0.310305 0.023630 -0.026096 -0.249479 -0.209316 -0.289548 0.279862 0.038167 -0.210572 0.118246 0.176865 -0.143726 0.090149 -0.142529 -0.242839 -0.159433 -0.649278 -0.490252 -0.055635 0.209578 -0.433586 0.010013 0.351967 0.063319 0.047076 -0.123259 -0.035803 0.244563 -0.377819 -0.209379 -0.143289 0.156404 0.117160 0.009304 0.328767 0.181068 0.225437
0.163266 -0.191778 -0.190964 -0.096745 0.229565 0.093727 0.023151 -0.909797 -0.177894 -0.066703 -0.034533 -0.368275 -0.037323 0.062236 -0.006631 -0.299576 0.012869 -0.089119 -0.087101 0.260585 -0.519284 -0.162279 -0.143214 -0.010239 0.178271 -0.398826 0.185934 -0.395088 -0.108798 -0.547490 -0.079058 -0.216024 -0.284511 -0.366534 -0.094552 -0.219619 0.288381 0.057164 0.557592 0.058481 -0.033085 -0.056369 0.094322 -0.096850 -0.356238 -0.150251 -0.591673
0.173494 0.232900 0.222929 0.143205 -0.046919 -0.504272 0.118136 0.190153 -0.162161 -0.201762 0.137699 0.336545 0.104116 0.171561 -0.625258 -0.223682 0.065786 -0.020160 0.212019 0.180640 -0.238944 0.224058 -0.256384 -0.025270 0.145341 0.009754 -0.247477 -0.190629 -0.381499 -0.057949 0.019649 0.142695 0.021464 -0.545418 -0.186774 0.059535 -0.180732 0.088387 0.022511 -0.106504 -0.234408 -0.238731 0.004272 -0.000815 -0.078415 0.020957 -0.011055
-0.222731 -0.074666 0.054033 -0.162415 0.025792 -0.139340 0.251330 0.269608 0.098964 -0.121006 -0.170423 -0.085756 -0.030955 -0.148513 -0.012092 0.022562 0.510438 -0.005621 -0.130252 -0.187254 0.115721 -0.013994 -0.435105 -0.503707 -0.274992 -0.038286 -0.141319 0.059501 -0.143983 -0.041691 -0.484230 -0.344322 -0.413852 0.176819 0.301988 -0.012537 -0.188753 0.068546 -0.310005 -0.185688 0.117673 0.328022 -0.254485 -0.211989 0.405515 -0.162873 0.096729
-0.102224 -0.144883 -0.117192 -0.360054 0.189764 -0.295775 0.001208 -0.148893 -0.099179 0.031505 0.105981 0.100712 -0.052391 -0.259823 -0.080877 -0.263315 0.002977 0.134191 0.062398 0.003629 0.255855 -0.230769 0.123639 -0.014439 0.019198 -0.435122 -0.032017 0.152988 0.170877 0.021682 0.110667 -0.213454 -0.410553 -0.035039 -0.187216 -0.097507 -0.005740 -0.057495 0.202337 0.034075 -0.177860 -0.085464 -0.012259 -0.030209 -0.099550 0.129301 0.122081
-0.198932 -0.474283 0.337981 -0.134755 -0.146320 0.083348 -0.200748 -0.161529 -0.303311 0.055926 -0.463732 -0.598078 -0.142023 -0.464386 -0.076489 -0.006773 0.100231 -0.424098 -0.546996 -0.133302 0.035599 -0.178952 -0.459747 -0.303555 -0.298830 -0.197998 -0.142467 -0.002358 -0.124023 -0.336557 -0.518000 -0.459559 -0.038286 -0.291526 -0.219025 -0.327895 -0.106561 -0.204712 -0.215192 -0.090266 -0.029048 -0.255809 -0.258112 -0.723125 -0.613710 -0.572599 -0.196035
-0.302341 -0.194556 -0.399687 -0.133334 0.027723 -0.155889 -0.783564 -0.340229 -0.058380 0.233217 -0.315613 -0.313529 -0.328912 -0.160913 -0.218674 -0.284389 -0.399642 -0.173961 -0.031317 0.090695 0.138526 -0.132838 -0.334764 -0.152510 -0.254930 0.268511 -0.174684 -0.154491 -0.335060 0.151382 0.278837 -0.366169 -0.277409 0.008209 0.429317 -0.216909 -0.231111 -0.625515 -0.453400 0.109846 -0.307880 0.327163 -0.487633 -0.680971 0.307579 -0.197946 0.193671
-0.262970 0.224217 -0.007940 -0.305440 -0.206324 -0.051108 -0.020708 -0.003182 -0.011330 -0.135841 0.083144 -0.550585 -0.064672 0.189880 -0.453796 0.105478 -0.329652 -0.303564 0.213745 0.150907 -0.016214 0.226801 -0.250957 0.054813 -0.187135 -0.024574 -0.397249 -0.164222 0.142616 0.225296 0.061920 0.208917 -0.158880 0.462124 0.148012 0.048832 -0.428536 -0.023921 0.299901 0.189910 0.147283 -0.246986 0.013567 -0.077754 -0.307190 0.350771 0.224062
-0.228009 -0.819845 -0.281427 0.015401 -0.202805 -0.349171 -0.389347 -0.105527 -0.097874 -0.345510 -0.507695 0.101029 0.136515 -0.012127 -0.320842 -0.404341 -0.141292 -0.490264 -0.139614 -0.282020 -0.196708 0.024551 0.076822 -0.750998 -0.113742 -0.551865 -0.409102 -0.011817 -0.379696 0.054667 -0.455985 -0.088352 -0.619064 -0.217074 -0.149954 -0.001944 0.012529 -0.281690 -0.157077 -0.062454 -0.966408 -0.124303 -0.261344 -0.190039 -0.420411 -0.500304 -0.153043
0.198526 -0.081449 0.130184 -0.152422 0.219003 -0.315178 -0.066089 0.075174 -0.577801 0.159904 -0.028234 -0.273399 0.084890 0.169206 -0.566650 0.259821 0.138707 -0.089729 -0.016113 0.052089 -0.517613 -0.039444 -0.005145 0.247415 0.152351 0.122430 0.289577 -0.393225 -0.040304 -0.099157 0.307288 0.049445 -0.018045 -0.333013 -0.192231 0.011335 0.064073 -0.268065 -0.135291 -0.535532 0.350390 -0.075028 -0.063503 0.248696 0.287412 -0.323082 -0.194342
-0.290571 0.003019 -0.135510 -0.279128 0.243214 -0.174397 -0.068304 0.226294 -0.270455 -0.181799 0.277837 -0.087522 0.210354 -0.245946 0.023359 0.255480 -0.268155 0.085923 -0.019499 -0.136580 -0.001757 -0.055919 -0.337813 -0.072280 -0.181014 -0.009372 -0.246789 0.118180 -0.202310 0.192403 -0.280243 -0.003230 -0.071940 0.209462 -0.040533 -0.104384 0.159375 -0.347578 -0.135003 -0.019775 0.244113 -0.131482 -0.301073 -0.025268 -0.104485 0.235128 0.262907
0.062101 -0.249130 -0.427120 -0.600447 0.001245 0.094931 0.015843 -0.189683 -0.130484 0.100349 -0.206590 -0.018015 0.181255 -0.189524 0.146726 0.071660 0.071278 0.090992 -0.216078 -0.582685 0.014627 -0.049744 -0.331544 0.196152 0.148687 -0.231243 0.050518 -0.088443 -0.060669 -0.412360 -0.068274 -0.221355 -0.042094 -0.247365 -0.246585 -0.260524 -0.076742 0.011023 -0.306299 0.248824 0.078678 0.139503 -0.042997 -0.268753 0.141564 -0.021692 -0.183220
-0.316441 -0.177333 -0.017524 0.234396 -0.346780 0.217153 0.283866 -0.065099 -0.048244 -0.204297 -0.269162 -0.025619 0.003205 -0.238048 -0.105926 0.261377 0.252411 -0.483401 0.083855 0.110791 -0.277101 -0.212562 0.268992 -0.192894 -0.342800 -0.157842 -0.068301 -0.032831 0.164747 -0.076192 -0.092044 -0.099948 0.003393 0.003676 -0.298627 0.002478 -0.112220 0.199722 -0.136871 -0.292260 0.216956 0.028172 0.063695 -0.192391 -0.180520 -0.120101 -0.175531
0.098948 0.075955 0.183054 0.356982 -0.182309 0.209447 -0.083889 -0.545913 0.147197 -0.235866 -0.211091 0.240238 0.169638 -0.451731 0.144517 0.030783 0.284333 -0.100200 -0.181647 -0.295450 -0.145877 -0.115381 0.037082 -0.035112 0.095408 -0.158965 -0.153262 -0.149605 0.002638 -0.213753 -0.065129 -0.072360 -0.221322 0.057348 0.256832 0.133178 -0.056644 -0.048979 -0.083631 0.177393 -0.090129 -0.082570 -0.231192 -0.210101 -0.368328 -0.077484 0.024434
0.142187 -0.097106 0.182097 0.468550 -0.250991 -0.082621 -0.555757 0.368959 -0.182881 0.016871 -0.166484 0.168789 -0.188806 0.279069 -0.213760 0.044674 -0.114001 0.013322 -0.092615 0.469976 -0.283172 -0.106357 -0.127496 -0.130277 0.175301 0.198018 -0.241258 -0.228337 -0.006107 0.217555 -0.075566 -0.201447 -0.135383 -0.080386 0.069211 0.086860 -0.019278 -0.070510 0.102411 -0.479511 -0.110086 -0.031699 -0.403843 -0.045653 -0.084739 -0.249344 0.121191
0.097862 -0.086837 -0.160914 0.222897 -0.175172 0.063541 -0.122977 -0.350094 0.132446 -0.098822 -0.058968 0.034623 0.035965 0.042751 0.250460 -0.142857 -0.062106 -0.243948 -0.121962 -0.054848 -0.258127 -0.387052 -0.159565 -0.225242 0.054029 -0.125046 0.231906 0.046447 0.063339 -0.216586 -0.184439 -0.285785 0.183649 -0.067804 -0.553455 -0.253873 -0.040849 -0.172423 -0.065627 0.319372 -0.199843 0.001207 -0.380051 -0.166089 0.028065 0.004953 -0.224249
-0.033981 -0.396986 0.051885 -0.154384 -0.222718 -0.127050 0.009073 -0.588710 0.158182 -0.009105 0.016083 -0.114160 0.227182 -0.071120 0.261366 -0.184458 0.115076 -0.030061 -0.342071 -0.416987 0.160589 0.247378 -0.172872 -0.337666 -0.066167 -0.248744 -0.088158 0.085082 0.098907 0.151442 0.204109 0.060317 -0.169893 -0.032000 0.201200 0.042706 0.051100 0.022767 0.134565 0.115160 -0.194624 0.206367 0.061341 -0.064715 -0.056342 0.049606 0.115866
-0.112893 0.157723 -0.141200 -0.049466 -0.319101 0.166028 0.092888 -0.419332 0.230250 -0.302561 -0.303949 -0.229678 -0.088293 -0.108923 -0.236657 -0.275668 -0.266095 -0.351652 0.158967 -0.236769 -0.124548 0.192721 -0.506690 -0.208803 -0.144579 -0.031605 -0.074608 0.120045 0.425721 -0.563638 -0.024906 0.096306 -0.236347 -0.043304 -0.231839 -0.226741 0.138862 -0.166030 0.181192 -0.401703 -0.185097 -0.198356 0.110587 -0.085224 -0.295070 0.071245 -0.766859
-0.170632 0.136844 -0.063382 0.093447 -0.015838 0.017375 -0.469605 -0.000683 0.427237 0.214248 -0.545260 0.039593 -0.035686 0.032395 0.106242 0.171484 -0.296013 -0.267767 0.158340 0.044445 -0.452922 0.172645 -1.034060 -0.695786 0.032042 -0.108436 -0.130057 -0.232690 -0.026147 0.102852 -0.427548 -0.184808 -0.227904 -0.273654 0.209424 0.045157 -0.089494 -0.125604 -0.211819 -0.129057 0.070749 0.189516 -0.427795 -0.571173 0.143816 0.053048 0.117820
-0.027974 -0.042309 0.119749 -0.078268 -0.467717 -0.203360 -0.276015 -0.298416 -0.284523 -0.418331 -0.091922 -0.183753 0.079881 -0.295441 0.192168 -0.371881 -1.227733 -0.242381 0.190625 -0.223369 -0.171423 0.062292 0.419018 0.370320 0.079802 -0.641624 -0.041070 -0.083486 0.026941 -0.000326 0.022705 0.253869 -0.158783 -0.381546 0.190875 -0.285588 0.059523 -0.378019 -0.038072 -0.082272 -0.460134 -0.262020 -0.313062 0.126720 -0.060671 0.116843 -0.104940
0.183849 -0.251931 0.276440 -0.084970 0.080372 -0.078545 0.065494 -0.196518 -0.056422 0.158699 0.427373 -0.131524 -0.290311 -0.045255 -0.278499 -0.340778 0.132072 0.091556 -0.228426 -0.019196 0.036611 -0.343242 -0.021601 -0.118473 0.172345 -0.133406 0.165898 -0.152629 0.010730 -0.182734 -0.385473 -0.412202 0.207420 -0.127851 0.143227 0.111860 0.057389 -0.003540 0.037955 -0.066595 -0.321163 0.192434 -0.004390 -0.062278 0.065148 -0.493519 -0.372534
-0.058106 -0.028254 0.042057 0.245606 -0.002629 0.334681 -0.025999 -0.117011 -0.140596 -0.333510 -0.018595 0.125982 0.138618 -0.268103 0.095967 -0.232432 -0.415480 -0.155040 -0.243533 -0.131050 0.043641 0.089926 -0.438921 -0.310882 0.016790 -0.072346 -0.575398 -0.155896 -0.287937 -0.229831 -0.044256 0.236481 -0.278296 -0.327913 -0.169058 0.068746 0.126710 0.114981 -0.413720 -0.151890 -0.181795 -0.446699 0.160295 0.291692 -0.504854 0.385190 -0.300365
-0.204308 0.112065 -0.256350 0.082098 0.174957 -0.156531 0.135478 -0.213281 -0.098196 -0.126472 -0.030135 -0.176212 0.082892 -0.139128 -0.345590 0.141918 -0.019000 0.110205 -0.019428 -0.044163 -0.078623 0.140566 -0.184847 -0.009846 -0.066248 0.286896 -0.067932 0.070249 0.057435 -0.088546 -0.030024 -0.045276 -0.134397 0.113503 0.069353 -0.118210 -0.122098 0.006540 0.029707 0.078804 -0.183265 0.155202 0.045871 0.041045 -0.025238 -0.116044 -0.209946
-0.206835 -0.514524 -0.170565 0.315963 -0.261225 0.141045 -0.002664 -0.185937 0.213567 0.053504 -0.091267 0.059315 -0.144570 0.271934 -0.296344 0.216277 0.191759 -0.064131 -0.313208 -0.126067 0.234593 -0.390288 0.518107 -0.188981 -0.250536 0.194915 0.215736 0.211299 0.249161 -0.076289 -0.036316 -0.118205 0.086808 0.008704 -0.214418 0.272106 -0.227657 0.270375 -0.345325 -0.215640 0.181403 0.006067 0.350893 0.146313 0.127646 0.020216 -0.106436
-0.381538 0.161149 0.315678 -0.074418 -0.394343 -0.099388 0.016082 -0.074944 -0.264990 -0.433645 -0.325240 -0.322503 0.093354 -0.334870 0.216077 -0.058935 -0.149558 -0.171239 0.181977 -0.110594 0.326611 0.201902 -0.202681 0.093636 -0.121622 -0.392341 -0.137087 0.255012 -0.075159 -0.174006 -0.400640 -0.292590 0.000115 -0.257024 -0.156441 0.192965 -0.151507 -0.086263 0.246464 0.126727 -0.197181 0.027986 0.155603 -0.300687 0.112984 -0.183428 0.055676
0.054410 -0.118268 0.358977 -0.006087 0.216857 0.003756 -0.559282 0.035317 -0.182486 -0.003629 0.184496 0.026960 0.101871 0.109177 -0.233682 -0.143190 -0.051541 -0.193124 -0.016409 -0.005319 -0.368979 -0.085286 0.193550 0.213737 -0.026683 -0.356426 0.090876 0.136649 -0.271017 -0.252461 -0.199954 -0.297471 -0.114021 0.123525 -0.272160 0.145077 0.088699 -0.261866 0.186460 -0.028790 -0.216913 0.042546 -0.076919 0.253284 -0.012852 0.265594 -0.163133
-0.121283 0.124545 -0.391464 0.038181 0.085672 0.101628 0.170113 -0.460519 -0.161132 0.169215 0.278944 -0.369380 -0.032406 -0.358661 0.005204 0.232731 -0.135042 -0.256400 0.114980 0.226042 -0.076514 0.108099 0.155667 -0.285765 -0.063919 -0.385166 -0.292805 -0.309378 0.015453 0.152300 -0.011416 -0.392895 -0.410314 0.043149 -0.160223 -0.556395 0.174731 -0.147075 -0.134729 -0.329920 0.187768 0.133479 0.127754 -0.153914 0.182865 -0.124445 0.071347
-0.023572 0.017883 -0.152561 0.066259 -0.315489 -0.108404 -0.023746 -0.507083 -0.005269 0.038910 -0.332068 -0.175328 0.280943 -0.336649 -0.232332 -0.306187 0.088446 -0.757111 0.048554 0.095894 -0.277978 0.114992 -0.511542 -0.183810 0.032993 -0.402949 0.106174 -0.289677 0.129217 -0.306599 0.037453 0.142757 0.159502 -0.382548 -0.073045 -0.209653 0.258203 -0.367182 -0.186746 0.272618 -0.291050 0.173273 -0.413574 -0.382661 0.118678 -0.290208 -0.584808
-0.129510 0.099488 0.533257 -0.470900 -0.157161 0.063594 -0.188577 0.388227 -0.183074 -0.054754 -0.236143 -0.494003 -0.049898 -0.260076 -0.349841 -0.347717 -0.170105 -0.079996 -0.151008 -0.090100 -0.371261 0.086241 -0.329088 -0.420008 -0.144936 -0.551198 -0.152189 -0.183331 0.141590 0.139745 0.032237 0.198648 0.497155 -0.448056 0.098863 -0.121224 0.040682 -0.532341 -0.342808 0.168541 -0.221600 0.183153 -0.053587 -0.132399 -0.127304 -0.505587 -0.128399
0.021936 0.091210 -0.165043 -0.120372 0.105097 -0.205780 -0.460589 0.307800 -0.156156 0.277813 0.082602 -0.118443 -0.407963 0.005044 -0.309364 -0.470361 -0.075360 -0.033014 0.002799 0.130647 -0.510371 0.128253 -0.012772 -0.362257 -0.015136 -0.290542 -0.272438 -0.532934 -0.107292 0.138009 0.078910 0.137331 -0.582203 -0.178036 0.161100 -0.109502 -0.152700 -0.097729 -0.425707 -0.243974 -0.400561 0.310009 -0.127063 -0.252796 0.289115 -0.420254 0.169810
-0.013722 -0.013890 0.102227 0.067869 0.316426 -0.120349 -0.206911 0.382025 0.205077 0.229172 -0.483401 -0.033930 0.114461 -0.101279 0.099325 0.101509 -0.334976 -0.573717 0.030091 -0.262647 -0.405755 -0.103135 -0.455706 -0.004756 -0.098334 0.220105 -0.038092 0.082463 0.069683 0.102974 0.128579 0.131030 -0.145882 0.153074 0.099862 0.216549 -0.090075 0.126372 -0.209425 0.237813 0.159494 0.013428 -0.079402 -0.098771 0.211330 -0.011690 -0.002472
-0.241727 0.078508 0.202944 -0.207298 -0.550503 -0.327567 -0.026036 0.177040 0.116375 -0.193287 0.092541 -0.051882 -0.271953 0.022101 -0.086449 0.111078 0.015288 0.139804 0.073262 -0.042547 -0.060602 0.131356 -0.231396 0.045637 -0.195488 0.131068 -0.217792 0.038460 -0.126876 0.089669 -0.254308 -0.334126 0.035333 -0.296679 -0.297503 0.097118 0.156493 0.252669 0.184704 0.072545 0.046819 -0.164140 0.203897 0.010926 -0.446709 -0.060651 0.241539
-0.159413 0.137247 -0.349968 -0.231879 0.300794 -0.300075 -0.439592 -0.057591 -0.267175 0.200104 0.230349 -0.400762 -0.301028 -0.350833 -0.355769 -0.004903 0.123260 0.086261 0.095252 -0.266902 0.021666 0.167756 0.416799 -0.177688 -0.145464 -0.198576 -0.116806 -0.045396 -0.254687 -0.125254 0.095521 -0.064663 0.056861 0.060391 0.133102 -0.252981 0.303452 -0.853611 0.010488 -0.057812 -0.082819 0.121512 0.113711 0.050136 0.082811 -0.224801 0.158069
0.180397 -0.205680 0.007175 -0.261860 0.286963 -0.107909 0.103412 -0.490727 -0.355418 0.087476 -0.386949 -0.178309 0.173126 0.084933 0.154055 -0.314732 0.192064 -0.418500 0.325963 0.094513 -0.284311 0.060859 -0.511423 -0.336156 0.136860 -0.284893 0.127702 -0.141021 -0.149962 -0.214179 0.149793 -0.052672 0.273443 -0.185489 0.070579 0.047053 0.326962 -0.130253 0.002723 0.239074 -0.344158 -0.061655 -0.402977 -0.513783 -0.046434 -0.111050 0.335594
-0.176244 -0.454714 0.041652 0.082954 -0.170995 -0.064437 -0.168683 -0.116453 0.279004 -0.007657 -0.568240 -0.363449 -0.035384 -0.139332 -0.139854 -0.074583 -0.062770 -0.400927 -0.280980 -0.154844 -0.349357 -0.120496 -0.043035 -0.124683 -0.105683 -0.738719 -0.212328 -0.300554 0.374729 -0.127233 -0.439450 -0.127806 -0.233804 -0.455015 -0.173248 0.030440 -0.141889 -0.390150 -0.419819 -0.565756 -0.142933 -0.003884 -0.043341 -0.292554 -0.306518 -0.417979 -0.104645
-0.224882 0.003550 -0.370422 -0.261286 -0.274933 0.168340 -0.320156 0.154887 -0.152259 -0.054147 0.007295 -0.432772 -0.230461 -0.096771 -0.299096 -0.005073 -0.243214 0.123037 0.019386 0.036901 0.422364 0.031372 0.569608 0.206294 -0.373867 -0.180163 -0.343705 0.164990 0.005297 0.032007 -0.180589 -0.290883 0.067808 0.292772 -0.249656 0.057971 -0.219185 -0.145885 -0.427518 -0.432532 -0.063084 -0.199923 0.293830 0.363039 -0.288749 0.184203 -0.083624
-0.114978 0.164675 -0.263815 -0.335710 0.224301 -0.084810 0.177396 -0.575071 0.051468 -0.156670 0.228856 -0.260526 0.126557 -0.460558 -0.034701 0.044680 -0.145966 0.107842 0.094419 -0.032187 -0.007725 0.133149 -0.164938 0.009881 -0.157865 0.140909 -0.213502 -0.141747 0.125446 0.187228 -0.129799 -0.170981 -0.606711 -0.053292 -0.151863 -0.488384 0.040788 0.126796 -0.090877 -0.178684 -0.010317 -0.219092 0.291078 -0.142459 -0.173321 -0.167310 0.414035
-0.254598 0.115877 0.027311 -0.170475 0.232452 -0.365581 -0.707358 0.046743 0.092300 0.274614 -0.138337 -0.340170 -0.530877 -0.001889 0.191105 -0.393267 -0.548088 -0.152544 0.006312 -0.104223 -0.371412 -0.001166 -0.065954 -0.066664 -0.005621 -0.114484 -0.028761 -0.210325 -0.228428 -0.003689 0.152080 0.001604 0.242807 -0.198632 0.120488 -0.018819 0.060245 -0.492759 -0.293686 -0.248061 -0.323511 0.308984 -0.214932 -0.108828 0.355315 -0.100097 -0.192420
0.054275 -0.022838 -0.006780 -0.151339 -0.560041 -0.029847 0.180493 -0.064256 0.176287 -0.380715 -0.278244 0.107537 -0.012098 -0.081294 -0.186227 -0.385628 -0.255173 -0.098718 -0.009110 -0.075108 0.050651 -0.055425 -0.490393 0.028601 0.066318 -0.119135 -0.329288 -0.058314 -0.149509 -0.091651 0.056105 0.033247 -0.180070 -0.061560 -0.062127 0.000298 -0.271595 0.187803 -0.079423 0.036680 -0.288840 -0.116198 0.479492 0.122247 0.307518 -0.061288 -0.079604
0.056414 0.233528 0.216788 -0.296109 -0.065043 0.163067 0.248070 0.386912 -0.182225 0.051039 0.154120 -0.061709 -0.300182 0.150927 -0.011866 -0.049153 0.194059 0.251026 -0.110527 0.097073 -0.324774 0.107106 0.127354 -0.075980 0.038278 -0.040711 0.318228 -0.320143 0.111119 -0.077103 0.077587 -0.034571 -0.119512 -0.614020 -0.144378 -0.340309 0.247389 0.152943 0.039248 0.071412 -0.247737 0.017417 0.210207 -0.026937 -0.066043 -0.359875 -0.183008
-0.221409 0.147594 -0.003130 -0.157868 0.221627 -0.128126 -0.125570 0.298324 -0.408956 -0.061116 -0.172463 -0.085410 0.232933 -0.226490 -0.069125 -0.029653 0.036745 -0.206975 0.099025 -0.182942 -0.087229 0.091391 -0.836256 0.023635 -0.127944 -0.109186 0.037598 0.157631 -0.049573 -0.139453 -0.131553 -0.379071 -0.600002 -0.197120 -0.141054 -0.109663 0.215239 -0.091156 0.303374 0.050300 -0.137779 -0.033343 0.013635 0.270253 0.033832 0.224928 0.033321
-0.237773 0.169476 0.262345 0.369776 -0.485219 -0.260350 -0.061696 0.251955 -0.021777 -0.230392 -0.236622 -0.055189 0.146937 -0.074850 -0.452674 -0.177389 -0.464089 -0.589372 -0.034546 -0.262301 -0.117856 -0.197683 -0.584335 0.087547 -0.090554 0.136691 -0.403997 0.088246 -0.176882 -0.160002 -0.240319 0.140029 -0.436994 0.142705 0.176181 0.230808 0.517105 -0.164221 0.143914 -0.179792 -0.170774 -0.307872 -0.366436 0.018849 -0.084242 -0.243809 0.030596
0.005205 0.065852 0.263022 0.346545 -0.172281 -0.077729 -0.138461 0.022490 0.013434 0.076931 -0.130651 -0.349944 -0.098399 0.075254 -0.542927 -0.506801 -0.370695 -0.464898 0.093085 0.001984 -0.220739 0.115569 -0.382970 -0.343070 0.007700 0.032320 -0.810035 -0.187667 -0.073065 -0.488559 0.015859 -0.654014 -0.256740 -0.147026 -0.355266 0.047873 0.037387 0.184035 -0.033922 0.381190 -0.290177 0.192267 0.350123 0.129847 0.197980 -0.227440 -0.178515
-0.062400 -0.067700 -0.044752 -0.080285 -0.155889 0.004281 0.039856 -0.004192 0.262416 -0.120594 0.154881 0.178707 0.052934 0.192779 -0.108956 0.012130 -0.123817 0.076507 -0.028668 -0.061341 0.229824 -0.036364 0.071521 0.108240 -0.058023 0.060098 -0.001127 0.111286 -0.088752 0.092609 -0.158480 -0.255005 0.040237 0.072370 -0.026232 0.051199 -0.000887 -0.273795 -0.108401 0.027783 0.019138 -0.087500 0.068444 -0.045305 -0.136007 -0.048100 0.039144
-0.270143 -0.156608 0.147932 0.195682 0.004931 0.133560 0.148311 -0.234324 0.376238 0.066727 -0.045006 -0.104528 -0.434692 -0.154584 -0.041871 -0.116475 -0.037970 -0.132580 -0.131996 0.066112 0.081967 -0.057513 -0.071318 0.151162 -0.377274 -0.061239 -0.293812 0.051105 0.172706 0.011818 -0.484629 -0.174854 -0.344757 0.206924 0.037582 0.074693 -0.211529 -0.054601 -0.254568 -0.271294 -0.116758 0.092634 0.096623 0.043960 0.080567 0.015381 0.183356
0.139248 -0.066160 0.195985 -0.062421 -0.267220 -0.510162 0.056479 0.089804 -0.314891 -0.500598 -0.276133 -0.119378 -0.257866 0.242503 -0.690437 -0.463736 -0.117592 -0.113146 0.075829 0.100962 -0.208332 -0.018380 -0.203108 0.153946 0.201577 -0.015993 -0.131782 -0.460142 -0.168591 -0.222130 -0.067632 0.107656 0.367581 -0.179300 -0.041584 -0.148889 -0.527192 0.161354 0.002918 -0.177555 -0.576102 -0.067043 0.239074 0.225043 -0.263289 0.215237 -0.253079
0.122526 0.052431 -0.163259 -0.125015 -0.508722 0.240131 -0.151229 -0.052944 -0.237854 -0.206461 -0.482913 -0.424340 0.203013 -0.232196 0.045482 -0.018815 -0.086313 -0.681632 0.334151 0.180710 0.059251 -0.237344 -0.359278 -0.331285 0.112831 -0.184759 0.016618 -0.469120 0.250014 -0.217141 0.115379 0.339759 0.116076 -0.447056 0.075604 -0.201195 0.051194 -0.330747 -0.183251 0.038852 -0.000475 -0.256027 -0.347767 0.097119 -0.415017 0.033980 -0.115481
0.045853 -0.406688 0.129730 -0.137610 -0.406448 -0.093538 0.036794 -0.227611 0.067527 -0.256253 0.036772 0.214582 0.352929 0.072832 0.199785 -0.079407 0.033338 -0.351976 -0.154427 -0.095614 0.201222 0.237432 0.234255 -0.070483 0.054109 0.090792 -0.213055 0.344102 0.067158 0.025120 0.040479 -0.187055 -0.156892 0.242138 -0.425728 0.040838 -0.039526 0.009123 -0.196274 0.212311 -0.070478 -0.220981 -0.185490 -0.006636 -0.118058 0.057826 -0.076144
0.141440 -0.136925 -0.157872 0.100839 -0.453482 0.163962 0.180004 -0.552227 0.120817 0.359368 -0.735320 0.244726 0.053221 0.118832 0.143289 -0.062135 -0.207684 -0.731495 -0.104029 -0.129809 -0.220525 -0.122432 0.295953 -0.104536 0.098363 -0.098184 -0.375608 -0.462397 0.234220 -0.250620 0.114612 -0.039379 -0.078027 -0.324658 -0.114358 -0.273801 -0.256121 0.122583 0.043171 0.087489 -0.102594 -0.077907 -0.766087 -0.525128 -0.140678 -0.123746 0.381945
0.011890 -0.165799 -0.342819 -0.376804 0.259119 -0.098110 0.255469 -0.411517 0.167768 -0.328393 -0.492238 -0.281014 -0.273010 -0.365672 0.106676 -0.442675 -0.128641 0.239377 -0.115734 -0.123671 0.209857 -0.124859 -0.288715 0.116243 -0.051699 -0.344257 -0.018929 -0.339833 -0.185759 -0.233151 0.304797 0.155208 0.111622 0.450272 0.196263 -0.237179 -0.214804 0.182633 -0.288928 -0.040760 -0.256701 -0.203968 0.106299 0.073769 -0.344937 0.227013 -0.119366
0.183479 -0.153362 -0.023960 -0.323815 -0.378184 -0.132663 -0.171453 0.083912 0.041693 -0.468135 -0.568317 -0.432613 0.296520 0.111906 -0.693259 -0.112201 -0.109854 -0.507249 -0.105919 -0.025243 0.015991 -0.222042 0.129761 -0.296699 0.174288 0.054602 0.222622 -0.398449 -0.050382 0.368197 -0.141969 -0.170265 -0.634329 -0.209016 0.056049 -0.108832 -0.337532 -0.188810 0.243467 -0.296654 -0.228880 -0.308250 -0.092707 0.113790 -0.264825 0.237830 0.362906
0.130299 0.153546 0.086780 -0.021005 -0.112047 -0.247235 -0.076777 0.268965 0.403984 0.110933 -0.195169 -0.653471 -0.319058 -0.488395 -0.029334 0.073931 0.067157 -0.376936 -0.022191 -0.162484 -0.067562 0.024505 -0.325738 -0.095633 -0.109875 -0.397986 -0.274086 -0.302548 -0.261315 -0.325339 -0.202188 -0.002076 -0.317614 0.325109 0.173258 -0.030138 -0.287417 -0.355337 -0.002876 -0.255588 0.102002 0.032406 -0.164110 -0.132662 0.023090 -0.318139 -0.198442
-0.063343 0.036514 -0.182449 -0.224632 -0.104974 -0.169421 -0.095566 -0.405316 0.269506 -0.017738 -0.213030 -0.022073 -0.167680 0.337873 0.079558 0.250929 -0.248674 -0.462547 0.207433 -0.074781 0.031528 0.017871 -0.423025 0.043594 -0.055821 0.351214 -0.009779 0.080610 -0.203376 -0.007038 -0.326705 0.207721 -0.035294 -0.015308 0.004577 -0.143445 -0.586225 0.049639 0.540197 -0.026313 0.295925 -0.143659 -0.322824 -0.259592 0.099008 0.148304 -0.193961
0.059228 -0.188700 -0.094622 -0.054726 -0.031032 0.116364 -0.097644 -0.200050 -0.092809 -0.100841 0.013907 0.216887 0.041851 -0.365852 -0.131738 -0.027032 -0.079869 -0.150199 -0.160751 0.076027 -0.046991 0.018967 -0.020712 -0.009902 0.227167 0.053422 -0.080123 -0.059207 -0.083371 0.026034 -0.077525 -0.145426 0.014580 0.052074 -0.059470 0.019626 -0.145532 -0.074771 -0.185007 0.071871 -0.040329 -0.146831 0.075915 -0.055246 0.024862 -0.281011 -0.145199
0.023639 -0.118286 0.001776 0.221005 -0.206881 0.070404 0.139397 -0.105200 0.168004 0.008800 -0.058589 -0.126221 0.198827 -0.122905 0.027652 -0.267172 0.130010 -0.399848 0.022124 0.237971 -0.285171 0.051489 0.228144 -0.519375 0.206430 -0.310144 -0.222801 0.071833 0.129218 0.171837 0.099869 -0.049985 -0.253938 -0.290663 -0.446749 -0.064372 0.231719 -0.349055 -0.420690 0.044103 -0.112317 0.011607 -0.380619 0.039617 -0.106855 0.174886 0.114268
-0.331644 0.151331 0.120956 0.219723 -0.214478 -0.058246 -0.048313 0.433975 0.011460 -0.337131 -0.013800 -0.012982 -0.366157 -0.456184 0.122455 0.064518 -0.309518 -0.250717 0.057109 0.067383 0.140056 -0.126717 -0.394614 -0.182618 -0.484939 -0.067193 -0.300273 -0.026880 -0.054354 0.096440 0.133489 -0.019314 -0.177434 -0.161201 0.183931 0.317600 0.247950 -0.186394 -0.063484 0.010455 -0.221935 -0.043768 -0.161504 0.034386 -0.193039 -0.118415 0.077270
0.025136 0.023049 0.006761 -0.069126 -0.233417 -0.475716 -0.352333 -0.005174 0.217221 0.089147 0.046778 0.244118 -0.131039 0.149711 -0.397537 -0.012938 -0.518800 0.075683 -0.014761 -0.466259 -0.041348 0.034051 0.015316 0.058637 0.115085 0.286242 0.248084 0.197552 -0.204131 -0.315050 -0.115070 -0.098439 0.184484 0.215679 -0.073097 -0.001773 -0.147198 -0.047062 0.139686 -0.047313 -0.051427 -0.090407 -0.133528 -0.097374 0.150732 -0.063146 0.012058
0.330330 -0.145535 -0.036508 -0.465450 0.243423 -0.614266 -0.124388 -0.052287 -0.362878 -0.165779 0.157700 -0.057392 -0.445112 -0.104089 -0.616503 -0.255969 -0.247574 0.100595 -0.167962 -0.134047 -0.172749 -0.164237 0.351206 0.222993 -0.156170 0.383444 0.003311 0.191249 0.602937 -0.061461 0.094802 -0.092997 0.436110 -0.078116 -0.002698 -0.183964 0.020575 -0.192878 -0.244678 0.011367 -0.183017 0.019422 -0.143182 0.033163 0.022957 0.135393 0.051030
-0.028086 -0.155501 0.082125 0.161913 -0.174499 -0.037282 0.122366 -0.018565 -0.028516 -0.042988 0.122313 0.036549 0.040582 -0.058220 0.008292 0.003392 0.064981 -0.119025 -0.276692 -0.044742 -0.034445 0.033811 0.029495 -0.020291 0.101743 -0.077331 -0.072180 0.008870 0.086372 0.049215 -0.021672 -0.143681 -0.107365 0.002301 -0.073570 -0.036535 0.019262 -0.126298 -0.082477 -0.172341 -0.140722 0.129127 0.047002 -0.090520 0.034337 -0.031025 -0.188652
-0.165600 -0.073643 -0.079473 0.375257 -0.223554 0.102234 -0.217164 -0.035090 -0.169427 -0.063734 -0.236432 -0.179085 0.214419 -0.409417 -0.115759 -0.256476 0.053323 0.179486 0.229209 0.124804 0.097378 -0.060829 -0.507699 -0.120388 -0.128574 -0.293872 -0.212254 0.096346 0.132418 0.055315 0.052180 0.086596 0.321758 0.209691 0.083774 -0.212165 -0.044099 -0.113730 -0.343566 0.024764 -0.020585 0.293089 -0.187688 -0.180416 -0.014866 -0.167477 -0.259108
-0.120946 -0.025925 -0.275676 -0.098369 -0.054304 -0.174264 -0.169226 -0.624106 0.319911 -0.051758 -0.189101 -0.135598 -0.091325 -0.144577 -0.225249 -0.286800 -0.129660 0.233281 -0.180865 -0.390901 0.150588 -0.000848 -0.065557 -0.030226 -0.111104 -0.197139 -0.136304 -0.063767 0.078465 -0.079440 -0.038897 -0.174085 -0.203269 -0.101262 0.209319 -0.217327 -0.306610 0.014615 -0.085200 -0.173708 -0.271385 -0.220622 -0.042369 -0.205521 -0.206415 -0.259869 -0.072312
0.021215 -0.139325 -0.881302 -0.257305 -0.266232 -0.498609 -0.162809 -0.336379 -0.090388 -0.289206 -0.383799 -0.270979 -0.307537 -0.209180 0.027784 -0.090844 -0.457114 -0.589586 -0.287665 -0.198572 -0.228011 -0.329551 -0.374229 -0.517127 -0.090989 -0.282623 -0.042306 -0.102699 -0.386654 -0.252588 -0.232005 -0.300434 -0.355873 -0.471676 -0.290366 -0.468972 -0.220403 -0.503840 -1.266667 -0.550538 -0.384980 -0.122488 -0.222223 0.065993 -0.433139 -0.085059 -0.457399
0.197430 0.114463 -0.246939 -0.301756 -0.186488 -0.001745 -0.143534 -0.601073 0.184142 -0.677557 -0.001069 0.341319 0.076782 0.114006 0.318073 0.242788 -0.047650 0.077781 -0.047715 -0.295269 0.082994 0.025752 -0.062491 -0.047772 0.207609 0.300762 -0.202340 0.172841 0.064937 0.145859 0.111331 -0.020545 -0.098782 -0.028883 -0.188616 -0.352042 -0.126489 0.097339 -0.140153 0.112676 0.246932 -0.208157 0.000834 0.128710 -0.223048 0.182898 0.245792
0.129489 0.053836 0.228349 0.353613 0.004261 -0.081154 -0.296123 -0.152775 0.022365 -0.072184 -0.241563 -0.032477 0.077922 -0.015680 -0.280747 0.172464 -0.027756 -0.241569 0.046422 0.215866 -0.102843 0.035146 -0.280628 -0.354759 0.179442 -0.061841 0.125978 -0.488355 0.122417 -0.240156 -0.359171 -0.011707 -0.319318 -0.061873 -0.297666 0.171140 -0.032459 -0.101502 0.175315 0.019236 0.057742 -0.028210 -0.010590 -0.449495 0.301894 -0.560994 0.018328
0.041223 -1.637205 -0.097624 -0.008856 -0.571630 -0.040737 -0.000249 -0.885376 0.031567 -0.488169 -0.247995 -0.271172 -0.383575 -0.745501 -0.158999 -0.080116 -0.491533 -0.491951 0.129990 0.367825 -0.808077 0.042139 0.228040 0.022406 0.027023 -0.089006 -0.371507 -0.376357 0.308983 -0.077001 -0.142718 -0.570426 -0.418997 0.138639 0.058548 -0.088251 -0.231041 -0.222394 -0.205468 0.427039 -0.165346 -0.180382 -1.220693 0.067957 -0.275549 -0.158428 -0.158040
-0.027615 0.042571 -0.212600 -0.013782 0.271140 0.244527 -0.083737 -0.306348 -0.031556 0.126931 0.147593 0.185038 -0.183463 0.088709 -0.157302 -0.045203 0.121972 -0.049712 -0.154054 -0.005982 -0.173548 -0.021765 -0.124997 0.138165 0.046079 -0.548663 0.324885 -0.006197 0.204091 0.093584 -0.112360 -0.328177 0.072361 -0.252923 0.292919 -0.324840 -0.061208 0.012365 0.009325 -0.257656 -0.081814 0.166907 -0.240698 -0.309640 0.060162 0.112804 -0.404783
0.146398 0.166252 -0.045113 0.215032 -0.049922 -0.096430 0.088142 0.056190 -0.298448 -0.041400 0.050899 -0.092436 -0.139640 0.088014 -0.133807 -0.182251 0.052087 -0.118182 -0.177961 -0.053324 0.030853 0.113134 -0.100734 0.032552 0.155622 -0.054885 -0.059287 0.113576 -0.097926 0.137601 -0.054947 0.020134 -0.064559 0.046778 -0.012609 -0.247613 0.185349 0.049362 -0.142389 -0.032693 -0.062636 0.178746 0.013067 0.060440 -0.018542 -0.074929 0.157222
-0.095332 -0.033414 -0.047230 -0.574853 -0.402320 -0.245725 0.059196 0.069361 -0.465376 -0.296168 -0.219425 0.155527 -0.464432 -0.148548 -0.469505 0.075348 -0.713414 -0.231510 -0.265418 -0.466865 -0.151001 -0.066580 -0.064333 -0.063414 -0.189089 0.115076 -0.050840 -0.265717 -0.106517 -0.123118 -0.260957 -0.090423 -0.142953 0.031714 -0.191550 -0.401679 -0.459149 0.036705 -0.198111 -0.228855 0.013522 -0.139067 0.226847 -0.315127 -0.208372 -0.312396 -0.206772
-0.049463 0.019175 -0.367824 0.127257 -0.120048 0.175955 0.148891 -0.390815 0.108410 -0.162283 -0.246848 -0.091823 -0.046135 -0.101218 -0.252861 -0.242207 0.254372 0.184149 0.084756 0.055219 -0.023608 -0.053452 0.131569 0.078444 -0.018211 -0.480630 -0.204367 -0.283353 -0.084133 -0.150944 0.056670 -0.118503 -0.087571 -0.196215 -0.098817 -0.289983 -0.037979 0.079760 0.451881 -0.177863 0.068989 -0.113255 0.019512 -0.041406 -0.256304 -0.455216 0.089321
-0.198600 -0.274347 -0.144105 -0.083371 -0.063157 0.232133 -0.208037 0.140840 0.215373 -0.041034 0.102217 0.074750 -0.376289 0.362018 0.024986 -0.092472 -0.286042 -0.166255 -0.244577 -0.160896 0.067907 -0.172375 0.218920 -0.159614 -0.165332 -0.137827 -0.133211 -0.127020 0.016365 -0.063256 0.040010 0.157467 -0.211986 0.094739 0.032065 0.097519 -0.215685 0.123227 0.263474 -0.180272 -0.169806 -0.192670 -0.065520 0.085531 -0.011821 0.045086 0.015022
-0.279508 0.131565 -0.051872 0.136203 0.048400 -0.118454 -0.365984 0.122978 -0.192184 0.078285 0.138380 -0.029452 -0.143567 -0.223483 -0.150698 0.074322 -0.450935 -0.154425 0.214538 -0.008566 0.255273 0.209134 -0.601690 -0.071311 -0.334442 0.164039 -0.118693 0.292824 -0.158064 0.104225 -0.282687 -0.204453 -0.073314 0.324967 0.188909 0.012002 -0.105435 -0.196459 -0.175414 -0.159684 0.078911 0.109462 0.038624 0.065091 0.101668 -0.004540 -0.069262
0.134639 -0.165214 -0.182642 -0.776014 0.181298 -0.005203 -0.422717 -0.244789 -0.113895 -0.053597 0.098473 -0.112316 -0.338692 -0.024428 -0.456573 -0.337106 -0.337564 0.245418 -0.081660 -0.025971 0.176844 -0.246322 -0.089769 0.213619 0.097300 -0.243597 0.099699 0.217173 0.258920 0.082364 0.145133 0.172081 0.151200 0.108741 -0.081997 -0.347810 0.016566 -0.349751 0.215136 -0.008403 -0.143528 -0.168734 0.037796 0.186829 0.049768 -0.026512 -0.316719
-0.169315 -0.282331 0.103626 -0.079705 -0.226646 -0.310777 0.113182 -0.348025 0.096188 -0.645816 -0.035344 -0.027538 0.153572 -0.046495 -0.155260 0.029303 0.164191 0.018582 -0.134130 -0.149723 0.342231 -0.218747 0.195706 0.076361 -0.185396 0.170708 0.191116 0.244157 -0.187321 -0.224822 0.022028 -0.000612 -0.031253 0.248109 -0.054917 0.141208 0.009030 0.071095 -0.013489 0.080455 0.041922 0.327469 0.063699 0.083805 0.171968 0.231605 -0.181688
0.226238 -0.128847 -0.455864 -0.179368 -0.293918 -0.087657 0.059897 0.190298 -0.072820 -0.059169 -0.024108 -0.154937 0.041056 0.031687 -0.381167 -0.566906 -0.123920 -0.017249 -0.263849 -0.240767 0.235104 -0.100303 0.347520 0.116237 0.214661 -0.166980 0.323881 -0.185283 -0.385218 -0.029903 0.235547 0.153006 0.023607 0.119670 -0.232480 -0.108227 0.394596 -0.088335 0.202076 -0.315577 -0.177303 -0.102311 0.005367 0.047533 0.032990 -0.109751 0.130692
0.136629 -0.382634 -0.289005 -0.225440 -0.095763 -0.002359 -0.194381 -0.079759 -0.029239 0.054494 0.080622 0.185001 0.028737 0.136449 -0.353345 -0.076220 -0.228503 -0.092715 -0.374404 -0.369986 -0.133859 -0.514608 -0.002484 -0.117298 0.144749 0.436213 0.090949 0.173935 -0.303966 -0.109179 -0.011366 -0.299416 0.072913 -0.501098 -0.115004 -0.164702 0.226558 0.539088 0.375646 0.236385 -0.058241 -0.021437 0.004988 0.077498 0.033537 -0.065993 -0.104488
-0.468390 -0.015467 0.146254 -0.439867 -0.196137 -0.283739 -0.671114 -0.284141 -0.601349 -0.186312 -0.429084 -0.705312 -0.078690 -0.226905 -0.790591 -0.194177 -0.571183 -0.223172 -0.033360 -0.542204 0.037309 0.006580 0.275157 0.235553 -0.099731 0.199832 0.091924 0.170664 -0.309414 -0.169756 -0.150769 0.139171 0.305212 0.021138 0.294307 -0.667900 -0.319146 -0.453482 -0.035987 0.079987 -0.191404 -0.140377 -0.327131 0.180374 -0.089326 0.145147 -0.322604
0.079222 0.156780 -0.197352 -0.124454 -0.063969 0.013473 0.087102 -0.025144 -0.026409 0.003610 -0.259220 -0.232979 0.108084 -0.229472 0.106839 0.006521 0.024958 -0.124473 0.134195 0.080943 -0.386593 0.062174 -0.290827 -0.429999 0.020383 -0.174812 -0.341791 -0.462492 0.125008 -0.011616 -0.103841 0.156338 -0.736110 -0.709941 -0.070806 -0.350096 -0.610653 0.034340 -0.118746 0.184968 -0.005805 -0.158058 -0.259389 -0.315023 -0.174266 0.340837 0.097058
-0.207561 -0.586420 -0.275204 -0.153964 0.072698 0.020827 0.203895 -0.320590 -0.166706 -0.102862 0.089085 0.268878 0.050919 -0.190329 0.209023 0.017409 0.157257 0.253655 -0.444885 -0.415330 0.252188 0.114491 -0.061893 -0.144530 -0.240373 0.077815 0.024288 0.264475 -0.085065 -0.076188 -0.218789 -0.360988 0.002052 -0.442606 0.030894 -0.367170 -0.247467 0.193783 -0.076834 -0.025847 0.072396 0.015975 0.265318 -0.177909 -0.014317 0.151814 -0.019153
0.234431 -0.165641 0.165367 -0.029414 0.108425 0.000143 -0.130149 -0.103509 -0.281641 -0.204946 0.143883 -0.037762 -0.025319 0.134026 0.050060 0.059891 0.098176 0.219308 0.012486 -0.164580 -0.106872 0.121126 0.096025 -0.166997 -0.102024 -0.222670 0.163563 0.111395 0.079188 -0.032909 0.069259 0.081622 0.212972 0.234603 0.084934 -0.135605 -0.041885 0.067429 -0.122711 -0.220488 -0.088017 -0.053986 -0.073880 0.123591 -0.053675 0.135237 -0.049880
-0.219164 0.075133 -0.314391 0.087940 -0.148406 -0.104996 -0.030600 -0.115554 -0.062777 -0.168210 -0.287265 0.173671 -0.130923 0.038255 -0.269653 -0.165680 -0.194629 -0.379323 0.083248 -0.275251 0.111172 -0.124146 0.192056 0.080827 0.078757 -0.099724 0.203345 0.203578 -0.077708 -0.089649 -0.159761 -0.074119 -0.059053 -0.053196 -0.240948 -0.229230 -0.063829 -0.127404 -0.064578 -0.143458 -0.110927 -0.089970 -0.050834 -0.068466 0.149846 -0.091611 0.065997
-0.266429 0.081132 0.184887 -0.030540 0.210520 0.130553 -0.297272 0.217174 -0.021360 -0.194199 -0.281818 -0.469130 -0.154266 -0.169997 -0.450934 -0.018548 -0.405628 -0.014424 0.091576 0.071008 0.043724 0.113634 -0.191409 0.170260 -0.365386 -0.203972 -0.048951 -0.013172 -0.062819 0.382182 0.154515 0.418962 0.242171 0.037327 0.034383 0.018325 -0.353717 -0.070053 -0.060423 -0.142021 -0.103987 -0.337768 0.040217 0.109035 -0.233903 0.125758 0.257352
-0.063711 -0.085594 0.107606 -0.154850 -0.421782 0.115283 0.220039 0.137462 -0.218746 0.140317 -0.345805 -0.431601 0.027500 -0.206646 0.063176 -0.185429 -0.194034 -0.283700 -0.179615 -0.191506 -0.314038 -0.394422 0.154579 -0.050781 -0.059096 -0.318300 -0.563545 -0.160779 -0.005767 0.093560 -0.230032 -0.302395 -0.538604 -0.421867 -0.129974 0.061439 0.182237 0.050133 -0.073033 0.098311 -0.103416 0.166924 0.138826 0.401882 0.043493 0.081096 0.221173
0.150045 0.037788 -0.199164 -0.278734 0.473534 0.271594 0.250893 -0.305238 -0.126033 0.514109 -0.008529 -0.012555 0.118362 -0.085286 0.184141 0.155374 0.195921 0.029262 -0.068854 -0.347268 -0.263547 -0.058377 -0.109232 -0.465595 0.168519 -0.044535 0.115530 -0.195835 0.125138 -0.428154 -0.064874 -0.039933 -0.256705 -0.518813 -0.349867 -0.379908 0.072429 0.108954 -0.286189 -0.046160 0.183903 0.307674 0.139587 -0.345315 0.117865 -0.270914 -0.119578
