0.144503 -0.234575 0.119201 -0.500323
-0.224034 -0.747273 0.014663 0.113146
0.065815 -0.020141 -0.295853 -0.012648
0.126939 0.309337 0.316840 -0.046530
0.378619 -0.290106 0.189163 -0.522056
-0.054158 -0.049066 -0.017106 -0.304494
0.201773 0.689244 -0.018840 -0.572006
0.481120 0.054436 -0.445382 -0.535977
0.171427 0.015661 -0.291783 0.397836
0.531949 0.402394 0.017196 -0.034327
0.724124 0.145309 -0.605286 -0.035248
0.038014 -0.260774 -0.292704 0.165055
0.416848 -0.249843 -0.107956 0.672295
0.184504 0.012175 -0.172611 -0.248784
0.271946 0.575598 0.071687 -0.297651
0.195612 -0.005994 -0.244386 -0.463986
0.071188 0.103171 0.064703 -0.079252
-0.248898 1.091752 -0.446411 0.067335
-0.509211 0.611764 0.227324 -0.390397
-0.492302 0.399207 0.344392 0.283303
0.028911 0.369556 0.185735 0.028923
-0.542419 0.080318 -0.209265 -0.104943
0.011187 0.313259 0.178322 -0.053237
0.416531 0.564738 0.383072 0.397457
-0.232322 0.082085 -0.162192 -0.012316
-0.446272 -0.573604 -0.153961 0.111705
0.006360 0.313976 0.013978 0.275982
0.100271 -0.285831 -0.621154 0.310020
0.535656 -0.037248 -0.256363 0.275848
0.204237 -0.740328 -0.457138 0.287879
0.135482 -0.109041 0.303965 0.189254
0.189583 -0.676510 0.022874 0.096167
0.219311 -0.529969 -0.017245 0.697448
-0.253143 -0.721803 0.289437 -0.206571
-0.178339 -0.376678 -0.017357 0.626280
0.414671 -0.455620 -0.036363 -0.021682
-0.044400 -0.240817 0.081222 0.300071
-0.399392 0.287540 0.243836 -0.101108
0.140787 0.618917 0.640657 0.360412
0.275829 0.358821 0.120554 0.053991
-0.207227 0.355571 -0.099506 -0.175421
0.518882 -0.518495 -0.285973 -0.534985
0.267233 -0.037185 -0.263452 -0.633838
0.034026 0.101627 -0.317067 -0.740694
-0.318758 -0.548605 0.137075 0.337809
0.118231 0.497993 0.105822 -0.115743
-0.890750 0.103550 0.041337 0.011337
0.343187 0.301867 -0.017570 -0.131663
0.202656 0.155427 -0.756615 -0.735034
0.249662 -0.100324 -0.256155 -0.227419
0.406469 -0.006429 -0.604899 -0.861639
-0.137423 -0.123945 -0.386650 0.101344
0.689811 -0.026964 -0.373304 -0.346082
-0.112455 0.021646 -0.939198 -0.456637
0.391240 -0.024127 0.152204 -0.360710
0.282702 -0.090136 0.118350 -0.427756
0.430536 0.207285 0.074405 -0.382025
-0.070300 -0.198831 0.276505 -0.384675
0.327824 0.350854 0.160647 -0.169022
0.148616 0.151658 -0.623790 0.824397
0.761613 0.571927 0.297205 0.410574
0.240136 0.218247 0.221650 0.166098
0.396706 0.332869 -0.326010 0.044368
0.070270 0.003341 -0.168889 -0.167635
-0.234313 -0.085706 0.136359 -0.095120
-0.792269 0.365982 -0.471193 -0.997353
-0.027533 -0.229537 0.182551 -0.373860
-0.385095 0.284442 0.476891 -0.253155
-0.164329 0.044359 0.287305 0.055225
-0.202610 0.068993 0.250573 -0.786851
-0.409554 0.131037 0.786344 -0.180339
-0.337950 -0.034175 0.217193 -0.132135
0.017569 0.005986 -0.203223 0.011349
-0.178441 0.002376 0.170246 0.225747
-0.037352 0.213876 -0.204972 -0.317483
-0.069458 -0.281542 -0.310078 0.001459
-0.168809 0.049444 -0.346240 0.144272
-0.319880 -0.112833 -0.086767 -0.001785
-0.050652 0.250337 0.552904 0.193789
-0.340804 -0.245477 -0.069319 -0.072610
0.091193 0.175313 -0.143476 0.100515
0.476451 -0.073726 -0.146612 0.048411
-0.019833 0.412487 -0.527428 -0.349213
0.505176 -0.073366 0.002704 -0.518883
-0.098922 0.132626 0.182283 -0.595338
-0.333880 -0.522296 0.406516 -0.740609
0.393731 -0.339411 -0.368255 -0.228711
-0.671078 0.168090 -0.034556 0.084590
-0.414671 0.151356 -0.689158 -0.263158
-0.103409 -1.150992 0.413603 0.234844
-0.097679 -0.335260 0.541447 0.581870
0.631609 -0.155005 -0.048385 0.218408
0.407204 -0.598073 -0.254976 -0.258723
0.267414 -0.291959 -0.758087 0.460470
0.115957 0.042348 -0.244249 0.298903
-0.384984 0.078378 0.064148 0.450888
-0.050435 0.320762 -0.573301 0.308853
-0.006458 0.571137 -0.380561 0.090647
0.226932 0.731883 0.023564 -0.249901
0.081968 0.289969 0.441292 -0.264683
0.631967 -0.218492 -0.334256 0.034575
0.227752 0.055098 -0.175462 0.075590
0.201148 -0.044628 0.281984 -0.318666
-0.077091 0.220042 0.291301 0.219068
-0.482197 -0.277809 -0.074913 -0.118782
-0.322067 0.261522 0.178984 -0.581081
-0.826970 -0.289832 -0.269995 -0.015103
-0.299567 0.297762 0.208993 -0.867483
-0.094556 -0.241576 0.284136 0.354757
-0.244795 0.007012 0.540767 0.122255
-0.272658 0.193521 0.368833 0.408958
-0.153748 -0.628037 -0.037559 -0.127626
-0.278904 0.253135 0.301129 0.355598
-0.207179 -0.218619 0.530383 -0.051026
-0.029033 -0.352423 -0.174099 0.043792
-0.162311 -0.011794 0.776485 0.048825
0.382201 -0.370418 -0.013119 -1.002526
-0.188685 -0.134323 -0.399090 -0.143234
-0.185807 -0.299513 0.011358 0.062760
0.022098 -0.602130 0.263697 0.213174
-0.558855 0.164142 0.587959 0.155040
0.169516 -0.042399 0.163790 -0.042893
-0.101185 0.363143 -0.060414 0.242768
-0.023173 -0.144214 0.027014 -0.044895
0.104649 0.174855 0.029280 -0.086924
-0.002711 0.114180 -0.432433 -0.047639
-0.178501 0.142058 0.310556 0.233619
0.429959 -0.242035 0.153697 -0.266644
0.300196 0.065163 0.119018 0.438014
-0.126744 -0.388605 -0.064871 0.212426
0.320284 -0.453602 0.080958 0.340454
-0.047669 -0.039847 -0.026074 0.372327
0.165855 0.294772 0.246010 0.024129
0.164118 0.544614 0.286360 -0.541110
0.232617 0.395925 -0.044474 -0.449240
0.372968 -0.567676 -0.719007 -0.237702
0.300081 0.069107 -0.421140 0.061839
0.159101 -0.134233 -0.129658 0.674558
0.023668 -0.346813 -0.141068 -0.195255
-0.115904 0.015833 0.110338 0.199316
0.358847 0.217903 0.821908 -0.136381
0.186614 0.018103 0.544180 -0.672125
-0.433521 -0.177198 0.382881 -0.206125
-0.702169 -0.127715 -0.004859 0.542538
0.055916 0.013221 -0.520861 0.005410
-0.344596 0.053739 -0.503622 -0.051301
0.206152 -0.465208 -0.088701 0.207700
0.462428 -0.569330 0.045825 0.145198
0.215339 -1.024841 0.193575 -0.071706
0.868271 -0.865363 0.036091 0.307683
0.422902 -0.384197 0.161631 -0.306035
0.013044 -0.596277 -0.296039 -0.327565
0.306259 -0.856382 0.112282 -0.053074
0.964362 -0.458408 -0.140591 -0.132093
0.557443 -0.173173 0.080768 -0.086500
0.404353 -0.176253 -0.199800 0.083417
0.461559 0.082525 0.382423 -0.114386
0.613136 -0.473628 -0.026253 0.030266
0.410630 0.364009 0.337710 -0.492554
0.545599 0.473378 -0.358866 -0.814673
-0.075230 0.882371 -0.367768 -0.325107
-0.111734 0.118490 -0.878923 -0.700401
0.070019 0.345009 -0.187914 0.499539
0.095881 0.524340 -0.113367 -0.260055
0.286036 0.414514 -0.189451 -0.014183
-0.284586 0.584711 -0.549010 -0.409494
0.210673 0.246095 -0.033307 -0.032150
-0.080389 0.082712 -0.256206 -0.326745
