0.020384 0.033121 -0.031959 0.409143
0.365398 0.430333 -0.417770 -0.031814
0.093084 -0.381406 -0.023055 0.699785
-0.101693 -0.215639 0.001316 -0.030976
-0.246884 -0.326087 -0.112196 0.477016
-0.296061 -0.276397 -0.050614 -0.068113
-0.828402 -0.167242 -0.148166 0.402215
-0.417991 0.116735 -0.115536 -0.169368
0.518329 0.377226 -0.280921 -0.213414
0.217299 -0.045611 -0.340134 -0.214323
-0.261840 -0.472804 -0.190604 -0.310434
-0.130979 -0.058852 0.311325 0.018576
0.020748 -0.257987 0.262586 -0.129472
-0.383053 0.134950 0.208708 -0.133195
0.038891 0.123325 0.070496 -0.089805
-0.014390 0.250437 0.201549 -0.232547
0.025212 0.186849 -0.266967 -0.055383
0.147371 0.314612 -0.230485 0.138117
-0.496486 0.421279 0.292492 -0.165904
-0.252242 0.280646 -0.068328 -0.351441
-0.596068 0.587051 -0.145995 -0.193055
0.016868 0.093603 -0.249763 -0.174125
-0.017795 0.584266 0.054728 -0.061561
0.648499 0.265994 -0.201596 -0.552334
0.372660 -0.215595 0.063647 0.362730
-0.221189 0.075268 -0.212618 0.155686
0.148969 -0.040190 0.143862 -0.072635
0.211794 0.211439 -0.472320 0.188444
-0.361642 -0.322956 -0.193565 -0.504602
0.301608 0.200720 0.295341 -0.593295
0.215775 0.264140 0.070048 -0.138759
0.279811 -0.124246 1.018155 -0.063142
-0.337150 0.427963 1.022439 -0.269142
0.166917 0.844284 0.376226 0.628287
0.086203 0.308121 0.711612 0.813731
0.094724 0.605561 -0.424581 0.334781
0.087676 0.068639 -0.560999 0.268386
-0.493332 0.150788 -0.328485 0.124201
-0.183315 -0.015231 0.079946 -0.286280
0.302941 0.474787 -0.190556 -0.304724
-0.224108 -0.335334 0.491732 0.045563
-0.206119 0.099537 -0.195134 0.248399
0.196301 -0.239895 -0.237712 0.058428
-0.011765 0.118010 0.330486 0.004794
-0.250329 0.245978 -0.158134 -0.431283
-0.382489 -0.212377 -0.086800 0.025978
0.142954 0.186880 -0.300998 0.424047
-0.051468 -0.046275 -0.168743 0.250844
-0.004752 -0.033639 -0.138213 0.296723
-0.566190 -0.255973 0.169666 0.390565
-0.558265 -0.333483 0.292865 0.269816
-0.517578 0.095576 0.065144 0.409750
-0.417221 -0.001550 0.274836 0.279023
-0.462295 -0.019694 -0.203275 0.192762
-0.353775 0.259261 -0.208601 0.401597
-0.896375 -0.088720 -0.052254 0.353988
-0.244994 -0.034163 -0.104565 0.052465
-0.509282 0.234177 -0.323748 -0.259486
-0.988000 -0.243400 0.035160 -0.105899
-0.410634 0.011201 0.241160 -0.019968
-0.599333 -0.093409 0.210472 0.128718
0.559004 0.105632 -0.056595 -0.115894
0.300823 0.309108 0.491987 -0.198422
0.373950 0.449402 0.221623 0.103043
0.742828 0.244284 -0.111616 0.265454
0.247031 0.178339 -0.353708 0.539327
-0.156193 -0.234255 0.757385 0.287671
-0.162765 -0.186187 -0.200319 0.117203
-0.358268 -0.129701 0.099330 0.398112
-0.608155 -1.035491 0.240125 0.645393
-0.037080 -0.876532 0.201834 0.206516
-0.518532 -0.518994 -0.242189 0.692768
0.249640 0.128856 0.909394 -0.278939
-0.045120 -0.061318 -0.193901 0.262888
0.574090 -0.069401 0.206596 0.722983
-0.332665 -0.184983 0.413551 0.103260
-0.037566 -0.471826 -0.180215 0.473745
0.001572 0.056738 0.194323 0.564374
0.144795 -0.654556 -0.133795 0.668822
-0.140809 -0.113879 0.608715 0.555414
-0.309753 -0.555133 -0.272043 0.492650
0.478581 -0.621233 0.287043 0.647537
-0.187170 -0.457768 0.655588 0.421259
0.220103 -0.063205 0.169030 -0.092508
0.021200 -0.349515 0.166339 0.295065
-0.081772 0.315252 0.527146 -0.216847
-0.070870 -0.165630 0.227432 0.133197
-0.154456 0.168562 0.768494 -0.264654
-0.011944 -0.007576 -0.257033 0.055923
-0.159185 -0.150265 0.583661 0.016274
-0.220099 0.311253 0.048391 -0.038253
-0.127775 -0.415964 0.089486 -0.368890
-0.117469 -0.178887 -0.161293 0.179861
0.196411 0.081692 0.091151 0.168933
-0.263239 0.253082 -0.225320 -0.084172
-0.369369 -0.139764 -0.615013 0.036064
0.023058 0.106350 -0.217617 0.261547
-0.109532 0.139390 -0.272723 0.391354
0.219145 -0.136618 -0.222566 0.019956
0.025745 0.172222 -0.553706 0.254418
-0.199409 0.038568 0.018506 0.005986
0.342583 0.224985 -0.495381 -0.484913
0.169232 -0.382554 -0.448623 0.084223
0.727269 0.406219 -0.162036 0.122181
0.621626 -0.071244 0.036688 -0.171585
0.885896 -0.054398 0.272345 0.424154
0.906095 -0.265931 0.680559 0.523272
0.410296 0.511225 0.370000 -0.060893
-0.432476 -0.101438 0.167284 0.229601
-0.313308 -0.051105 0.322433 0.542058
-0.519987 0.020403 0.150017 -0.266508
-0.209503 -0.012992 0.359477 -0.302093
-0.669326 -0.083266 0.194260 -0.003152
0.374446 0.165524 0.056853 -0.017591
-0.046577 0.093822 0.382787 0.053502
-0.337300 0.074807 0.194534 -0.376274
0.331169 0.084319 0.187110 -0.350305
-0.266589 0.289576 0.032616 0.110220
0.307101 -0.469840 0.803067 0.169682
0.846633 0.166373 -0.312483 -0.380898
0.079355 0.576137 0.173927 0.346148
0.028364 0.136619 0.640140 -0.020717
0.266765 -0.018447 -0.240609 -0.059554
-0.429452 0.126940 0.179478 0.303707
-0.343563 0.417387 0.013568 0.097550
-0.130998 -0.096367 0.609113 0.158375
-0.436976 -0.245857 0.196122 -0.274069
-0.085206 0.372154 -0.000450 0.305984
-0.366053 0.234825 0.066432 -0.320392
-0.139797 0.427870 -0.121470 0.456136
0.256383 -0.568082 0.011271 -0.417291
0.284056 0.175594 -0.162279 0.047065
0.139202 -0.959332 0.171492 -0.390231
0.545672 -0.546255 -0.421125 0.180570
0.269798 0.869818 0.198388 0.386541
-0.208472 0.329376 0.289675 0.184688
0.452853 0.116308 -0.132864 0.129785
0.134281 0.036103 -0.208565 0.190468
-0.057983 -0.333243 -0.376440 -0.531967
-0.202788 -0.084972 0.389660 -0.387051
0.143205 -0.099457 -0.322691 0.093107
-0.327949 0.224607 -0.085801 0.540214
-0.048227 -0.120436 -0.122814 -0.658026
-0.422345 -0.138280 0.283711 0.255172
0.599206 -0.826326 0.288746 -0.490972
0.108196 -0.417426 -0.525142 -0.547006
0.199775 -0.443456 0.415068 0.313302
0.008507 -0.501547 -0.283513 0.151578
0.690345 -0.798877 -0.208165 -0.091080
-0.363311 -0.247719 -0.401268 -0.052793
-0.088471 -0.820459 0.210913 0.169909
0.116681 -0.478645 0.054490 0.440150
0.374193 0.037529 -0.110028 -0.437608
0.192474 0.354128 -0.113745 -0.138549
-0.220427 0.352118 0.041239 0.088017
-0.004742 0.338688 0.515288 -0.321309
-0.496954 -0.001624 0.035810 -0.414071
0.159544 -0.128739 0.130480 -0.175108
0.030648 -0.000624 0.273834 0.119286
0.336380 -0.427313 -0.076834 -0.022782
0.101263 0.058657 -0.495527 0.292226
0.130411 0.003337 -0.050585 -0.272855
-0.060035 0.100850 -0.061779 0.155149
0.273577 0.245209 -0.020424 0.312370
-0.033545 -0.105847 0.756539 0.098332
0.268753 -0.007871 0.077945 0.225681
0.332605 0.108524 -0.138086 0.509444
-0.168269 -0.169209 0.314615 0.322217
