0.361886 0.241568
-0.588422 0.890152
0.212554 -0.023946
0.130477 -0.032532
0.265925 0.396966
-0.380522 -0.232130
0.043321 -0.033359
-0.814828 -0.296698
-0.425495 0.864780
-0.831991 0.663702
0.014463 0.550734
-1.352401 0.585469
-0.358060 -0.234184
-0.268644 0.094486
-0.293505 0.376968
0.139254 -0.558853
-0.406531 0.402980
0.167194 -0.343626
0.154279 0.217954
0.109378 0.092475
0.051577 -0.371552
-0.276852 0.518701
-0.212079 -0.249671
0.321568 -0.103666
-1.296153 -0.259229
-0.530701 -0.334953
-0.444939 -0.446571
-0.261260 0.098269
-0.012891 -0.615347
-0.543036 -0.636195
0.223273 0.145188
0.264758 0.033055
-0.250187 0.574905
-0.308748 0.350358
-0.470436 -0.045375
-0.940643 0.126823
0.141238 0.622661
0.281035 -0.720811
0.838946 -0.889486
-0.144994 -0.023608
0.830926 -0.031089
-0.454794 1.414032
-0.096008 0.353463
0.693145 0.141520
0.053669 0.367708
-0.594058 0.496868
0.032235 -0.935494
-0.140308 0.043646
-0.274114 0.340690
0.924673 1.024931
0.281725 0.168601
0.069465 1.400147
-0.068662 1.072811
-0.975307 0.617878
-0.131319 0.670535
0.672802 0.784170
0.563168 0.338946
-0.028481 -0.304495
-0.435727 -0.626425
-0.205341 -0.852588
-0.324537 0.996990
0.192805 -0.502649
0.204661 -0.856505
-0.159114 -0.116134
0.427368 0.292443
0.285382 0.470643
0.420633 -0.133668
-0.350551 0.118189
-0.543018 -0.250108
-0.354509 -0.034589
-0.092736 0.036633
0.233358 0.404158
-0.291717 0.415159
-0.228684 -0.890728
0.247955 0.795185
0.091449 0.725949
0.054171 -0.625880
0.550240 0.154797
0.649664 -0.003144
0.043511 -1.147133
0.709145 -0.570660
0.573869 0.283674
0.353493 0.457807
0.155288 1.058414
