-0.480548 0.044390
0.788757 -0.233979
0.559012 -0.029480
-0.004989 0.189290
0.050753 -0.354020
1.104809 -0.141417
0.413019 -0.093472
0.424087 -0.147871
0.193976 -0.384483
0.797756 -0.212148
0.084914 0.003737
0.049792 0.233604
-0.016358 -0.163705
0.021185 0.270798
-0.452459 1.059678
-0.201348 0.131858
0.493489 -0.745851
-0.541744 -0.813445
0.183633 -0.067864
0.383943 0.665194
-0.291018 0.585598
-0.308049 0.051785
-0.086698 -1.072430
0.090016 0.520823
-0.026109 -0.289695
0.407595 0.407167
-0.064465 0.244606
0.024547 -0.182537
0.145563 -0.016052
-0.002237 0.641132
-0.182571 0.282577
0.166094 0.166640
0.553145 -0.610992
0.427450 -1.092111
-0.090989 0.447997
-0.201994 0.667805
-0.889759 -0.460097
-1.032908 -0.072683
0.191211 0.507206
-0.390694 0.197069
-0.509262 0.189488
-0.400614 -0.021231
-0.555833 -0.826290
0.148306 -0.020247
-0.518841 0.133889
-0.259490 0.665436
-0.155273 -0.329362
0.254869 -0.046818
0.337139 0.502999
-0.213724 0.063258
0.114602 -0.435086
-0.076362 0.279457
0.243299 0.287490
-0.246535 -0.319531
-0.100797 0.375632
0.060552 0.252703
0.268193 0.314482
0.403581 0.753783
-0.271042 0.214505
-0.885183 -0.665676
-0.307839 0.837662
1.582116 0.377480
1.442166 -0.238475
0.719304 -0.556309
0.035287 -0.381220
0.122478 -0.927682
-0.454877 -0.424211
-0.512259 0.439606
-0.164491 -0.273850
0.065825 0.249076
-0.055678 0.533896
0.152247 0.070747
0.145959 0.368855
-0.114255 0.524311
0.144199 -0.558293
-0.554649 0.261359
-0.082460 0.091653
-0.187800 0.447185
0.023921 0.054215
0.469752 -1.332093
0.294117 -0.048258
-0.331118 0.508003
-0.245647 0.166898
-0.865778 -0.186720
