-0.296793 0.522029
-0.257130 1.072422
0.229928 0.267895
0.026257 -0.416205
0.135847 -0.560524
-0.938945 -0.149715
-0.019683 0.484089
0.354737 0.077199
0.323545 0.578139
0.199948 0.067388
-0.100946 0.550865
-0.312139 -0.824835
-1.119105 0.431460
0.195835 0.787613
-0.485203 0.442180
-0.990278 0.147379
-0.081143 -0.619025
0.480844 -0.469738
0.034517 -0.563441
0.176417 -0.471798
0.234629 0.733751
-0.163238 0.770798
0.251155 -0.273506
-0.222334 -0.070114
-0.266814 -0.385941
-0.785260 1.035103
0.234658 0.164573
-0.146654 -0.304353
-0.093663 -0.278786
0.524473 -1.387097
-0.017750 0.199893
-1.104914 0.174033
-0.224180 0.343414
-0.248938 0.594579
-0.406811 0.017396
-0.096307 -0.614661
0.286575 -0.108239
0.492457 0.142542
-0.736698 -0.232330
0.438473 0.747089
0.026860 0.065542
-0.002726 -0.582740
-0.504951 -0.524190
-0.419721 0.225524
0.213858 -0.301182
-0.044229 0.685255
0.412199 0.548140
0.061568 -0.909131
0.303916 0.367278
0.976461 -0.152359
0.235737 -0.407778
1.123091 0.545374
0.735034 0.064129
0.016647 0.035078
0.969881 -0.056045
0.048162 -0.683402
-0.328154 -0.319368
-0.461473 0.976431
-0.821598 0.365677
0.445273 -0.685810
-0.035548 0.556164
0.220967 0.773887
0.044871 -0.249459
1.017751 -0.336701
0.224385 0.048220
0.312393 0.322504
-0.183787 -0.038963
-0.075934 -0.547381
-0.629581 0.157917
0.567305 1.274540
-0.245321 -0.467272
-0.116827 -0.440454
0.196953 0.405279
-0.133589 0.909977
0.447082 0.445223
0.064313 0.678374
-0.353416 0.736014
0.309376 0.780844
0.700931 0.217560
0.332539 -0.884858
0.570038 -1.084668
0.739963 -0.123577
-0.131721 -0.236059
0.569315 -0.706712
