-0.049041 -0.286158
-0.095310 -0.257002
-0.224975 0.261069
0.098298 -0.582710
0.422395 0.229870
-0.026936 -0.111312
-0.083951 0.766996
-0.144954 -0.121909
-0.108655 -0.031911
-0.302935 0.144182
0.315151 -0.676068
0.658549 -0.050186
0.626898 -0.039819
0.163769 -0.479265
-0.868443 0.301535
0.392366 -0.297012
-0.179372 -0.363338
0.612422 0.310594
-0.477634 -0.745082
0.134283 0.154460
-0.444670 -0.375720
0.196586 -0.074499
-0.059396 -0.934546
0.316152 -0.947271
0.302689 0.170519
-0.276828 0.293184
0.777238 -0.065022
0.388047 0.026106
-0.402882 0.535307
0.204145 0.384992
-0.507622 -0.218563
-0.218649 0.162098
-1.030129 -0.942109
-0.078818 -0.551167
-0.424111 -0.045336
0.456007 0.324642
0.164288 -0.366179
-0.365243 -0.161170
0.438954 -0.072624
0.335650 -0.159758
-0.191143 -0.037838
0.278134 -0.577893
0.566495 -0.245597
0.300441 -0.852468
0.722271 -0.061685
0.297429 -0.661054
1.530221 0.157631
1.920493 -0.497213
0.066452 0.246658
-0.116895 -0.389124
0.187601 -0.238565
-0.402865 -0.461993
0.235733 0.067665
-0.678857 0.187596
0.112694 0.685186
0.222813 1.432408
0.582197 1.334706
1.189707 0.835549
0.596888 0.573432
1.174510 0.701090
-0.067365 -0.342190
-0.181938 -0.000734
0.162781 0.068003
-0.229193 -0.080201
-0.339571 -0.418878
-0.044513 -0.025764
-0.102248 0.190322
-0.918246 -0.341609
-0.580725 -0.282983
-0.554735 -0.183074
-1.041557 0.573175
-0.230758 0.344075
-0.430943 -0.816440
1.046347 -0.573599
0.663308 -0.598181
0.206089 -1.358352
-0.108657 -0.655531
0.274125 -0.758326
-1.002505 0.362039
-0.591145 -0.346468
0.350170 0.180113
0.195416 0.617551
-0.511918 0.579167
-0.255274 0.130689
