0.017030 0.334143 0.286087 -0.147583
-0.023808 -0.061664 0.343464 -0.103193
-0.292773 -0.028578 0.037431 -0.314913
-0.481493 -0.064174 0.061721 0.057275
-0.468095 -0.202538 0.056203 -0.101728
0.009319 0.135385 0.182063 0.046741
-0.262505 0.076813 0.040656 -0.109658
0.361189 0.043511 -0.190205 0.175311
0.561616 -0.123574 0.224406 -0.153509
0.821163 0.128586 0.069925 0.091789
0.332368 0.324483 -0.131205 -0.139942
0.280952 0.169161 -0.086544 0.096369
0.037993 0.007289 0.129540 -0.183880
0.011564 -0.360993 0.223603 -0.078757
0.074476 -0.292716 0.025300 -0.144703
-0.180640 -0.123144 0.222390 -0.009218
-0.115039 -0.099569 0.267590 0.151902
-0.261894 0.397510 0.420668 0.028564
0.008266 0.214582 0.271169 -0.049453
-0.195238 0.706727 0.083085 0.027450
-0.077396 0.747737 0.252065 -0.059781
-0.083402 0.578717 -0.311377 -0.000257
0.091460 0.899698 -0.020835 -0.094559
0.008842 0.928440 -0.054272 0.087490
-0.339975 0.148633 0.019078 -0.247213
-0.066890 0.021482 -0.104950 -0.185137
-0.011095 0.004105 -0.156170 -0.009077
-0.490112 0.067522 0.081973 0.130432
-0.119438 -0.296856 -0.115848 -0.188121
-0.150597 -0.066514 -0.072820 -0.063701
0.257124 -0.106182 0.051540 -0.230132
0.139057 -0.035418 -0.045773 -0.199937
0.188116 0.123631 -0.054250 -0.079446
0.433447 0.269515 0.046510 -0.229962
0.191563 0.376804 -0.067263 -0.315221
0.300868 0.489595 -0.020205 0.085179
0.253754 -0.237147 -0.184010 -0.048580
0.002452 -0.237213 0.069418 0.064194
0.176025 -0.203474 -0.153979 0.031076
0.154042 -0.061839 0.249088 -0.061941
0.000958 -0.170903 0.426479 -0.124170
0.132324 0.123937 0.372275 0.001151
-0.103791 0.374718 -0.146346 -0.083223
0.204454 0.613135 -0.110106 -0.003941
0.205647 0.342868 -0.006280 -0.022186
-0.034939 0.203694 -0.085327 0.050908
-0.164778 0.528909 -0.224488 -0.345659
0.214406 0.196910 -0.170935 0.027135
0.193595 -0.000951 0.111047 0.185727
-0.142520 -0.255839 -0.048475 -0.025871
-0.099549 -0.154278 -0.022435 0.044036
-0.199869 -0.130635 -0.106382 -0.107974
-0.109129 0.101442 0.137273 -0.059106
-0.164590 -0.013908 0.161404 -0.299008
-0.087662 -0.080198 -0.248729 -0.182465
-0.279132 -0.118029 0.009792 -0.096383
0.323983 0.002584 0.166460 -0.130884
0.089054 0.051002 0.065439 0.039602
-0.055227 0.173614 0.029579 -0.130707
0.305715 0.235986 -0.018731 0.051539
0.290478 -0.059275 0.088571 -0.213350
0.154157 -0.190575 -0.066419 0.266624
-0.097237 -0.070782 0.108113 0.005001
0.170099 -0.242356 0.169158 0.036100
0.031071 0.063978 0.316137 -0.077529
0.105167 -0.015651 0.138486 0.033689
-0.309034 0.335573 0.166663 -0.329729
0.067156 0.175618 0.000115 0.063342
-0.013694 -0.078151 -0.177172 -0.042987
0.208874 0.186829 -0.212931 -0.065107
-0.217142 -0.032861 -0.582572 -0.207192
-0.016718 0.192749 -0.074976 -0.263152
-0.081386 0.127317 0.089776 -0.243913
-0.184145 0.032448 -0.202852 0.252644
-0.137032 -0.190157 0.109068 -0.178093
0.097172 0.103468 -0.009868 -0.053946
0.003541 -0.160622 -0.152528 -0.139780
-0.433631 -0.278964 -0.006895 0.173875
0.014096 -0.162437 -0.127479 -0.075987
-0.466692 -0.281917 0.088217 -0.205662
0.195522 0.070168 0.079852 -0.155001
0.261171 0.498278 -0.034658 -0.005865
0.393158 0.795743 -0.233124 -0.057619
0.343081 0.437995 -0.132589 0.030586
0.209569 0.208855 0.060758 -0.182199
0.452949 -0.237200 -0.016519 -0.098436
0.421165 -0.249482 -0.105137 0.060890
0.265352 -0.380503 0.323904 -0.068683
0.252037 -0.201459 0.346532 -0.087332
0.272837 -0.345343 0.078043 -0.096852
-0.093663 0.277703 0.030640 -0.374709
0.253122 0.345584 -0.077953 -0.304676
0.201158 0.127609 -0.431540 -0.213747
0.202914 0.089850 -0.080616 -0.167574
0.234363 0.068165 -0.351229 -0.266398
0.004527 0.291485 -0.124142 -0.317595
-0.136032 0.017983 -0.158453 0.092691
-0.012434 -0.036161 0.195980 -0.136499
-0.114578 0.031297 0.168197 -0.028084
-0.379862 -0.068820 -0.030623 0.093211
-0.027307 0.067830 0.103924 0.235024
-0.027008 0.119317 -0.127612 0.152895
-0.244922 0.423038 -0.143704 0.313070
-0.247904 0.339801 0.130373 0.144375
-0.223191 0.082466 -0.247474 -0.131321
0.010489 0.114163 0.223448 0.174602
-0.227811 0.203011 -0.048664 0.156065
-0.264133 0.249367 -0.069953 0.276587
-0.308899 0.174819 -0.215516 0.344491
-0.060123 0.283464 -0.032142 0.077705
-0.416135 0.204426 -0.249766 -0.133475
0.058901 -0.195157 0.164248 0.063620
-0.153883 -0.389804 -0.047439 -0.022345
-0.146072 -0.089786 -0.173249 -0.118947
-0.062719 0.123818 -0.055242 -0.246884
-0.271462 -0.154423 0.152615 0.240126
-0.146911 -0.139274 -0.147173 0.139507
-0.259222 0.014181 -0.105556 0.355673
0.172475 -0.094646 0.179512 -0.001098
-0.011205 0.219387 -0.239743 -0.063518
0.071552 0.224987 0.217637 0.386509
0.110141 0.077084 0.186814 0.113789
0.025876 0.000820 0.104019 -0.118391
-0.020846 0.019365 0.225707 -0.023716
-0.002757 -0.395352 0.073621 -0.080238
-0.129887 -0.207354 0.307784 0.252682
0.001372 0.240534 0.007688 0.226515
0.065951 0.128822 0.337950 -0.077241
-0.265399 -0.135092 -0.062683 -0.047931
0.094562 -0.239744 0.262298 0.066380
-0.094927 -0.090710 0.163891 0.146475
-0.004263 -0.046593 0.378535 -0.116127
-0.399726 0.087705 0.273879 0.152945
0.062560 -0.108157 0.143854 0.144658
-0.065461 0.011454 -0.042212 -0.296734
-0.208193 -0.064434 0.064739 0.097071
0.037728 -0.157869 0.195498 0.063338
-0.132655 -0.038447 -0.271146 -0.095555
-0.122454 -0.085176 0.234338 0.032219
-0.001677 0.231261 0.035746 -0.152082
0.011531 -0.078056 0.133282 -0.213190
-0.172170 -0.041940 0.247509 0.036878
-0.113048 0.348059 0.200669 -0.081294
0.167971 0.162791 0.053832 0.135769
0.250428 -0.019835 0.264022 -0.103628
-0.045728 -0.060610 0.214962 -0.122020
0.145899 0.014379 0.299039 -0.066429
0.171469 -0.143256 -0.006785 -0.044300
0.085689 -0.036731 0.151947 -0.176980
0.045496 -0.004594 0.088705 0.119548
0.096371 0.232976 0.336656 -0.043757
0.202548 0.020267 0.340236 -0.180356
0.158272 -0.142081 0.099801 -0.242082
0.249412 0.022468 0.395771 -0.018568
0.038544 0.024403 0.268926 -0.048869
0.089636 0.136277 0.470967 -0.296433
0.296047 0.493635 0.048668 -0.154878
-0.094735 0.506181 0.233619 0.069726
-0.074142 0.504817 0.098361 -0.125990
-0.103406 0.179973 0.244954 -0.002413
0.024933 0.387416 0.286431 0.002321
0.007467 0.041725 0.055659 -0.103232
0.194532 0.279476 -0.269313 -0.137987
0.071751 0.154163 -0.106824 0.069301
0.000281 0.028854 0.143732 -0.009895
-0.169716 -0.057524 0.145717 -0.296175
-0.142605 0.144745 0.260801 -0.339707
-0.155548 -0.088078 0.161797 -0.001092
0.187574 -0.054486 0.425406 0.338035
0.341455 -0.307953 0.314978 -0.154060
0.281848 -0.104014 0.265800 -0.017707
0.428539 -0.075737 0.492459 -0.024063
0.513087 -0.265223 0.340889 0.055620
0.509552 0.002666 0.127437 0.226004
0.216366 0.175736 0.187438 -0.239649
0.270057 0.250236 0.044082 0.136446
0.505358 0.073527 -0.204640 0.368044
0.298921 0.119137 -0.208638 0.382708
0.532505 -0.092184 -0.147306 -0.105966
0.451367 -0.092888 0.062230 -0.058342
0.013993 -0.058176 0.007344 0.165311
0.249276 -0.032162 0.087880 0.086750
0.352321 -0.264130 0.022764 0.118374
-0.148461 -0.005590 -0.057176 -0.084268
0.207244 0.016600 -0.040049 -0.022461
-0.181523 0.020961 -0.106369 0.002209
0.028785 0.156976 0.115353 -0.007794
-0.191905 -0.057873 0.134694 0.038066
0.091530 0.091131 -0.030106 0.257282
0.135595 -0.188393 -0.127632 0.220677
-0.062812 -0.010874 -0.155320 0.038579
0.281189 -0.127009 -0.034153 -0.052417
-0.154010 0.232648 -0.052164 0.365779
-0.087922 0.110293 -0.061955 0.321306
-0.145688 0.377002 -0.163745 0.076840
0.130410 0.136632 -0.039958 0.032342
0.031477 0.359882 -0.299953 -0.153185
-0.001538 0.105323 -0.537614 0.038319
0.159466 0.052288 -0.293783 0.010753
-0.024625 0.330134 -0.446922 -0.252430
0.103941 -0.046915 -0.068317 0.243794
0.044512 -0.063287 -0.019488 -0.351570
0.093934 -0.058805 0.150215 -0.138118
0.016564 -0.249607 0.028582 -0.006750
0.214122 0.018618 -0.077460 0.222695
0.157328 0.162466 -0.261622 0.156351
-0.013525 0.213225 0.049900 -0.046220
-0.019116 0.112536 -0.068675 -0.099138
0.265132 -0.099402 -0.273809 0.230298
0.062444 0.043122 -0.387921 0.173781
0.075078 -0.443233 -0.362564 0.028735
-0.021663 -0.033092 -0.293102 0.018080
-0.211945 0.014866 -0.036320 0.295476
-0.313156 0.130334 0.066126 0.089871
-0.082952 -0.413182 -0.122316 0.414649
-0.108446 -0.197552 0.118615 0.558502
0.173337 0.360334 -0.328200 0.357108
0.336904 0.346179 -0.325763 0.170144
0.037238 -0.027186 -0.322997 0.276198
0.118076 0.235390 -0.055846 0.214482
-0.272337 0.331541 -0.148388 0.089154
-0.271656 0.345188 -0.122230 0.307520
0.300144 0.331574 -0.157306 0.001883
-0.119684 0.202092 -0.168751 0.028409
0.037458 -0.003314 -0.194796 0.212175
0.123563 0.068376 0.270812 0.105908
0.040701 -0.259682 0.180161 0.088253
-0.023678 -0.677877 0.208140 -0.070099
0.173916 -0.525883 0.274062 0.125579
0.243743 -0.287069 0.094463 0.231017
0.057960 -0.540870 -0.125943 0.221803
0.056418 -0.413317 0.089682 0.060153
-0.011414 -0.173316 -0.083737 0.330824
0.230633 -0.378038 0.231835 0.456799
0.004421 -0.564142 -0.325064 0.016808
-0.156104 -0.294590 -0.138768 0.084262
0.058124 -0.120577 0.104212 0.284930
0.140890 -0.205207 -0.007168 0.195616
-0.052044 -0.330145 0.038284 0.409895
-0.207344 -0.252180 0.203546 0.719095
-0.245567 0.024090 -0.361025 0.297559
0.003435 0.377812 -0.501468 0.185868
0.103984 0.267870 0.010885 0.057465
-0.054699 0.012328 -0.006384 -0.008031
-0.042801 0.493901 -0.249520 0.265946
-0.216229 0.131516 0.094201 0.077771
-0.052252 0.206818 -0.059217 0.130046
0.034128 0.319980 -0.134597 0.236243
0.070862 -0.035801 -0.038026 0.271862
0.038455 -0.446053 -0.092826 0.272756
0.313610 -0.742906 -0.015992 0.560646
-0.136305 -0.989317 0.053809 0.081722
0.402174 -0.924573 0.356725 0.233695
-0.107784 -0.896633 0.182212 0.153049
0.146245 -0.480891 -0.068744 0.274735
0.051455 -0.772166 -0.324983 0.187713
0.171316 -0.442282 -0.210283 0.030838
0.070972 -0.808250 0.194857 0.090561
0.189216 -0.416284 0.183208 0.293942
-0.278251 -0.322158 -0.018816 0.075125
-0.140160 -0.265882 -0.153873 0.168265
-0.004678 -0.524209 0.039361 0.189196
0.294392 -0.154558 0.204245 0.358679
0.104624 -0.228142 0.379350 0.202281
-0.105709 0.454073 -0.300676 0.206119
-0.174273 0.132773 -0.167887 0.324648
-0.001994 0.228553 -0.256764 0.177713
-0.073232 0.336082 0.216616 -0.022950
-0.116847 0.051973 0.105948 0.058896
0.056342 0.457399 0.095122 0.366010
0.105127 0.248250 0.053710 0.161981
-0.094760 0.353114 -0.149136 0.185251
-0.018478 -0.494436 0.088427 0.170812
-0.208905 -0.924284 0.359668 0.632065
0.054650 -0.911914 0.343374 0.356896
0.189826 -1.668301 0.165871 0.345278
-0.211813 -1.207853 0.255655 0.165007
0.230564 -0.876816 0.263487 -0.031193
0.069834 -1.090816 0.032116 0.124256
-0.056791 -0.401783 0.015784 0.044382
0.089057 -0.597457 -0.246842 -0.054087
0.008907 -0.493553 -0.018464 -0.027407
0.201551 -0.558794 -0.115000 0.293451
0.074770 -0.507591 0.033672 0.177501
0.115511 -0.598427 0.085268 0.365429
-0.055348 -0.541746 -0.121017 -0.015005
0.318171 -0.474916 0.205313 0.588588
-0.093323 -0.464646 0.201068 0.361918
-0.244700 -0.299801 0.118186 -0.002855
-0.510289 -0.173935 -0.224452 -0.151205
-0.151124 -0.103240 0.233594 0.165353
-0.385504 -0.269230 -0.106630 -0.169033
-0.265886 -0.149927 -0.042017 0.004110
-0.285656 -0.305350 -0.004296 -0.060058
-0.014546 -0.125100 0.251758 0.041660
0.060365 -0.265008 -0.106296 -0.166095
0.232192 -0.529958 0.166047 0.038034
0.473890 -0.058910 -0.227956 -0.024758
0.286653 0.408079 -0.322504 0.127227
0.051060 0.359105 -0.125451 -0.191589
-0.004827 0.456863 0.445742 -0.184282
-0.025653 0.066932 -0.034377 -0.254983
-0.008853 -0.119390 0.350293 -0.116252
-0.014128 0.036638 0.188774 0.175785
-0.165532 0.103220 -0.083977 0.086690
-0.034784 -0.057161 -0.179578 -0.108820
0.215408 -0.094484 0.025343 0.047097
-0.023226 -0.016462 -0.284690 -0.060976
-0.044307 -0.104984 -0.150370 -0.133236
0.136404 -0.034330 0.046522 -0.007034
0.044965 0.053095 0.466175 0.005469
0.045218 0.417835 0.843983 0.027779
0.060612 0.096620 -0.063629 -0.167357
-0.173338 -0.254160 -0.086756 -0.112750
-0.356597 0.239069 -0.055080 0.069960
-0.460325 -0.109340 -0.093645 -0.189480
-0.636336 -0.140614 0.111350 -0.251030
-0.489773 0.110283 -0.073529 -0.284909
-0.243787 -0.408722 -0.009950 -0.320720
0.006921 -0.209942 -0.021885 0.049868
0.195808 -0.287080 -0.017336 0.151642
0.185079 -0.319247 -0.115547 0.210947
0.144315 -0.060748 0.014516 0.032545
-0.098589 0.325132 -0.302217 -0.039428
-0.094005 0.074297 0.076123 -0.048511
0.238934 -0.023569 0.069624 -0.521710
-0.374761 0.050129 0.232553 0.162139
0.190230 0.127781 0.221694 0.072070
-0.109366 -0.010360 -0.073651 0.033666
0.193215 -0.199977 0.104816 0.127177
-0.066597 0.142613 -0.100704 0.015890
-0.146145 -0.178058 -0.319842 0.284012
0.007149 -0.037931 -0.224987 -0.075329
0.061495 0.104205 -0.235945 0.260577
0.094188 -0.028140 0.042577 -0.227566
-0.022084 0.223380 0.341783 0.191081
0.041240 0.238590 0.095306 -0.055852
-0.170417 -0.070028 0.083382 0.240876
-0.107556 -0.034342 0.092568 -0.168398
-0.128261 -0.040088 -0.273908 0.019539
-0.164728 -0.127213 0.040988 -0.097061
-0.184534 0.309157 -0.072612 -0.176175
-0.318438 0.228514 -0.038576 0.119329
-0.019251 0.016330 -0.001240 0.105006
-0.031655 -0.512879 0.180713 0.009151
0.117947 -0.563379 0.049504 0.115205
0.095458 -0.252627 -0.068630 -0.018986
0.244035 0.462708 -0.114180 0.040530
0.322117 0.364612 -0.129899 -0.042335
0.017759 0.017466 0.353517 -0.000079
0.014377 0.094684 0.105201 -0.134432
-0.046426 0.000520 0.267341 0.013843
0.135720 0.032403 -0.006751 0.014783
-0.011409 -0.119215 0.084987 -0.115292
-0.103542 -0.059472 -0.182718 -0.087665
0.055425 0.025489 -0.107191 0.063961
0.073148 -0.117815 -0.203228 -0.149881
-0.222917 0.123865 0.104637 -0.023296
-0.113937 -0.058578 -0.173492 -0.187596
0.119404 0.302964 0.262075 0.267466
-0.033172 0.040392 -0.037615 -0.426018
0.000606 -0.015307 -0.112427 -0.129140
0.001798 0.040785 -0.128816 0.166453
0.092266 -0.000172 0.148165 0.096224
-0.430565 0.157904 -0.061382 -0.222297
-0.356879 0.087124 0.023127 -0.245209
-0.502600 -0.091731 -0.305513 0.057379
-0.637209 -0.144072 0.274156 0.150704
-0.108744 -0.533941 -0.168399 0.095839
-0.154747 -0.378100 0.106317 0.014402
0.088811 -0.557594 -0.358553 0.024288
0.167670 -0.208680 -0.158508 -0.175374
0.164639 0.205922 -0.338829 -0.257533
0.017959 0.210079 -0.077233 -0.203301
0.002118 -0.095328 0.362138 -0.155398
-0.181713 0.129042 0.315655 0.100280
0.005570 -0.171824 0.086530 -0.020887
-0.062192 -0.143958 0.221477 0.039893
-0.083882 0.033968 0.164159 0.012835
-0.169505 0.018449 -0.188427 -0.079832
0.159275 0.069273 0.078353 0.237253
0.094185 0.135348 -0.246936 -0.187344
0.000590 -0.109640 0.087977 0.154533
0.132818 0.096571 -0.077814 0.279713
0.032360 -0.171280 0.008460 0.302933
0.112129 0.212233 0.242043 0.354880
0.278344 0.017525 0.277481 -0.051495
0.293733 0.211741 0.452633 -0.462767
-0.140808 0.155708 0.449152 0.060142
-0.015465 -0.132273 0.301877 -0.209968
-0.151225 -0.104063 -0.056857 -0.002014
-0.146358 -0.159688 -0.165486 -0.030538
-0.048045 0.106423 -0.169846 -0.140425
0.217790 0.132529 -0.047783 -0.060165
0.014342 0.014300 -0.305759 -0.006396
-0.067339 0.029928 -0.020135 0.278792
-0.092859 0.027072 0.086213 -0.040184
0.122040 -0.022597 0.182664 -0.186604
0.330635 0.105978 0.383502 0.092067
0.023060 -0.169316 0.338907 0.490056
0.382867 -0.202755 0.025270 0.222524
0.301595 -0.026014 -0.053858 -0.132414
0.476305 0.450843 -0.083864 0.058860
0.452732 0.323191 -0.213819 -0.038583
0.078497 0.165503 -0.090007 0.502205
-0.116984 -0.080294 0.081424 0.419823
-0.042743 -0.736360 -0.000123 -0.031487
0.210845 -0.663552 -0.196032 0.000901
-0.007582 -0.111418 0.477563 0.334591
0.136952 0.425866 0.427490 -0.006496
-0.064062 0.058380 0.315113 0.131082
-0.016322 -0.009613 -0.082776 0.198935
0.078779 0.102381 0.275394 0.026068
-0.317739 -0.005941 0.196911 0.029731
0.042824 0.212680 -0.113948 0.061475
0.074366 -0.034868 -0.223827 0.051992
-0.004073 0.223572 0.141444 -0.011884
-0.114043 0.032088 0.045927 0.032302
0.075663 0.013002 0.123610 0.033899
0.273856 0.063837 0.174310 0.344441
0.260317 0.018884 0.436475 0.041486
0.158426 0.257418 0.038821 -0.057595
0.146327 0.060390 0.075989 0.058799
0.425206 -0.104149 -0.043978 -0.021598
0.379479 -0.409870 -0.244094 0.037249
0.050853 -0.009655 0.175778 -0.359046
0.345264 0.327215 0.127727 0.065515
0.217404 0.236104 0.025070 0.052997
-0.263640 0.275601 0.118053 0.263780
-0.016042 0.245248 -0.050535 0.324077
-0.122255 -0.062922 0.009344 -0.022495
-0.089038 -0.303708 -0.245266 0.018544
0.312157 0.050230 0.490395 -0.193857
0.005236 -0.004995 0.161946 0.017650
-0.108738 0.048190 0.186467 0.309482
-0.110272 -0.120319 0.062502 -0.025569
-0.120834 -0.163797 -0.073170 0.267571
-0.022557 -0.015329 0.131261 -0.370957
-0.025567 0.048107 0.033262 -0.123038
-0.067873 0.291287 -0.121914 0.131528
0.082356 -0.058643 -0.158879 0.220750
0.013966 -0.238795 0.149712 0.018147
-0.103169 -0.083842 0.191940 0.165368
0.260392 0.074323 0.471716 0.191082
0.060388 0.138209 0.041068 -0.368342
0.245701 0.317752 0.106511 -0.213836
-0.023939 -0.010990 0.028967 0.125471
-0.168936 0.012064 -0.084408 0.019553
0.091705 -0.046776 -0.043921 -0.028812
0.041699 0.159586 0.189364 -0.252860
0.124380 -0.246630 0.008117 -0.051706
0.106112 0.006145 -0.155332 0.107134
-0.069912 0.140947 -0.014672 0.362881
0.076541 -0.095465 0.004858 -0.150039
0.139030 0.120705 -0.083818 -0.381106
-0.063057 -0.294448 0.111030 -0.420519
0.116746 0.215656 0.365602 -0.031352
0.096164 0.086139 0.134533 0.010925
-0.093693 -0.112788 0.193822 -0.075344
0.113711 -0.087057 0.188324 -0.001145
-0.379190 0.045036 -0.070626 0.017154
-0.025615 0.160083 0.047894 -0.050303
0.191336 0.112871 0.051264 0.187346
0.023863 0.025126 -0.266429 -0.035153
0.009694 -0.072884 -0.144685 0.093413
0.350055 -0.202899 -0.086073 0.242040
0.581224 0.170627 0.163934 0.370060
0.270802 -0.009902 0.024598 -0.095575
0.264014 0.173195 0.219761 -0.148908
-0.040904 0.435880 -0.148961 -0.001305
-0.203885 -0.031520 -0.112458 0.072635
0.064856 -0.205396 -0.176184 0.181489
-0.165702 -0.086451 0.056974 -0.122891
-0.220929 0.333075 -0.142506 -0.411390
-0.263803 0.167372 0.205320 -0.111909
-0.071788 -0.163329 -0.011312 0.216527
-0.095573 0.014524 0.215892 -0.029556
-0.030212 -0.086482 0.040888 -0.081909
0.118191 -0.081878 -0.026385 -0.194513
0.096237 -0.349573 0.127064 -0.287460
0.154442 -0.201130 0.134030 0.549226
0.124453 -0.082564 0.478292 0.348929
0.052235 0.019526 0.276462 0.352721
-0.092198 -0.003901 0.275271 0.375209
0.116389 -0.015686 0.147427 0.558650
0.060665 0.071352 0.222984 0.435757
0.259625 0.183400 0.089263 0.369863
0.081201 -0.071216 0.453914 0.477186
0.317913 0.233973 0.189843 0.584570
0.558203 -0.235977 0.388427 0.538262
0.114530 0.002460 0.232896 0.425446
0.508946 -0.012442 0.376950 0.223907
0.057793 -0.230057 0.333838 -0.120763
0.095442 0.080608 0.281664 0.138097
-0.253625 -0.097275 0.359260 0.105004
0.142021 0.018912 0.257259 -0.111128
-0.153838 -0.114131 0.254565 0.182871
0.005668 0.071783 0.332681 -0.114071
-0.029055 -0.089095 0.370296 0.360500
0.213920 -0.100181 -0.042975 0.106541
0.241966 -0.245683 0.210690 0.269886
0.241824 -0.116495 0.341135 -0.020925
0.042129 -0.183151 -0.152164 0.299102
0.030680 -0.388810 0.041858 0.108097
0.374369 -0.213183 0.218187 0.374481
0.141653 -0.188640 0.233232 0.400015
0.331920 0.103223 0.333456 0.252670
0.046348 0.190663 0.022625 0.222217
0.053602 -0.015520 0.007922 0.043037
0.165230 -0.003202 0.139626 0.314298
0.213313 -0.059057 0.198654 0.342129
0.167620 0.019585 0.037342 0.178775
0.127157 -0.033686 -0.116424 0.250085
0.347032 0.043382 0.121466 0.114838
0.049574 0.174820 0.141001 0.024774
-0.141604 -0.276313 0.079428 -0.227193
0.064988 0.008682 -0.103620 -0.229258
0.031008 -0.115623 0.085184 -0.181318
0.082375 -0.032728 0.104845 0.117715
-0.158981 -0.016111 0.124920 -0.324938
0.034531 -0.136685 0.136520 0.135877
-0.045187 -0.312553 -0.077461 -0.015465
-0.020070 -0.106568 0.056455 -0.061978
-0.077843 -0.047426 -0.150231 -0.158077
0.218025 -0.172330 0.087677 -0.076842
-0.027074 -0.214142 0.041968 0.003102
0.072869 -0.346387 -0.149342 -0.017271
0.086708 -0.163238 -0.169982 0.160197
0.320850 -0.082634 0.311842 0.264465
0.035012 -0.015146 0.010463 0.185274
0.022464 0.043675 0.120001 0.376971
0.445729 0.228251 -0.078720 0.308829
0.228103 0.080752 0.134699 0.203074
0.111382 0.040359 -0.278069 0.277165
-0.102468 0.033507 -0.448970 0.223033
-0.184132 0.055851 -0.226627 -0.110546
-0.168717 0.016175 -0.267009 -0.114237
-0.167749 0.149210 -0.254798 -0.253976
-0.242203 0.077799 -0.208540 0.031640
-0.034254 -0.004526 -0.254008 -0.008542
0.148181 0.024668 -0.211070 -0.181748
-0.041789 -0.120339 -0.298263 0.191764
0.213295 -0.044926 -0.141720 0.024530
-0.214390 0.245633 -0.071873 -0.073173
0.054628 0.091073 0.000896 0.060303
-0.178944 0.165325 0.010393 0.048545
0.085608 0.170524 -0.292547 0.014234
-0.120643 0.147814 -0.127091 0.115328
-0.054482 0.281159 -0.219322 -0.064896
-0.181567 0.217593 0.006069 0.089150
-0.084067 -0.039245 -0.184783 -0.269597
0.015769 0.124066 -0.091904 -0.002016
0.267071 -0.059421 0.148587 0.612021
-0.341318 0.267324 0.184771 0.349735
0.102238 0.183479 -0.231398 0.309199
-0.022514 -0.201082 -0.063793 0.205914
-0.387530 0.023338 -0.483547 0.262734
-0.097048 -0.177452 -0.168243 -0.154551
0.017113 0.156648 -0.084106 -0.273802
-0.371571 -0.139160 -0.256064 -0.197226
-0.199182 0.226771 -0.254385 -0.538627
-0.144386 0.024177 -0.024565 -0.245168
-0.128792 0.213619 -0.322075 -0.068508
-0.009860 0.338344 -0.162881 -0.128973
-0.132368 0.190524 -0.087252 -0.224910
-0.059863 0.118776 -0.424688 -0.171966
0.098850 0.347418 -0.125720 -0.064684
0.015636 0.203239 -0.420735 -0.045597
0.193180 0.263762 -0.204189 0.114477
0.069900 0.428183 -0.157832 0.055409
0.056569 0.454695 0.196074 0.079843
-0.113460 0.560472 -0.111180 -0.124041
0.163299 0.537221 0.224294 0.106367
0.050800 0.702926 -0.124510 0.137808
0.186983 0.535037 -0.209851 -0.030965
-0.213859 0.357665 0.232272 0.181050
-0.243153 0.435981 0.025849 0.031215
-0.390395 0.011193 -0.448003 -0.406198
-0.288567 -0.002381 -0.611276 -0.393512
-0.166681 -0.127441 -0.642316 -0.310457
-0.232975 -0.215215 -0.622952 -0.164765
-0.253982 -0.137741 -0.297163 -0.168483
-0.312665 0.095275 -0.219645 -0.101281
-0.030120 -0.288618 -0.109870 -0.204638
-0.140795 -0.412660 -0.716410 0.077072
-0.091836 -0.214384 -0.000998 -0.147437
0.130004 -0.246549 -0.392937 -0.021520
0.355743 -0.146066 -0.488718 -0.148373
0.239880 -0.246179 -0.620919 -0.165472
0.113202 -0.311536 -0.779414 -0.074565
0.107380 -0.259628 -0.383686 -0.158725
0.088459 -0.024211 -0.691378 -0.417024
-0.061653 0.102650 -0.851625 -0.236648
0.220281 -0.516028 -0.154403 -0.064457
0.171555 -0.305235 0.085802 -0.213092
-0.023338 -0.142118 0.201891 0.092658
-0.076965 -0.287433 0.181417 -0.130183
0.000088 -0.226599 -0.013586 -0.029949
-0.151490 0.053527 0.213034 0.065300
-0.003805 -0.141148 0.148111 0.263093
-0.496421 -0.091722 -0.228995 -0.359093
-0.465552 0.009300 -0.218040 -0.482439
-0.215490 -0.062514 -0.571572 -0.417256
-0.095092 0.219830 -0.813155 -0.160554
-0.293137 0.050485 -0.392463 0.003251
-0.433821 -0.147314 -0.399457 -0.494176
-0.138834 -0.114482 -0.262215 -0.334846
-0.083756 0.234612 -0.543691 -0.070120
0.000298 0.090155 -0.368542 -0.046257
0.096124 -0.226400 -0.618957 -0.154255
0.350448 -0.015668 -0.782956 -0.000965
-0.060261 0.163760 -0.283773 -0.011907
0.227777 0.225956 -0.402679 -0.154495
-0.093847 -0.033660 -0.138851 0.120791
-0.090352 0.037719 -0.753189 0.106395
0.148665 0.009998 -0.454769 -0.120055
-0.117207 -0.196858 -0.509688 0.127510
-0.068479 -0.077535 -0.173380 0.178340
-0.211371 -0.142496 0.125291 0.039086
0.222580 -0.122286 0.122965 -0.044249
0.130088 -0.545205 0.432117 0.294394
0.035264 -0.064556 0.411003 -0.065913
-0.079517 -0.270733 0.273875 0.019351
0.231385 -0.169578 0.248947 0.032468
-0.065856 -0.058692 -0.224968 -0.017385
-0.053107 0.317045 -0.328582 -0.170691
0.073134 -0.113424 -0.348153 -0.165854
-0.333809 -0.135130 -0.530498 -0.445958
-0.065445 -0.012235 -0.261734 -0.109281
0.041615 0.209574 -0.335209 -0.001561
-0.097413 -0.035427 -0.652104 0.091826
-0.017291 0.069460 -0.405830 0.100007
-0.157419 0.159779 -0.287054 0.072040
0.068281 0.343743 -0.442845 0.311746
0.318505 0.146244 -0.368142 0.084594
0.253562 0.242934 -0.046897 0.131482
0.159933 -0.014625 -0.207730 0.192095
0.074263 -0.047738 -0.031950 0.011116
-0.097298 0.120580 -0.073214 0.180482
-0.351896 0.153505 -0.097071 0.276258
-0.066902 0.041623 0.045763 0.238289
-0.370012 0.170787 -0.057959 -0.049694
0.008161 0.069902 0.109483 -0.171554
-0.091422 -0.119835 0.280371 0.184045
-0.243862 -0.221109 -0.024352 0.097663
-0.336374 0.075680 -0.085687 -0.099458
0.043450 -0.033506 0.111898 -0.079431
0.077173 0.298513 0.287143 -0.144232
-0.210623 0.235704 -0.021971 0.287578
-0.028425 0.228865 -0.288758 -0.190226
0.027050 -0.271631 -0.141435 0.088803
-0.144327 0.157339 -0.265690 -0.271089
-0.006303 -0.104607 0.142109 0.011319
-0.014440 0.076761 -0.446582 0.091895
0.007463 -0.008832 -0.055783 0.195080
-0.060372 0.129258 -0.215919 0.174141
-0.101927 0.405921 0.144925 0.255389
-0.025200 0.003444 0.189516 0.070302
-0.040479 -0.008146 0.411420 0.100337
0.025386 -0.044354 0.175508 0.236614
-0.095638 0.031259 0.479184 0.235008
-0.149818 0.236793 0.197416 0.304730
-0.372785 0.087594 0.313952 0.262442
-0.469333 0.134642 0.463348 0.254102
-0.540902 -0.086654 -0.004843 -0.021542
-0.342624 -0.196776 0.294367 -0.011037
-0.356585 0.023541 -0.073593 0.130813
-0.269754 -0.145742 0.199348 -0.083853
0.057899 0.065570 0.199935 0.084328
-0.204620 -0.061998 0.413952 -0.064517
-0.014548 -0.059471 0.204783 -0.157639
0.000538 -0.150010 0.421189 0.025730
