-0.106007 -0.181915 -0.346907
-0.114237 -0.300765 -0.385822
0.077524 -0.303839 -0.037108
-0.152991 -0.258143 -0.041546
-0.003724 0.160545 0.185577
-0.077686 -0.009542 0.002108
-0.189753 -0.416697 0.101423
0.028420 0.068631 0.210728
0.014696 -0.020330 0.061386
-0.079718 -0.366239 0.107127
0.205724 0.103198 0.002001
-0.110945 -0.295423 -0.205397
0.209807 0.249775 -0.004581
0.324236 0.185909 -0.239189
0.501122 -0.088948 -0.077380
0.749438 -0.162274 -0.221964
0.249358 0.208661 -0.078763
0.211938 0.177111 -0.196525
-0.017600 0.317637 -0.087506
-0.026325 0.326945 -0.259762
0.134664 0.378537 -0.019702
-0.098993 0.218563 0.182667
-0.327764 0.296130 0.049198
-0.291147 0.002919 0.246457
0.241296 -0.090545 -0.345827
0.256644 -0.024195 0.124900
0.306081 -0.362559 0.194158
0.381216 -0.185319 0.031688
-0.115164 -0.106892 0.001275
0.041420 -0.150700 0.072956
0.048949 -0.220775 0.087351
-0.002426 0.132001 0.023842
-0.005315 -0.212234 0.139557
0.021196 -0.127956 0.108884
0.044479 -0.073707 -0.370213
0.256607 -0.024457 -0.021859
0.272353 0.013893 -0.158328
0.446129 0.000497 -0.228829
0.461589 0.285482 0.017871
0.085575 0.514275 -0.095882
-0.077182 0.487071 0.145891
0.121757 0.533839 0.438813
-0.231265 0.178734 0.493551
-0.053651 0.246519 0.347715
-0.289619 0.047183 0.356175
-0.165276 -0.081639 0.646921
-0.477456 0.133792 0.868490
0.079151 -0.026547 0.579818
0.210899 -0.373314 -0.149847
0.065524 0.081198 -0.343203
0.191981 -0.110860 0.087390
-0.061719 -0.201523 -0.454102
0.157479 -0.191795 0.256715
0.264089 -0.171999 -0.256083
-0.332549 0.375688 -0.140987
-0.172327 0.158282 -0.024823
-0.102665 0.238119 -0.286415
0.231937 0.244092 -0.244957
-0.068638 0.259911 0.067594
0.415391 -0.085250 -0.113610
0.266737 0.234809 -0.344866
0.425045 0.140565 -0.071527
0.280491 0.276723 -0.094539
0.064939 0.324902 0.272489
0.168027 -0.168927 0.074906
-0.175909 -0.153388 0.269139
-0.331533 0.064648 0.284583
-0.428177 0.354952 0.406402
0.077622 -0.038118 0.358815
0.032834 -0.076814 0.433990
-0.369970 -0.205787 0.391501
0.173423 -0.035481 0.055355
0.422183 0.204480 0.680146
0.069808 -0.087775 0.534521
0.381272 -0.051050 0.298110
-0.212583 0.139520 0.019771
-0.123608 0.327021 0.048694
0.197664 0.304228 0.046871
0.207392 0.170026 0.165234
0.058161 -0.180104 -0.276185
-0.185760 -0.014970 -0.214346
-0.323526 0.107881 -0.206702
-0.279184 0.042698 -0.067845
-0.194458 -0.171594 -0.067454
-0.151671 -0.025501 -0.115972
-0.199158 -0.003391 0.114862
-0.223819 -0.013239 -0.191060
-0.022847 -0.365426 -0.182876
0.063730 -0.060098 -0.133899
0.055028 0.068336 0.033551
-0.212989 -0.217021 0.099120
0.026908 0.009393 -0.160461
-0.294455 0.016795 -0.119515
-0.075595 -0.066577 0.020850
-0.148684 -0.349389 -0.146592
-0.354399 0.070702 0.069142
0.235182 0.199724 0.670585
0.108823 -0.232992 0.274878
-0.056774 -0.033248 0.420729
0.167907 0.131349 0.222773
0.398786 0.181949 0.188307
-0.007008 0.147606 0.009211
0.178463 0.143535 0.690703
0.362907 -0.118207 0.365599
-0.009984 -0.236088 0.251785
0.337768 0.100062 0.432350
0.085781 -0.043018 0.050429
-0.007322 0.191158 0.375638
-0.153063 0.298294 0.220779
0.201693 0.191794 0.360698
-0.069166 -0.306271 0.236621
-0.293233 0.085766 0.461684
-0.046010 0.132943 0.049438
0.098497 0.048360 0.123806
0.240613 0.113471 0.260973
-0.325082 0.105951 0.158186
-0.002193 -0.083789 0.133343
0.116218 0.019244 0.101189
-0.175051 0.042902 -0.004659
-0.331258 -0.027297 0.015543
0.416425 0.036312 0.272162
0.203391 0.106364 0.069802
-0.097457 -0.142288 0.041104
-0.013772 -0.125525 0.066320
-0.043839 -0.147047 0.388133
-0.001896 -0.063936 0.112818
0.157705 -0.027465 0.129217
0.244523 -0.376614 0.040192
0.467269 -0.115460 0.320248
0.381053 -0.173597 0.149046
0.367497 -0.262768 0.069207
0.473952 0.082856 0.074085
-0.040353 -0.053907 0.066931
0.386114 0.107551 0.201062
0.315077 0.128225 -0.003115
0.104056 -0.072044 0.145473
0.066670 0.218814 0.048293
0.054368 -0.176773 0.144798
0.180064 0.211544 -0.053371
0.373203 0.003923 0.242338
0.247054 0.360560 0.048677
-0.120667 -0.057573 -0.254342
0.237116 0.012934 0.355879
-0.087936 -0.064795 -0.188057
0.093565 -0.112029 -0.412361
0.070184 0.000508 -0.494907
0.001671 0.036400 0.042543
-0.159120 0.010090 -0.290063
-0.231500 -0.067934 -0.067002
-0.082076 -0.175793 -0.181191
-0.184846 0.091428 -0.157000
-0.068411 -0.020212 -0.340218
0.026686 0.323166 -0.080211
-0.309524 0.094652 -0.071685
-0.174487 0.361231 0.142875
-0.362228 -0.064366 0.163630
-0.298840 0.165157 0.021996
-0.211602 0.039464 0.040167
-0.155559 -0.114787 0.097742
-0.039019 -0.194980 0.087415
0.109315 -0.017702 -0.076201
0.536949 -0.034846 0.010805
0.143183 -0.043609 0.003197
0.043519 0.003178 -0.198121
0.260325 0.034712 0.190784
0.088449 -0.179650 0.199799
0.029372 0.228415 -0.021489
-0.067480 0.168467 -0.080143
0.189358 -0.132297 -0.418528
-0.157087 -0.085744 -0.504803
-0.034476 0.010453 -0.788096
0.072950 0.164931 -0.514033
0.153362 -0.123841 -0.525243
-0.046862 0.030392 -0.406383
0.278630 -0.069708 -0.564172
-0.096196 -0.283867 -0.342222
-0.250010 0.251836 -0.611825
-0.148303 0.260255 -0.133497
-0.158143 -0.040775 0.367903
-0.218007 0.165942 0.496251
-0.039681 0.247459 0.228505
-0.050971 0.128626 0.233205
-0.156963 0.176357 0.142131
0.138649 0.155825 0.240651
0.146611 0.052595 0.136212
-0.345485 -0.127579 -0.038414
0.033295 -0.028351 0.116724
0.358493 0.106334 0.207019
-0.046968 -0.215718 0.045107
0.314446 0.141595 -0.081433
-0.142623 0.149333 -0.085625
-0.259140 0.229288 -0.303948
0.112193 0.084528 -0.481380
-0.184304 0.208094 -0.210745
0.063340 0.045909 -0.533720
0.125519 -0.118297 -0.194978
-0.121987 0.053869 -0.432802
-0.019900 0.111572 -0.304139
0.100152 0.257268 -0.431048
0.201906 -0.122175 -0.257847
0.158628 -0.199406 -0.175025
0.081900 -0.208583 0.018303
0.119353 0.039590 0.422245
0.160668 0.034106 0.215882
-0.136026 0.032080 0.044506
-0.133359 0.387389 0.230032
0.312529 -0.069700 0.297378
0.182488 -0.001848 0.054238
0.425216 0.144318 0.109471
0.135952 0.086666 0.269683
0.000595 -0.046740 0.143912
0.030111 0.205807 -0.058615
-0.050843 -0.050616 0.024775
-0.087521 0.156971 0.188797
0.280542 -0.200358 0.018692
-0.134801 -0.188733 -0.174017
-0.560651 0.152014 -0.145438
-0.614980 0.142112 0.039104
-0.326005 0.066649 -0.110112
-0.109699 0.131139 -0.049316
-0.483958 -0.016676 0.133743
0.152404 -0.145504 0.055647
-0.261880 0.032921 0.131698
0.274891 0.083486 -0.183816
0.414411 -0.027941 -0.098621
0.401882 -0.165459 0.128009
0.118534 -0.156979 0.302402
0.177957 -0.144845 0.271412
0.200990 -0.197063 0.264089
0.007671 -0.031051 0.066206
0.092218 -0.034060 0.091678
0.035773 0.251708 0.163872
0.042165 0.104229 -0.045435
-0.363726 -0.095585 -0.175597
0.035397 0.252206 0.240002
-0.038161 -0.165276 -0.203841
-0.223422 -0.228946 0.192677
0.133289 -0.117287 -0.053610
-0.312223 -0.043148 -0.134832
0.308029 0.165228 0.078865
-0.341715 0.273973 0.226137
-0.575075 0.006354 0.041398
-0.507908 -0.031453 -0.066512
-0.344580 0.129033 -0.021100
-0.367923 -0.076819 -0.223300
-0.202975 -0.021348 0.042056
0.007147 -0.203291 0.142205
-0.125171 -0.179859 -0.132585
0.007097 -0.103103 -0.165286
0.028301 -0.160558 -0.389897
0.004489 -0.152065 -0.634104
0.056767 -0.222156 0.178689
0.079780 -0.156293 -0.079950
-0.063725 -0.256318 0.106819
-0.075915 -0.065262 0.009967
-0.014180 -0.231959 0.095110
-0.113686 -0.278301 0.180632
0.155392 -0.489116 -0.018166
0.133707 -0.110548 -0.060722
-0.042343 -0.238499 0.081435
-0.189069 -0.232055 -0.240418
0.052764 -0.415126 -0.009301
0.101929 -0.022733 0.162291
0.236074 -0.039463 -0.122739
-0.757566 0.137450 0.030855
-0.403081 -0.076423 -0.239421
-0.292150 0.027337 0.059109
-0.344330 0.004814 -0.005437
-0.183903 0.042782 0.250491
-0.412564 0.074579 -0.340262
-0.523596 0.032908 0.430481
-0.494639 -0.136504 0.121675
-0.199995 -0.098399 -0.142769
-0.180795 -0.284403 -0.407083
-0.227401 -0.169703 -0.196314
-0.259218 -0.354220 -0.077864
-0.059317 -0.373400 -0.441609
0.230131 -0.401202 -0.184421
0.297622 -0.544872 0.118190
0.178080 -0.692013 -0.012970
-0.090457 -0.439899 0.238934
-0.110870 -0.470452 -0.166898
-0.323074 -0.703057 0.080298
-0.005761 -0.245716 0.061899
-0.169459 -0.163806 -0.261664
0.041392 -0.210657 0.072214
-0.027484 -0.275252 0.191488
-0.033808 -0.200890 -0.097738
0.056573 0.106827 0.227581
0.193286 0.089194 0.014806
0.004952 -0.074793 0.079375
0.188603 0.105198 -0.071186
0.055200 0.214314 0.041780
-0.005105 0.178933 0.118009
0.012950 0.116882 -0.382148
-0.469848 -0.101928 0.141673
-0.054293 0.247551 0.249764
-0.161008 0.153337 0.534296
-0.372951 -0.294467 0.276450
-0.107520 -0.030083 -0.123535
0.068191 0.197098 -0.353153
-0.077017 -0.042527 0.208738
-0.064459 0.009287 0.080316
-0.158391 0.376485 0.350143
-0.150084 0.337733 0.385435
0.033102 0.051614 0.712706
-0.117631 -0.206540 0.668107
-0.119760 -0.342635 0.395806
0.186226 -0.272281 -0.161174
-0.132359 -0.286926 -0.150960
0.204036 0.050424 -0.224573
-0.014862 0.248865 -0.633016
-0.215440 0.197427 0.084628
0.089311 0.124506 -0.078504
-0.077184 0.465591 0.079455
-0.021159 0.103777 -0.237970
-0.256719 -0.030287 -0.422411
0.045860 0.254236 -0.053848
0.231990 0.219992 -0.171447
-0.129873 0.103770 0.008275
-0.179963 0.134486 0.495268
0.069279 -0.159437 0.408903
-0.232069 -0.176354 -0.034644
0.233848 0.063813 0.123847
-0.000941 -0.080698 -0.370642
0.016007 -0.227291 -0.298167
0.040836 0.143045 0.056049
0.129165 0.472823 0.030779
0.047490 0.381217 0.540248
0.309132 -0.108579 0.288568
-0.095791 -0.368773 0.261395
0.104017 -0.036827 0.387973
-0.001830 0.016917 0.210854
0.118227 -0.073985 0.509127
0.515657 -0.159315 -0.136444
-0.044058 0.260520 -0.539926
0.075693 0.036362 0.065875
-0.042729 0.024752 -0.266029
0.083940 -0.114945 -0.064750
0.137782 -0.091486 0.185878
0.124840 0.058660 0.217060
0.252961 -0.134339 0.100018
0.289677 -0.085301 0.387482
0.427644 -0.121467 0.039908
0.205702 0.024000 0.410265
0.410205 0.049211 0.123181
0.071589 0.063262 -0.231319
0.235037 0.341685 -0.232241
0.484590 0.242073 -0.222256
0.260951 0.103586 -0.052226
-0.047174 0.040854 -0.196299
-0.226019 0.188863 0.320748
0.145652 -0.112799 0.299098
-0.155265 0.066416 0.389900
0.152734 -0.075933 0.467184
0.019443 -0.021707 -0.059561
0.068351 -0.142304 0.226016
0.159999 -0.430548 -0.259040
0.280141 0.111627 -0.276562
0.110869 -0.282621 -0.236221
0.313442 0.147375 -0.092531
0.169863 0.403434 0.222489
0.203984 0.030919 -0.016822
-0.038959 0.321335 0.115868
-0.003087 -0.057896 0.350847
-0.197324 0.530799 0.253958
-0.054506 0.386765 -0.020247
0.032975 0.341340 0.016918
0.186445 0.612499 0.097792
-0.118896 0.580311 -0.232702
0.255855 0.889024 0.159295
0.244101 0.686789 -0.064510
-0.096813 -0.048363 0.235531
-0.024057 0.097794 -0.058588
0.072931 0.212575 -0.177492
0.332154 -0.068496 -0.258564
-0.074013 -0.297110 -0.107762
-0.115693 -0.264472 0.524262
0.017970 0.023430 0.183814
0.061108 0.142942 0.039564
0.224756 0.072468 -0.144490
0.295580 -0.122027 0.062816
0.055768 0.375698 -0.328834
0.149813 0.110538 -0.187106
0.432063 0.083185 0.295998
-0.004214 -0.115181 -0.126119
-0.022546 0.363511 0.154675
0.338012 0.309000 0.278235
-0.059539 0.549889 0.165913
0.296704 -0.179021 0.366349
-0.012153 0.261101 0.252136
0.312269 0.583369 0.161279
0.043297 0.477349 -0.288148
0.223611 0.084789 0.106280
0.105892 -0.134383 -0.135340
0.153087 -0.204896 0.388731
-0.091202 -0.134511 -0.099533
-0.149959 -0.076707 0.014652
-0.168783 -0.455161 -0.157572
0.233267 -0.187407 -0.198882
-0.208111 0.384846 -0.133446
-0.403809 -0.071710 0.095571
-0.221150 -0.200466 -0.016034
0.095054 -0.181998 0.153925
0.178193 0.137404 0.153003
0.227061 -0.054263 -0.567761
0.234980 0.156937 -0.090180
-0.310228 0.096401 -0.070393
-0.132504 -0.044365 0.178319
-0.136516 0.000139 0.524142
0.023445 0.445386 0.046739
0.433359 0.327418 0.361585
0.187007 0.518155 0.286340
0.380683 0.402597 0.272546
0.121691 0.346522 -0.007594
0.110506 0.379491 -0.126807
0.218099 0.096742 -0.069998
0.021673 -0.216825 -0.256127
0.089982 -0.345743 0.009706
-0.234676 0.035830 0.328759
0.058860 -0.067887 0.236680
-0.084074 0.020699 -0.144027
0.068677 -0.047660 -0.281530
-0.110220 -0.124779 -0.283950
0.017972 -0.151516 0.050249
-0.003006 -0.031548 0.030435
0.040671 -0.030804 0.642775
0.305560 0.167418 -0.053114
0.231505 0.017227 -0.132523
-0.132017 0.353645 -0.423040
-0.150509 0.049873 -0.251142
-0.204316 0.144871 -0.334154
-0.126564 -0.067702 -0.348844
0.389969 0.220774 -0.404347
0.153234 -0.104089 -0.309405
-0.098699 0.123098 -0.029683
-0.153292 0.059394 -0.174038
-0.249161 -0.001184 -0.116349
-0.246851 0.155322 -0.060844
-0.351669 -0.109560 0.171682
-0.473819 0.135143 0.206602
-0.516798 0.323745 0.398714
-0.397349 -0.067993 0.244680
-0.565066 0.037305 0.196360
-0.490436 0.287938 0.282198
-0.365468 0.038638 -0.114796
-0.452613 -0.028150 -0.161921
-0.007953 0.047029 -0.920214
0.012301 0.386208 -0.328547
0.308319 -0.325595 -0.594692
0.260731 0.237606 -0.347074
0.317096 -0.030612 -0.569398
0.419741 -0.302533 -0.456671
0.077744 -0.168686 -0.721944
0.390115 0.361230 -0.374006
0.101977 0.075200 -0.329464
-0.147598 0.217529 -0.607627
0.104536 -0.144093 -0.080385
-0.233101 0.014097 -0.111839
-0.161406 -0.118168 -0.111001
-0.186679 -0.208378 -0.096783
-0.187293 -0.179558 0.462222
-0.530484 -0.497416 0.104753
-0.640046 -0.002357 -0.064580
-0.652010 -0.478736 0.157161
-0.271532 0.088223 0.089974
-0.586013 -0.142542 0.109856
-0.547044 -0.264225 0.031027
-0.329322 0.273149 0.048580
-0.319583 0.233293 -0.141305
-0.137451 0.097045 -0.333302
-0.197436 -0.059850 -0.545819
0.234636 0.257401 -0.483916
-0.037477 -0.087555 -0.405475
0.044339 -0.019454 -0.441698
0.091056 0.033321 -0.332878
0.073641 -0.015071 -0.471056
0.280042 -0.030969 -0.210762
-0.134822 0.121798 -0.137945
0.000150 -0.173689 -0.425078
-0.423607 -0.110263 -0.564465
-0.239617 -0.237918 -0.418596
0.006168 -0.228488 0.114212
-0.053581 -0.111982 0.158756
-0.204721 -0.115725 0.048486
-0.372737 -0.157572 0.119180
-0.287900 -0.119524 0.302159
-0.551856 0.068367 -0.051901
0.039738 -0.340831 0.296022
0.193772 -0.584630 0.344310
0.053680 -0.280503 0.293503
0.063144 0.041205 0.420802
0.226965 -0.162818 0.026281
-0.212012 0.071117 0.125977
-0.271620 0.127114 -0.357178
-0.248432 -0.032189 -0.824601
0.139659 -0.029017 -0.714271
0.194871 0.240331 -0.556457
0.523741 -0.045664 -0.500789
0.455592 0.007275 -0.170146
0.096480 0.234601 -0.163434
0.006189 0.059689 0.058572
-0.019698 0.184992 0.027458
-0.191716 -0.249226 0.083746
