0.030791 0.232915
-0.148332 0.465279
0.039156 0.016467
0.263730 0.353543
0.137650 0.178106
-0.056713 -0.055841
0.067989 -0.322247
0.138263 -0.193622
0.249666 -0.182011
0.069180 -0.367688
0.173925 -0.006002
-0.213804 0.113997
-0.133640 0.009174
-0.401494 -0.169006
-0.286046 0.093573
-0.004621 -0.390433
-0.313459 0.169076
-0.292427 0.106575
-0.073278 0.438904
-0.183087 -0.375632
0.105383 0.204650
0.103062 0.575291
0.403875 0.289662
0.259529 0.218876
-0.087697 0.290619
0.344435 0.024280
-0.092287 0.448497
-0.016379 -0.083943
-0.399904 0.351385
0.113620 0.184925
0.049159 0.343051
-0.006869 -0.052451
0.458139 -0.023508
0.436221 -0.239316
0.273357 0.179270
-0.295143 -0.123164
0.040729 -0.042183
0.224098 0.126729
-0.420091 -0.489484
-0.148427 0.000593
-0.095249 0.352631
-0.017320 0.142585
-0.045190 0.401471
-0.112641 0.048359
-0.028675 0.292705
-0.198788 0.105655
-0.001626 0.125027
-0.134634 0.066975
0.340847 -0.069946
0.240159 -0.212016
0.016446 -0.029546
0.256917 0.185423
-0.212896 -0.236950
0.223968 -0.141954
0.079305 0.215636
0.159843 -0.242695
0.105145 -0.006270
-0.016580 0.213770
-0.083496 -0.195433
-0.082056 0.516669
-0.122062 0.015233
-0.138569 0.241367
0.069196 0.104844
-0.256445 0.350284
-0.006665 0.341334
-0.107906 -0.197551
0.189424 0.317280
-0.294137 -0.175761
0.122089 -0.174556
0.014591 0.165396
-0.023529 0.091210
-0.235330 -0.262920
0.223607 0.020929
0.032474 0.284191
-0.165443 -0.024456
0.514038 -0.173511
0.189591 0.142209
0.068716 -0.355573
-0.128686 0.449405
0.080239 -0.504420
-0.391704 -0.051197
-0.426939 -0.382872
-0.019403 -0.466795
-0.468557 -0.321667
0.085089 -0.767003
-0.080032 -0.345472
0.228424 -0.391964
0.384756 -0.611097
0.008287 -0.299834
0.324931 -0.516532
0.186041 -0.217186
0.103039 -0.089179
-0.095857 -0.454605
-0.239780 -0.230453
0.047744 -0.320955
-0.156803 -0.509835
0.253508 0.389603
0.165885 -0.155628
0.153260 -0.348562
-0.012289 -0.004774
0.275581 -0.149410
0.329640 -0.134567
-0.033089 -0.303078
-0.339045 0.110477
-0.359042 -0.161543
-0.044614 -0.043349
-0.558273 -0.332801
-0.174577 0.094878
-0.107824 -0.054334
0.124018 -0.046124
-0.334114 -0.002447
-0.003374 0.567012
-0.096193 -0.127996
-0.235608 -0.344650
0.257628 -0.148884
-0.520270 0.048156
0.028605 -0.148091
0.117127 0.203032
-0.069080 -0.193614
0.051216 -0.248689
0.164135 0.379878
-0.095784 0.472847
-0.152099 0.212945
0.244011 -0.096405
0.296673 0.206358
-0.263122 0.299390
-0.360429 -0.022635
-0.347750 -0.081631
-0.719586 0.274236
-0.595706 0.026368
-0.219053 0.160873
-0.141790 -0.068360
-0.481034 -0.002621
-0.255505 -0.197288
-0.112535 -0.165333
-0.096396 0.105772
0.207845 0.452199
0.010383 -0.613554
0.799372 -0.322350
-0.004240 0.130168
0.167470 0.104484
0.118179 -0.009543
-0.179189 -0.294631
0.408139 0.074674
-0.201469 -0.615052
0.076886 -0.744835
-0.043514 -1.023075
0.044175 -1.112316
0.012614 -0.240098
0.041721 -0.194105
0.122590 -0.151494
0.100022 -0.098297
0.124001 0.171823
-0.000139 0.043039
0.281476 0.047776
-0.381217 -0.282034
0.093271 -0.026491
-0.051057 -0.155589
-0.231354 -0.022839
-0.100953 -0.195172
-0.166730 0.291437
-0.182203 0.194125
-0.090021 -0.052418
-0.040520 -0.085595
-0.170980 0.014057
-0.003240 -0.115541
0.079672 -0.289792
0.060215 0.367263
0.308102 -0.403838
-0.185089 -0.567359
0.009954 -0.212169
-0.138850 0.043618
-0.100016 -0.384699
-0.028029 -0.293909
-0.183139 -0.805318
-0.100269 -0.600188
0.034289 -0.382823
-0.289406 -0.289435
-0.106157 0.022917
0.096534 0.054964
-0.129607 0.086638
0.079733 -0.207904
0.034444 -0.124128
0.232442 0.372647
0.375201 -0.169920
0.348429 -0.357077
0.285304 0.054502
0.271398 0.237485
0.670793 -0.364996
-0.031396 0.078300
0.159503 0.423342
0.086658 0.151720
0.159854 0.496609
0.110694 0.049363
0.132226 -0.327011
-0.344698 -0.045790
0.347775 -0.120519
-0.303846 0.127318
-0.206126 0.152036
0.521634 0.105399
-0.271069 -0.333117
0.009944 -0.354363
0.425714 0.071054
0.540071 0.065558
0.379611 -0.230996
-0.754056 -0.063728
-0.501350 0.093142
-0.288555 0.239802
-0.277342 0.102518
0.370407 -0.109259
0.128591 0.100986
0.309160 0.010909
0.165742 0.257322
0.085747 -0.078321
-0.026461 -0.226095
0.037131 -0.074104
-0.020086 0.500536
-0.078135 -0.244721
0.172358 -0.278164
0.119699 -0.280095
0.051343 0.268170
0.194352 0.505059
-0.161476 0.430044
0.061975 0.729952
-0.013365 -0.451524
0.114644 0.139255
0.554924 -0.048135
0.662196 0.142794
0.543142 0.267637
-0.025053 -0.091370
-0.206394 0.087020
0.136257 0.066861
-0.137798 0.128886
-0.340909 0.085588
0.043741 -0.134160
-0.169685 0.322718
0.056623 -0.104176
0.466688 0.147066
0.371011 0.127156
0.120458 -0.046601
-0.069698 0.298357
-0.175708 0.365903
-0.337817 -0.273489
0.169380 0.111479
-0.146017 -0.042934
-0.192144 -0.348499
-0.310025 -0.280277
-0.343523 -0.377139
-0.093005 -0.475168
-0.087092 -0.083020
-0.277528 0.037388
-0.347659 -0.121813
-0.286214 -0.231771
-0.114513 -0.265348
-0.464478 0.258330
-0.283019 -0.075718
-0.163713 -0.169544
0.011874 0.400736
-0.560379 0.152223
-0.121150 -0.398199
-0.328486 0.234288
0.055982 0.014893
-0.089365 -0.152881
0.022180 -0.133722
-0.083136 0.010734
-0.225484 0.215890
0.028792 0.080996
-0.151446 0.296900
-0.205994 0.349947
0.005347 0.139486
-0.031671 0.656466
-0.031944 0.198908
-0.533407 0.421256
-0.086864 -0.215642
-0.111747 0.192596
-0.326070 0.004957
-0.209456 0.232363
-0.044672 -0.141764
-0.327808 0.482377
-0.400669 0.326103
-0.376008 0.145546
-0.386671 0.118339
-0.108170 0.043083
-0.139102 0.222032
-0.318567 0.266965
-0.074591 -0.088218
0.044335 -0.101779
-0.145067 -0.011913
0.308181 0.708060
-0.146983 0.367276
0.270953 0.094286
0.201543 -0.320374
-0.228865 -0.090005
-0.209851 -0.363495
-0.334974 0.137681
-0.641470 -0.400359
-0.074380 -0.322384
0.206728 0.217896
0.256086 -0.075775
0.260110 0.132078
0.392077 -0.183004
-0.160735 0.084738
0.101150 -0.046946
-0.216896 0.097236
0.003566 -0.139823
-0.498737 -0.021856
-0.272055 -0.424114
0.082585 -0.061984
-0.217987 -0.151674
-0.219113 -0.259032
-0.293177 -0.133429
-0.103099 -0.069147
0.227940 0.296120
0.296672 0.108069
0.090606 0.208528
-0.070459 -0.244363
-0.129940 0.053743
-0.267098 -0.040283
-0.758572 0.002317
-0.972838 -0.145717
-0.357130 -0.097121
-0.239359 0.007671
0.146811 -0.227888
0.135507 -0.122364
0.107319 0.035283
-0.076777 0.029558
-0.118451 0.393757
-0.333156 0.078153
-0.209436 -0.150928
-0.219861 -0.011045
-0.333472 0.252032
-0.257719 -0.038467
-0.416841 0.410667
-0.192028 0.035500
-0.312762 -0.017482
-0.080514 -0.087178
