-0.024122
-0.101892
0.398922
-0.433544
-0.025404
0.542928
0.109818
-0.296551
-0.192338
-0.105190
0.670870
0.540989
-0.503357
-0.040504
-0.495902
0.208914
0.216630
0.287560
0.202722
0.053750
-0.301201
0.052093
0.088001
-0.008877
-0.072075
0.163846
0.299507
0.072540
-0.036832
-0.061643
0.027225
0.336178
0.091113
0.128114
-0.374182
-0.012905
0.008075
-0.338579
0.087796
0.091143
-0.071053
0.309139
-0.128715
0.243169
0.041578
-0.470547
-0.198877
0.489179
-0.020024
0.282586
-0.029937
-0.191415
0.173147
-0.072629
-0.222975
0.037745
0.352578
-0.065748
-0.359684
-0.023765
0.030822
0.495356
-0.418298
-0.330193
0.472660
-0.066708
-0.200526
-0.109496
-0.636631
0.140878
-0.594559
-0.037260
-1.748192
-0.903751
-0.629237
0.264404
0.024913
0.074945
0.376271
0.562235
0.201128
-0.031027
-0.122493
0.025708
0.029796
-0.600922
0.232970
0.293226
-0.363589
0.225582
-0.235649
0.132524
0.117737
-0.160320
0.144008
0.049909
0.209714
-0.345420
0.215592
0.008255
0.395294
0.114053
0.290499
0.474407
0.189803
-0.603458
-0.025878
-0.175685
-0.110288
0.104361
-0.307522
0.162226
0.542988
0.270736
0.574396
0.571352
0.381973
0.474408
0.260428
-0.635595
-0.077608
-0.091403
0.044443
0.139509
-0.187122
0.170419
-0.106900
0.043642
-0.274674
0.258618
-0.006867
-0.169369
0.103269
-0.637766
0.182925
0.358870
0.637458
0.504597
-0.807402
-0.892262
-0.330811
0.304055
0.614849
0.218806
-0.246274
0.376902
0.547880
0.293691
0.037341
0.392392
0.201701
-0.247677
-0.098717
-0.133988
-0.154092
0.279228
-0.124221
0.057203
0.113522
-0.628875
-0.311515
-0.534398
-0.176047
0.058657
0.224263
-0.125634
-0.208531
-0.021393
