-0.443701 -0.193216 0.576541 -0.304866
-0.275111 -0.827146 -0.206252 0.330673
0.027100 0.038232 -0.210937 0.018004
0.248068 -0.446338 -0.052441 -0.170158
0.141547 -0.245476 0.146632 -0.740248
0.470838 0.351730 -0.185385 -0.245466
0.487541 -0.332029 0.509758 -0.134276
0.434286 -0.040701 -0.483997 0.085811
-0.075076 0.393924 0.237058 0.501857
0.667431 -0.088203 -0.671964 0.246618
0.673124 0.713177 -0.095325 0.048117
0.558239 0.568419 0.345185 -0.141870
0.075344 0.670432 0.222599 -0.376850
0.413666 0.526966 0.327791 0.284265
-0.355670 1.007521 0.123496 -0.005094
0.315982 0.520276 -0.346268 0.416665
-0.384600 0.582715 -0.403726 -0.289732
-0.408004 0.495847 0.149009 0.043624
-0.331701 0.890108 0.075546 0.217322
-0.320615 0.343780 0.195176 -0.285145
-0.012939 0.135127 0.230045 -0.083684
-0.237356 0.050941 -0.078793 0.625469
-0.031837 0.267203 -0.052763 0.003452
0.325874 -0.170726 -0.136616 -0.039279
-0.174984 -0.248935 0.410231 0.316325
0.188422 0.167190 0.118572 0.297466
-0.462194 -0.152170 -0.037652 -0.043342
0.280673 0.072990 0.038307 -0.387456
0.285974 0.093652 0.459385 -0.251738
0.165447 0.110939 -0.317624 0.114953
0.044894 0.119539 -0.164563 0.511734
-0.050240 -0.222439 -0.262389 0.670601
-0.170486 -0.123338 -0.054299 -0.103301
0.102418 0.460394 0.531966 -0.346370
-0.045764 0.045355 0.227742 -0.459408
-0.311746 -0.006321 0.173846 -0.180156
-0.112996 -0.458206 0.004637 0.189549
0.201187 0.055758 -0.527293 0.195631
-0.124062 -0.186174 0.119796 0.684728
0.030422 -0.075417 0.237661 0.149979
0.043629 0.564707 0.066652 0.109015
0.261999 0.469986 0.497560 -0.337133
0.508427 0.450666 0.027894 0.136160
0.118764 -0.381199 -0.012462 -0.773766
0.430187 -0.235348 -0.537812 -0.100289
0.005133 -0.041358 -0.433539 -0.008233
0.438053 -0.225806 0.228344 0.082284
0.043378 -0.343218 0.017727 0.335246
-0.029871 0.141243 -0.138867 0.708162
-0.043004 -0.040911 -0.060325 0.486882
-0.086768 -0.033193 -0.741530 0.311288
0.064794 0.172561 -0.070265 -0.322142
0.204003 0.049129 -0.110507 0.333772
0.064608 -0.142218 -0.185475 -0.052183
0.612688 0.254570 -1.038074 -0.532175
-0.291077 -0.129374 0.381103 -0.637097
0.079767 0.536001 -0.411794 -1.144469
0.356559 0.094836 -0.401163 -0.200078
-0.060563 0.185212 -0.353231 0.035799
-0.300906 0.234345 0.396866 -0.074796
-0.993312 0.058467 0.152323 0.171460
-0.322497 -0.290077 0.223429 0.619541
-0.511597 -0.210466 0.606345 0.036103
0.146645 -0.313293 0.219305 0.165652
-0.194703 -0.175260 -0.148810 -0.279190
0.357023 -0.052428 -0.120211 -0.230594
0.299638 0.382856 0.115306 -0.208452
0.575664 -0.474176 0.227309 0.065534
0.521568 0.178049 -0.575561 0.287947
0.578584 -0.218528 0.415105 0.297937
0.101427 -0.176457 0.211817 -0.123349
0.085212 -0.453380 0.443999 -0.482409
-0.143259 -0.335734 -0.553347 -0.154046
0.265436 0.156011 -0.361266 0.171419
-0.423499 0.036080 0.366897 0.065958
0.064383 0.243016 -0.182825 -0.454510
0.145451 0.242612 -0.326189 0.138434
-0.360056 0.152966 0.208848 0.313879
-0.139987 0.300523 -0.021651 0.064617
-0.343509 -0.030913 -0.706509 0.369608
-0.166398 0.341831 0.285735 0.397957
0.305434 0.742324 -0.054464 -0.260071
-0.569438 0.343375 -0.706240 0.164749
0.054800 0.231103 -0.012965 0.050938
-0.019972 0.305634 0.009340 0.317312
-0.125457 0.439111 -0.290342 0.236438
-0.024410 0.239018 -0.302157 -0.152577
-0.118521 0.091365 0.055998 0.017446
-0.168916 0.521781 -0.261425 -0.192543
-0.112081 -0.129451 0.140756 -0.634736
-0.009010 0.059053 -0.802102 -0.629581
-0.064908 -0.097267 0.076335 -0.308726
0.146743 0.462739 -0.179897 -0.190498
0.086244 -0.084492 0.231214 -0.226809
0.030097 0.742247 -0.036879 0.322965
-0.300450 -0.464196 0.186120 -0.190221
0.093011 -0.184112 0.223850 0.488008
-0.110148 0.605796 -0.108343 0.277097
0.514059 -0.221042 -0.106664 0.539357
0.515399 -0.257304 -0.779205 -0.618781
-0.150732 0.072550 -0.447854 0.195348
1.126034 0.073396 -0.249216 -0.368823
0.293225 0.122223 0.069238 -0.005909
0.961282 -0.038980 -0.511476 0.095416
0.755841 0.037433 0.890254 -0.164785
0.874490 0.331804 0.221928 0.515641
0.704417 0.193976 0.214363 -0.002704
0.902090 -0.161936 -0.128659 0.166856
0.516593 0.345014 0.173852 0.092597
-0.335735 -0.349238 0.367902 -0.360699
-0.400562 -0.307293 -0.007096 -0.350631
-0.798547 -0.091919 -0.096589 0.028717
-0.348635 -0.347582 0.561721 -0.329226
-0.395602 -0.016026 0.142036 0.070956
-0.583697 -0.057902 0.390691 -0.184471
-0.057249 0.207567 0.267275 -0.059291
-0.428531 0.439501 0.353204 0.237021
-0.394156 0.502098 0.267210 -0.285138
0.200028 0.694340 0.578184 0.159422
-0.264134 1.221253 0.227685 -0.553505
0.252994 0.022132 0.155983 0.184285
-0.111180 -0.344124 -0.009964 0.559064
0.178519 -0.078001 -0.083840 0.346279
-0.019960 -0.002983 -0.325353 -0.167944
0.169095 0.272681 -0.062737 0.406342
-0.243343 0.038111 -0.350601 -0.021000
0.103802 0.178133 -0.243355 -0.101544
0.001206 -0.387435 0.233818 -0.085749
0.235905 0.080418 -0.122661 -0.203131
-0.277871 0.724444 -0.130841 0.188229
-0.002640 0.060957 -0.261116 -0.648077
-0.210173 0.521289 0.495571 -0.337430
0.054161 0.841055 -0.334907 0.101971
0.424792 0.181087 0.126892 0.089611
-0.308455 -0.117753 0.348356 0.494074
-0.153641 0.395677 0.397369 -0.025134
-0.390378 -0.187104 0.367255 0.392993
-0.429461 -0.073407 0.664357 -0.332806
-0.366787 0.453794 1.203746 0.096270
-0.007093 -0.536834 1.020551 -0.011940
-0.146377 0.424389 1.123694 0.467358
-0.199552 0.255268 0.884456 -0.291099
-0.050832 0.395478 0.913309 0.076530
0.128556 -0.056188 0.096628 0.039800
-0.154832 -0.190013 0.239951 -0.145572
-0.249046 0.452979 -0.400185 -0.504665
-0.391819 -0.456374 -0.396809 -0.316050
-0.625139 -0.658234 0.097423 0.013703
-0.412801 -0.508354 -0.071347 0.591846
-0.382242 -0.536137 -0.203936 0.183118
-0.094582 -0.466570 -0.429543 0.302403
-0.071315 0.250263 -0.367067 0.086445
-0.413530 0.185789 -0.200516 0.107947
0.301282 0.120082 -1.013853 -0.114159
0.486094 0.001269 -0.475131 -0.285940
0.132196 0.099128 -0.507257 0.279946
-0.656328 -0.265109 -0.542479 -0.396762
0.529601 -0.384928 -0.038775 -0.255263
-0.024487 -0.102735 -0.721300 -0.404103
-0.637621 -0.540053 0.323282 -0.260821
-0.264359 -0.360912 0.207597 0.423005
0.387373 0.401720 -0.181119 0.470802
-0.400193 -0.229454 -0.274554 -0.044211
0.187914 0.082992 0.047410 -0.115799
-0.323705 -0.083171 0.401521 -0.253039
0.141366 0.099429 -0.178403 -0.515008
0.086443 -0.055626 0.802744 -0.218153
0.203575 -0.406933 0.001576 -0.507883
