-0.806564 0.213777 -0.119935 0.735661
-0.860940 -0.022696 -0.155088 0.191068
-0.477687 0.346066 0.053735 -0.163200
0.229526 0.456366 0.386005 0.147005
-0.766711 0.212587 0.186223 0.092743
-0.277764 0.469973 -0.041729 0.244919
-0.344112 0.032116 0.096395 0.091410
-0.094162 -0.282145 0.287997 0.243052
-0.162491 -0.134257 -0.308265 0.115063
-0.491389 -0.004096 -0.468911 0.348169
-0.212727 -0.553094 0.087375 0.407650
-0.217827 -0.200699 -0.316259 -0.168775
-0.324977 0.255737 -0.216951 0.056116
0.266554 -0.506481 -0.070274 -0.075077
0.531410 -0.117122 -0.064497 -0.088298
0.238308 0.006861 -0.114461 -0.305443
0.066383 -0.319081 -0.174721 -0.654021
0.183738 0.416511 -0.171151 -0.349102
0.078426 -0.001511 -0.451523 0.070059
-0.708482 0.620892 -0.097166 -0.229798
-0.064285 -0.188228 -0.095938 0.005568
0.284514 0.009421 0.492672 -0.347286
-0.019328 0.067428 0.056862 -0.035385
-0.437250 -0.037003 -0.214460 0.022607
-0.035730 0.224401 -0.355546 0.065163
0.034540 0.228330 0.051724 0.425400
-0.662401 0.309744 0.344474 -0.305314
0.268596 0.134116 0.079971 -0.300323
0.323912 0.077155 -0.440018 -0.257015
-0.143662 0.177237 0.035024 0.237023
-0.048561 -0.309356 0.733355 -0.089312
0.013949 0.184034 -0.315228 -0.197525
-0.263059 -0.170967 -0.030358 0.539556
0.279001 0.154436 -0.270331 -0.050889
0.080668 0.193603 0.077255 -0.492435
-0.022642 -0.321369 0.144210 -0.285125
-0.297120 0.060307 0.304492 0.438370
0.116212 0.599990 -0.027962 -0.361585
-0.154961 0.034833 -0.732999 -0.096355
-0.402550 -0.477396 -0.189755 0.531084
-1.001262 -1.113042 -0.243029 0.632730
-0.143199 -0.179054 0.450820 -0.023626
-0.158019 0.648100 1.115984 -0.249253
0.560460 0.468330 0.106586 -0.323725
0.291633 0.374672 -0.442105 -0.142445
0.462888 -0.014515 -0.295566 0.450187
-0.098902 0.020854 -0.690199 -0.479169
-0.589649 -0.640663 0.258015 0.266477
0.173736 0.470752 -0.638444 0.200823
-0.218314 -0.085764 -0.896167 0.099715
-0.825023 0.071460 0.054823 -0.344422
-0.500205 -0.204772 -0.030925 -0.176721
-0.142214 -0.025995 -0.595792 0.087100
-0.239999 -0.546610 -0.093803 -0.167017
0.499134 0.212440 0.219379 0.176692
0.363707 -0.002092 0.049849 0.001148
0.198440 0.113999 0.319936 -0.043963
0.323117 -0.276793 0.249975 -0.007189
0.085315 0.273941 0.526412 -0.082248
-0.142535 -0.002824 -0.615214 0.329266
0.082018 -0.008065 -0.187636 0.320151
-0.071743 -0.268468 -0.519059 0.347026
-0.524794 0.016782 0.345444 -0.089697
-0.131687 0.495770 0.073432 -0.028865
-0.475619 0.074654 -0.223914 -0.366363
0.067457 0.077475 0.365477 -0.299744
-0.535512 -0.174671 -0.523995 0.421558
-0.318601 0.136145 -0.271048 0.323801
0.112958 -0.282199 -0.262989 -0.303015
0.250173 -0.450785 -0.186946 0.248379
0.075843 0.024307 0.121505 -0.122965
0.141812 0.075922 0.240673 0.395980
-0.144475 0.242513 -0.249504 0.487195
-0.562663 0.226241 0.223475 -0.055007
0.230638 0.205159 0.193469 0.197250
-0.008232 0.102658 -0.052168 -0.324927
0.091710 -0.368698 0.022072 -0.061738
0.261225 -0.004593 0.305516 0.247336
-0.122137 -0.549706 0.316052 0.127781
-0.577100 -0.136766 0.204113 0.144328
0.201524 -0.325377 -0.665406 -0.218703
0.358778 0.103675 -1.273821 0.631780
0.412358 -0.027194 -0.530290 0.013506
-0.189331 0.179777 -0.038390 0.217931
-0.217418 0.394882 0.378662 -0.063455
-0.121781 0.198453 0.267833 0.124213
-0.125489 -0.397968 -0.308474 -0.096727
0.066507 -0.062738 0.224497 -0.035682
0.194201 -0.008407 -0.283800 -0.191494
-0.006507 -0.099252 -0.035373 0.020390
0.215391 0.160931 0.030268 -0.231340
0.289590 -0.095176 -0.086026 0.133109
0.165370 -0.010728 0.204588 -0.315251
-0.025379 0.329814 -0.464111 0.440201
0.184377 -0.232110 0.090812 -0.408013
0.264615 0.229032 0.241198 -0.016241
-0.053048 -0.216328 0.603810 -0.020928
0.209850 -0.001767 -0.008259 -0.531282
0.104733 -0.437423 -0.155924 -0.064377
-0.164154 0.159201 -0.211436 0.230596
-0.119610 -0.064428 0.516429 0.589534
0.219003 -0.117966 0.277480 0.218172
-0.443662 0.305276 -0.336528 0.131875
-0.326550 0.489287 0.148530 0.044983
0.148571 0.666264 -0.505824 0.487313
0.114493 0.100046 -0.020811 0.561087
0.001914 -0.087940 -0.210511 0.361665
0.415328 0.093582 0.201376 -0.035088
0.012513 -0.114360 0.020616 0.153768
0.102738 0.041843 0.734614 0.179643
-0.144644 0.029887 0.551246 0.179018
-0.160073 0.056923 0.371360 0.645599
-0.479098 -0.593243 0.376318 0.206038
-0.148570 -0.205371 1.021695 0.027664
-0.023524 0.037976 0.817377 0.215325
-0.364333 0.141336 0.388445 -0.265703
-0.164889 -0.135231 0.074882 -0.326949
0.175916 0.517407 -0.000500 -0.007664
0.780355 0.298814 0.876756 -0.505457
-0.322488 0.281604 0.249339 0.404920
0.436929 0.228835 0.189064 0.201437
-0.151990 -0.340232 -0.237984 0.424702
-0.245737 -0.459155 -0.009795 -0.111887
-0.676835 -0.251480 0.731214 -0.040986
-0.594689 -0.688502 -0.167722 0.046703
-0.603199 0.091720 0.688983 0.158309
-0.951123 -0.496116 0.563118 -0.166538
-0.571304 0.346267 0.825422 0.307121
-0.798114 0.639672 0.519884 0.011346
-0.408007 0.505774 -0.136627 -0.352298
-0.793333 0.961122 0.117851 0.019487
0.200221 0.091568 -0.345426 -0.170634
-0.421165 0.007997 -0.506511 0.142595
-0.385642 -0.068906 -0.076516 0.111555
-0.088178 -0.435138 -0.086156 0.489892
-0.203199 -0.280480 0.124725 -0.090616
-0.006924 0.318836 0.041444 -0.045622
-0.222162 -0.540528 0.018543 0.499143
-0.047364 0.527786 -0.198429 0.215716
-0.001741 0.038673 0.033033 -0.085502
-0.413328 -0.027325 -0.389199 0.373788
0.236146 0.301642 -0.490351 0.217363
-0.352466 -0.349784 0.191568 -0.649919
0.089483 -0.240670 -0.126593 -0.487435
0.292517 -0.089944 0.256564 0.116110
0.073764 0.776985 0.151306 -0.461042
0.166930 0.363548 0.478428 -0.517853
0.132188 0.124324 0.399938 -0.368800
-0.008149 0.279885 -0.124802 0.146380
-0.117174 0.248951 -0.043193 -0.038847
0.419625 0.539555 0.239075 -0.157454
0.030182 0.192228 -0.055680 -0.362126
-0.122888 0.203836 -0.343420 0.255647
0.536344 0.173564 -0.028390 0.079745
-0.146753 0.333113 0.038291 0.112618
-0.203221 -0.387859 -0.547768 0.107150
-0.770255 -0.174587 0.120854 0.165311
-0.075698 -0.350443 -0.510581 0.334943
-0.510574 -0.636544 0.033939 -0.588244
0.303358 -0.530711 -0.004857 -0.517488
-0.280413 -0.834036 -0.525894 -0.377383
-0.263420 -0.399704 -0.684759 -0.030236
-0.378868 -0.310304 -0.775411 -0.391670
0.161808 -0.615670 -0.036414 -0.419476
-0.034148 -0.437110 -0.683621 -0.031533
-0.170962 -0.630659 0.142881 -0.082734
0.276248 -0.346310 -0.048099 0.037908
0.301215 -0.514274 -0.258031 0.446180
