-0.066668 -0.053819 0.119538 -0.878041 -0.039431 -0.467189 -1.002906 0.557020 0.092063 -0.138040 -0.299716 0.023814 -0.188166 -0.417132 -0.334958 -0.434240
-0.156493 0.260656 -0.557953 -0.244867 -0.196694 -0.685992 0.144134 0.103372 -0.048369 -0.467084 -0.141342 -0.098802 0.015192 -0.323341 0.010385 0.062993
-0.237702 -0.250976 0.016634 -0.183193 0.277047 0.199656 0.029188 -0.301390 0.361014 0.265865 -0.390183 0.240740 -0.459465 -0.526660 0.660528 0.108656
-0.583708 0.053672 -0.234888 0.070873 0.098463 -0.438171 -0.288056 -0.336593 0.045911 0.200114 0.197632 -0.432344 -0.183783 -0.645559 0.535667 0.170818
-0.363720 0.323135 -0.031871 0.107796 0.207629 -0.157401 -0.144103 -0.323853 -0.190967 -0.271705 -0.750092 -0.058784 -0.607362 -0.031848 0.117982 -0.277111
-0.237130 0.275813 0.263295 0.311528 -0.196690 -0.475786 0.256653 -0.276689 0.270389 0.062968 0.516821 0.468604 -0.450890 -0.413723 0.387491 -0.157366
-0.056226 0.318018 0.337331 0.583205 -0.089390 -0.354910 0.182568 0.797002 0.325912 0.152113 -0.514883 0.392576 -0.179783 0.326923 -0.007230 -0.418082
-0.293552 0.202131 0.192362 0.076075 0.029763 -1.104527 -0.585430 -0.940214 -0.119746 0.163200 -0.204275 0.106361 0.448713 -0.295445 0.185006 0.402557
0.114772 0.320484 0.095864 0.655706 -0.367243 0.292433 0.139721 -0.415918 -0.152107 -0.322469 0.136365 0.119311 -0.361582 0.743891 -0.691882 0.426654
-0.262570 0.461654 -0.099988 0.047105 0.695352 0.100950 0.403825 -0.245498 -0.499957 0.354780 0.222161 0.368325 0.329261 0.361262 0.178156 0.197322
-0.103579 -0.154005 -1.001238 0.410851 -0.275700 0.264458 -0.014078 -0.766496 0.210510 -0.259595 -0.371392 0.432949 0.094969 0.409952 -0.138438 0.496272
-0.324488 -0.051979 -0.789392 0.076313 -0.865596 0.492373 -0.059504 -0.177090 -0.508993 0.021214 0.428918 -0.113147 0.319565 0.205410 -0.304690 0.058334
-0.104852 -0.383693 -0.320540 0.415269 -0.367297 0.097657 0.171943 -0.402109 0.551195 -0.626935 0.761406 -0.191638 0.468646 -0.692043 0.024749 -0.170392
0.535843 -0.456433 -0.349387 0.281098 -0.023552 0.048479 -0.215675 -0.142561 -0.445692 0.715735 0.198316 0.026565 0.585774 -0.159555 0.047622 0.360239
0.709604 -0.368553 -0.118987 0.239378 0.059354 0.380076 0.261756 -0.034882 -0.365422 -0.085409 -0.626400 0.385820 0.264205 -0.645659 0.052148 -0.399107
-0.223003 -0.751467 0.161537 -0.218906 0.269734 0.142711 0.190462 0.631469 0.098420 0.215833 0.305398 0.083615 0.376701 -0.032273 -0.274221 0.220392
-0.495544 -1.062390 0.434548 0.004723 -0.065205 0.306127 -0.209815 -0.030472 -0.488441 -0.101453 -0.828167 -0.670068 0.019799 -0.052442 -0.008791 -0.067851
0.889886 -0.385564 0.638459 0.192823 -0.072755 0.126987 -0.195167 0.048543 0.103680 0.678232 -0.066094 0.042725 -0.126855 -0.142680 -0.129837 0.270810
0.143009 -0.058680 -0.070691 -0.331693 0.467388 0.413794 -0.555976 -0.109592 -0.677689 -0.444897 -0.008589 -0.339046 0.034350 0.148345 -0.341973 -0.239893
0.416126 0.203935 0.296269 -0.028687 0.404228 0.028720 -0.141491 0.284115 0.220530 -0.314346 -0.284095 0.096800 -0.519544 0.090740 -0.255096 -0.940912
0.187049 -0.027683 -0.040695 -0.274569 0.238979 0.152880 0.264385 0.624065 0.271214 -0.188366 0.354538 -0.242188 -0.383115 -0.259022 -0.030780 0.318194
0.723010 0.070236 -0.146674 -0.636805 -0.278541 -0.336078 0.191085 -0.230521 0.128930 0.418244 0.120755 -0.205061 -0.239520 0.733712 -0.355778 0.031029
-0.562739 0.328698 -0.236040 -0.816567 -0.077524 -0.061577 -0.214281 -0.250843 -0.659752 -0.181627 0.120900 0.134073 -0.085956 0.209202 -0.096207 -0.196497
0.202071 0.041433 0.036957 -0.453050 -0.632176 -0.450044 0.514421 0.218444 0.115106 -0.290459 0.165206 -0.132452 -0.023005 -0.373176 0.315859 -0.355495
