1.119011
0.585790
0.749711
0.706555
0.657203
0.531591
0.641303
0.612699
0.703797
0.652335
0.706768
0.632654
0.860250
0.748878
0.282997
0.680844
0.813591
0.813456
0.553872
0.637512
0.265680
0.662110
0.324369
0.777083
0.498819
0.334939
0.652059
0.740853
0.233687
0.635418
0.459001
0.640513
0.777557
0.450907
0.883837
0.259794
1.034806
0.645144
0.769763
1.138174
0.706704
0.602807
0.483329
0.812162
0.197531
0.703211
0.517746
0.818439
0.688122
0.628819
0.368514
1.006543
0.743459
0.968717
0.499778
0.425835
0.535794
0.741322
0.352890
0.527108
0.236950
0.543265
0.414447
0.641244
0.258791
0.763707
0.590690
0.570434
0.447106
0.476300
0.258426
0.429825
0.626248
0.416236
0.532594
0.529257
0.792379
1.017406
0.469243
0.540433
0.536140
0.623173
0.750185
0.154551
0.761610
0.309905
0.319699
0.735058
0.563406
0.670245
0.712194
0.177098
0.767862
0.491706
0.500710
0.617843
0.639829
0.511292
0.775545
0.682872
0.785933
0.810925
0.863678
0.765232
0.817885
0.702234
0.584055
0.553509
0.569526
0.486966
1.176807
0.727129
0.725874
0.475843
0.883417
0.649052
0.615582
0.407178
0.263350
0.516539
0.687743
0.759507
0.713481
0.665136
0.652166
0.938709
1.022669
0.903668
0.647450
0.798456
0.936733
0.498633
0.824439
0.499105
0.619647
0.751679
0.728325
0.355142
0.913028
0.365399
0.668983
1.097770
0.193177
0.528097
0.505575
0.793113
0.757380
0.385644
0.984052
0.667361
0.937823
0.986903
0.910517
1.057643
0.953689
0.796993
0.935350
1.002055
0.873606
0.950590
0.799225
0.905087
0.792160
0.664668
0.670876
0.555933
0.593985
0.903258
0.758380
0.553498
0.853586
0.071892
0.283178
0.760372
0.235268
0.701302
0.841327
0.937948
0.944023
0.964114
0.983377
0.965946
0.973390
1.005435
0.986903
1.002486
1.011096
1.034991
0.944989
0.929062
0.779735
0.892776
0.702457
0.706193
0.649303
1.002759
0.518441
0.590070
0.677954
0.471048
0.968368
0.734655
0.747038
1.081426
0.772936
0.760739
1.070430
0.978609
0.921874
1.009263
1.003222
0.819358
0.990447
0.953428
0.990149
0.978226
0.936059
1.010283
0.803103
0.793286
0.572017
0.813959
0.536353
0.732238
1.446239
0.920116
0.483380
0.955818
0.856698
0.807857
0.985454
0.879522
0.965912
0.897270
0.939301
0.975699
0.967624
0.971054
0.921446
0.886759
0.828067
0.971746
0.922933
1.004777
0.972825
0.791043
0.743044
0.762059
0.766386
0.797781
0.412312
0.913330
0.590559
0.763196
0.627371
0.714114
0.101568
0.766741
0.843217
0.664073
0.946986
0.744458
0.732282
0.801102
1.010191
0.416308
0.689207
0.666697
0.458157
0.644356
0.950871
0.643776
0.254729
0.795488
0.751968
0.746329
0.793526
1.152563
0.398271
1.034160
0.914978
0.018088
0.165281
0.374723
0.528295
0.759507
0.494373
0.467317
0.925611
0.909325
0.987581
0.314326
1.037872
0.324363
1.006912
1.040707
0.678574
0.970284
0.922640
0.467033
0.813130
0.900917
0.824781
0.872021
0.445771
0.623116
0.540944
0.616878
0.427683
0.784272
0.576024
0.532881
0.491490
0.427921
0.635418
0.565464
0.633891
0.454221
0.587021
0.594796
0.608185
0.635975
0.772545
0.500833
0.350521
0.482091
0.730719
0.574611
0.716187
0.624652
0.357786
0.552780
0.418759
0.456376
0.639709
0.866586
0.673384
0.607911
0.822408
0.583423
0.783917
0.600547
0.691750
0.748705
0.568156
0.744762
0.593907
0.748793
0.968738
0.478804
0.709530
0.826767
0.707538
0.689343
0.453737
0.743452
0.628589
0.652919
0.681958
0.557910
0.395195
0.923136
0.725611
0.784829
0.556985
0.660199
0.583048
0.596005
0.633713
0.726489
0.467861
0.713060
0.572470
0.643360
0.653869
0.595537
0.781783
0.632532
0.711588
0.885872
0.951837
0.878979
0.661552
0.658086
0.373251
0.697064
0.526707
0.400130
0.691381
1.207205
0.702040
0.713699
0.904414
0.617051
0.592293
0.483211
0.780686
0.610620
0.487452
0.637637
0.952111
0.890447
0.847787
0.897869
0.824513
0.952916
0.850449
0.809875
0.856012
0.972077
1.019310
0.794620
0.764241
0.808870
0.809516
0.685621
0.365278
0.641445
0.892991
0.577970
0.773090
0.661168
0.368232
0.653102
0.586664
0.729443
0.660728
0.727667
0.800724
0.735268
0.815608
0.929033
0.980078
0.872391
0.964766
0.765475
0.754678
0.905292
0.856699
0.713072
0.753249
0.687576
0.471314
0.697173
0.766020
0.767272
0.753704
0.696770
0.627743
0.882774
0.463114
0.423290
0.724600
0.586619
0.649111
0.838657
0.836840
0.806515
0.811750
0.604667
0.764502
0.882703
0.806523
0.803005
0.437473
0.700342
0.836472
0.647946
0.456771
0.828788
0.436461
0.565909
0.486241
0.756943
0.860753
0.576997
0.681329
0.792673
0.476307
0.816993
0.801906
0.875471
0.733180
1.003501
0.847537
0.959267
0.789151
0.816886
0.891252
0.929157
0.911384
0.944910
1.014324
0.570412
0.806517
0.886786
0.797923
0.897849
0.509192
0.736105
0.680100
0.896833
0.327304
0.712654
0.545800
0.672663
0.523703
0.443678
0.727813
0.741293
0.856940
0.848138
0.989023
0.835072
0.949683
1.039074
0.938157
1.012394
0.988731
0.922436
0.986499
0.877997
0.823846
0.908731
0.962786
0.861240
0.764987
0.893750
0.585980
0.696204
0.771132
0.844532
0.584054
0.965865
0.531396
0.463370
0.848426
0.497341
0.798022
0.643950
0.993743
0.821831
0.674928
0.670341
0.723299
0.983759
0.858545
0.794872
0.880584
0.738430
0.902784
0.811075
0.915829
0.460671
0.582451
0.784774
0.752144
0.644839
1.020517
0.700667
0.925273
0.470980
0.614169
0.591936
0.723639
0.874920
0.846089
0.934239
0.875948
1.063318
0.820809
0.836901
0.911106
0.890035
0.727295
0.902913
0.933392
0.877304
0.807005
0.707427
0.885567
0.789924
0.918768
0.758934
0.442506
0.854838
1.003227
0.569080
0.825331
0.694703
0.807979
0.565560
0.626467
0.936729
0.900264
0.583317
0.971741
0.973921
0.876655
0.914438
0.913862
0.774914
0.883315
0.985778
0.873404
0.747484
0.891663
0.792708
0.591199
0.404391
0.380900
0.589462
0.490424
0.570511
0.632301
0.519527
0.740240
0.471011
0.398835
0.667017
0.657990
0.723970
0.028304
0.640243
0.439503
0.847883
0.909538
0.855477
0.669055
0.687905
1.073113
0.583650
0.854209
0.707909
0.887306
0.670373
0.334681
0.874164
0.487147
0.432022
0.490884
0.322721
0.865385
0.479756
0.763871
0.849651
0.654696
0.434104
0.374631
0.669127
0.659340
0.173573
0.557387
0.600651
0.212502
0.348214
0.905543
0.932702
0.629652
0.646832
0.871295
1.084638
0.946349
0.810754
0.623687
0.654352
0.111469
0.962989
0.076144
0.809874
0.359869
0.912036
0.690658
0.781423
0.970997
0.051643
0.472199
0.845111
0.897627
0.940528
0.901114
0.400444
1.023494
0.015687
0.437282
0.785663
0.291509
0.244188
0.594980
0.692156
0.565582
0.399884
0.440067
0.693356
0.472816
0.606953
0.597350
0.563804
0.605307
0.323056
0.555483
0.599123
0.378186
0.499947
0.202166
0.692523
0.323081
0.727099
0.482570
0.604478
0.712331
0.624852
0.593501
0.485290
0.383959
0.421349
0.563312
0.591325
0.361829
0.584412
0.087317
1.031003
0.318777
0.722130
1.019226
0.463611
0.446203
0.823910
0.817276
0.287469
0.217532
0.688811
0.782839
0.680704
1.097106
0.231603
0.401378
0.374576
0.559053
0.336644
1.428878
1.179574
0.325653
0.605524
0.694486
0.387083
0.225683
0.623584
0.363365
1.162016
0.334494
0.606937
0.370688
0.522647
1.824231
0.736833
1.037346
1.316442
0.156899
1.220677
0.768824
0.582178
0.171072
0.307291
0.026344
1.683311
0.065558
0.683739
0.427969
0.484968
0.376852
0.140843
1.064312
1.081873
0.897344
0.973327
1.027738
0.716177
0.561731
0.531718
0.679941
1.510204
0.676488
0.324307
0.876060
0.743037
0.548104
0.687037
0.818970
0.693878
0.839298
0.732289
0.896061
0.579577
0.815360
0.852792
0.705106
0.811344
1.127515
0.502246
0.284717
0.375459
0.578950
0.068085
0.306162
0.492026
0.431697
0.848551
0.792640
0.338524
0.268729
0.023400
0.230755
0.588232
0.083370
0.193621
0.192376
0.638566
0.640316
0.163374
0.623465
0.427790
0.412948
0.950516
0.638300
0.191201
0.323308
0.155116
0.297704
0.863741
-0.065071
0.161994
0.873815
0.968455
0.750051
0.863584
1.012177
0.924376
1.118318
0.843437
0.962351
0.906500
0.845232
0.717479
0.845387
0.615157
1.040776
0.613572
0.701465
0.720423
0.302038
0.913163
0.042040
0.562459
0.688382
0.447173
0.431843
0.898096
0.954088
1.006300
0.583546
0.275742
1.532300
0.765193
0.204157
0.814595
0.586346
0.452512
1.149855
0.633502
0.266976
1.097163
0.766682
0.050780
0.314289
0.164980
0.257758
0.610940
0.629356
0.311673
0.805944
1.084765
0.819384
0.300907
0.650898
0.585931
0.865519
1.123976
0.781722
0.872623
1.015282
0.138688
0.331786
1.441687
0.415260
0.446340
1.103414
0.803120
0.738627
0.751781
0.286183
0.486177
0.545519
0.698929
0.693427
0.817519
0.813995
0.935006
0.826313
0.966163
0.943919
0.896816
0.619549
0.439872
0.407550
0.750946
0.597741
0.741627
0.725527
0.627336
0.624668
0.588131
0.511671
0.547469
0.619622
0.807819
0.722827
0.833464
0.527130
0.595790
0.537950
0.472824
0.531092
0.464191
0.739971
0.754022
0.680730
0.595985
0.545127
0.616076
0.462753
0.763975
0.573218
0.647889
0.304650
0.718104
0.547832
0.570567
0.468445
0.749142
0.462085
0.733516
0.780409
0.784371
0.631051
0.476027
0.718138
0.373238
0.657082
0.850630
0.731515
0.869054
0.579077
0.672557
0.774640
0.870767
0.678642
0.607202
0.697171
0.634997
0.755124
0.582752
0.826176
0.573690
0.605216
0.549183
0.594181
0.703685
0.599538
0.591806
0.895012
0.809108
0.665440
0.575640
0.491704
0.532326
0.591880
0.618540
0.806656
0.673504
0.802410
0.667586
0.823205
0.832839
0.732624
0.827706
0.793178
1.010769
0.883280
0.794900
0.898792
0.865322
0.734266
0.644196
1.187134
0.961460
0.507459
0.640940
0.617662
0.762806
0.906917
0.496533
0.679243
0.816396
0.650499
0.731489
0.892174
0.820067
0.558733
0.691358
0.949668
0.661057
0.909395
0.639499
0.422109
0.889562
0.531235
0.708448
0.745380
0.612924
0.678013
0.703272
0.349341
0.419414
1.159537
0.655655
0.672065
0.500356
0.329353
0.282699
0.677761
0.899183
0.720851
0.684251
0.717115
0.889641
0.763831
0.834155
0.824432
0.955209
0.894585
0.819968
0.793647
0.932173
0.819796
0.773764
0.574747
0.739112
0.794289
0.525534
0.786269
0.656842
0.680034
0.740833
0.799978
0.924658
0.807211
0.091727
0.309678
0.866291
0.356861
0.610369
0.851022
0.923182
0.974339
0.935297
1.029326
0.903702
0.825138
0.918280
0.891963
0.811535
0.749348
0.939478
0.825221
0.849250
0.536038
0.401172
0.804472
1.291728
0.609958
1.130072
1.106504
1.337423
0.348393
0.515000
0.640298
0.433692
0.822042
0.727807
0.889755
0.932701
0.788209
0.942592
0.731761
0.922214
0.719798
0.965778
0.633468
0.811219
0.679384
0.457056
0.613751
0.118779
0.733923
0.494872
0.816991
0.958300
0.887902
0.506259
0.601351
0.632748
0.679572
0.654231
0.757654
0.592717
0.653461
0.575743
0.833111
0.811078
0.742956
0.689163
0.917349
0.714297
0.569412
0.794779
0.822446
0.621803
0.859119
0.622761
0.727462
0.598972
0.629612
0.632480
0.726220
0.642773
0.651983
0.702018
0.785206
0.775093
0.828955
0.614427
1.062064
0.827419
0.686591
0.917425
0.861568
0.893147
0.983899
0.897481
1.031668
0.917806
0.861160
0.897399
0.748013
0.744975
0.895666
0.686489
1.076977
0.392729
0.852135
0.558478
0.618683
0.747809
0.701128
1.014692
0.956262
1.045660
0.384359
0.654824
0.526219
0.550445
0.456469
0.424363
0.625178
0.732386
0.925208
0.865675
0.954503
0.941596
0.865041
0.848438
0.808346
0.954562
0.564936
0.905698
0.835381
0.532712
0.908541
0.565428
1.094580
0.622949
0.678765
0.695402
0.396538
0.599079
0.485753
0.515490
0.791260
0.833925
0.675011
0.654190
0.528361
0.761491
0.789464
0.607154
0.569629
0.273825
0.825531
0.639629
0.742454
0.720273
0.405390
0.701481
0.668767
0.710276
0.482308
0.403377
0.355648
0.540369
0.543969
0.900104
0.905871
0.650236
0.534655
0.796695
0.579251
0.635717
0.796195
0.400647
0.602040
0.563812
0.513101
0.869619
0.631058
0.632321
0.788063
0.769807
0.563609
0.415466
0.891643
0.661296
0.631718
0.585675
0.523649
0.434260
0.745284
0.573847
0.427043
0.803746
0.794233
0.571264
0.212680
0.693436
0.571630
0.603131
0.818201
0.662620
0.802819
0.806961
0.787541
0.517763
0.755821
0.883164
0.788144
0.808020
0.818806
0.782458
0.975209
0.548111
0.370388
0.718893
0.547334
0.764710
0.830137
0.615795
0.602185
0.777430
0.665515
0.446166
0.321100
0.559486
0.733803
0.441278
0.942918
0.435293
0.873913
0.800806
0.688946
0.864393
0.970898
0.966424
0.766908
0.788080
0.888817
0.760465
0.724341
0.444336
1.011660
0.474040
0.839907
0.751410
0.744021
0.662374
0.919402
0.543540
0.828739
0.536278
0.321380
0.860312
0.872830
0.742665
0.635761
0.538906
0.769468
0.737547
0.947590
0.710033
0.726831
1.090470
0.880865
0.907248
1.002849
0.932505
0.986168
0.907848
0.821030
1.033361
0.554553
0.807124
0.612804
0.714780
0.528638
0.622982
0.564036
0.671333
0.485409
0.516654
0.781829
0.719145
0.938328
0.971933
0.758900
0.775902
0.795890
0.950566
0.971801
0.946303
1.009642
0.773809
0.747294
0.829346
1.046692
0.565722
0.910407
0.724118
0.801815
0.756790
0.615865
0.585511
0.754302
0.683128
0.520053
0.618019
0.644672
0.528083
1.006651
0.772475
0.950877
0.651784
0.983910
0.873040
0.973759
0.946722
0.878678
0.959807
0.879869
0.872570
0.894217
1.047594
0.806335
0.815094
0.200994
0.657402
0.865112
0.094574
0.615681
0.293555
0.557512
0.671243
0.840118
0.682464
0.627771
0.190254
0.257020
0.700718
0.689254
0.475390
0.823945
0.803402
0.866126
0.888062
0.963326
0.973292
0.977688
1.005566
0.961677
0.930541
0.767493
0.504461
0.787232
0.707051
0.639830
0.450121
0.361340
1.064987
0.849377
1.101555
1.071642
0.767028
0.301590
0.520885
0.959743
0.719591
0.763891
0.711769
0.718658
0.705675
1.148155
0.806558
0.629700
0.715841
0.689806
0.216403
0.741472
0.458147
0.779358
0.696844
0.575402
0.430132
0.937984
0.146133
0.267489
1.196194
0.318415
0.110881
0.557954
0.933868
0.673429
0.572547
0.809408
0.354292
0.529736
0.640370
0.482775
0.929148
1.064722
0.456279
0.718662
0.394786
0.685168
0.668175
0.601331
1.078215
0.840874
0.673698
0.811380
0.491832
0.608535
0.668866
0.707774
0.362401
0.497874
0.854123
0.514684
0.667537
1.168729
0.761367
0.658180
0.576032
0.697422
0.121526
0.654955
0.079458
0.678133
0.444083
0.397084
0.360749
0.462990
0.210243
0.739186
0.678400
0.376570
0.555656
0.935828
0.432893
0.239754
0.402274
0.661577
1.042044
0.498808
0.550267
0.705592
1.385441
1.009489
0.675137
0.854472
0.536415
0.802090
0.458816
0.376866
0.578940
0.512859
0.441407
0.499024
0.470155
0.594289
0.590246
0.485689
0.641458
0.561736
0.414116
0.361133
0.651502
0.480546
0.534166
0.340683
0.646772
0.592118
0.503789
0.751457
0.597694
0.439092
0.383097
0.673106
0.755069
0.429357
0.761239
0.650224
0.452364
0.456339
0.809808
0.643692
0.449478
0.520809
0.775596
0.579390
0.417580
0.506882
0.601678
0.906963
0.587588
0.512091
0.543305
0.643696
0.500165
0.463089
0.515734
0.731310
0.690944
0.531545
0.472548
0.774248
0.697364
0.609940
0.611817
0.628227
0.544036
0.643691
0.652322
0.845050
0.450739
0.321067
0.720004
0.495592
0.390442
0.801908
0.634529
0.649438
0.639209
0.530380
0.485674
0.659384
0.585071
0.444455
0.641390
0.533601
0.450309
0.814435
0.579509
0.420733
0.914861
0.678068
0.296920
0.739038
0.362542
0.638700
0.553681
0.385636
0.952712
0.579835
0.358182
1.261482
0.713457
0.373380
0.538205
0.342130
0.321941
0.527122
0.511362
0.561016
0.586883
0.277683
0.537981
0.575228
0.378638
0.563717
0.514531
0.622182
0.674482
0.812414
0.384004
0.471028
0.663486
0.596516
0.843212
0.592519
0.812410
0.465555
0.524209
0.794785
0.672173
0.126174
0.815385
0.455203
0.410123
1.014716
0.640527
0.283936
0.882857
0.305111
0.672577
0.843260
0.736031
0.680396
0.670229
0.428759
0.735690
0.708426
0.901279
0.814486
0.858194
0.603851
0.475108
0.479972
0.686913
0.666648
0.644738
0.724099
0.692006
0.801145
0.750535
0.565973
0.448206
0.480138
0.441605
0.476400
0.694805
0.659179
0.563888
0.713899
0.750336
0.807912
0.641569
0.768645
0.349030
0.530360
0.541274
0.587328
0.852966
0.728734
0.793539
0.916469
0.837509
0.453691
0.783178
0.794183
0.661440
1.016147
0.876945
0.735638
0.950894
0.440024
0.788700
0.582755
0.723202
0.795992
1.130491
1.400284
0.503868
1.062092
0.777076
0.612085
0.843545
0.769904
0.307650
0.709518
0.641864
0.902632
0.959587
1.000077
0.926996
0.977318
0.728984
0.921753
0.986686
0.833242
0.878136
0.822469
0.881340
0.748888
0.574463
0.461975
0.551931
0.689808
0.567311
0.931727
0.359968
0.618422
0.640482
0.737355
0.725023
0.563224
0.680511
1.047388
1.024312
0.914818
1.026845
1.106697
1.041813
0.988706
0.950526
1.008697
1.037806
1.007727
1.115183
1.135789
0.907566
0.937819
0.945775
0.562863
0.676633
0.876808
0.534629
0.797204
0.792362
0.623257
0.613005
0.674462
0.719651
0.992038
0.697652
0.708438
1.073553
0.906767
0.940964
0.721960
0.709725
0.831083
0.666976
0.614385
0.648399
0.849841
0.693070
0.672396
0.947427
1.125269
0.498946
0.802622
0.451656
0.088453
0.536169
0.906645
0.592589
0.704125
0.938646
0.802459
0.708582
1.087907
0.957256
0.793135
0.530750
0.528184
0.508434
0.728603
0.857034
0.431516
0.510092
0.909233
0.918868
0.892075
0.736726
0.754545
0.868852
0.895288
0.826277
0.697311
0.919514
0.711373
0.589461
0.667730
0.559650
0.924137
0.473762
0.508551
0.464969
0.485997
0.789360
0.603659
0.789713
0.964551
0.524065
0.634458
0.538705
0.709046
0.721890
0.961995
0.566248
0.618753
0.531807
0.665694
0.631051
0.650568
0.734935
0.386486
0.280528
0.581514
0.413646
0.740936
0.294981
0.655427
0.800436
0.584643
0.579396
0.688440
0.392025
0.480860
0.563690
1.008093
0.519641
0.909913
0.587471
1.056926
0.584796
0.984141
0.698319
0.639059
0.616450
0.971498
0.517437
0.612771
0.398117
1.120313
0.793989
1.010678
0.783251
0.895472
0.882577
0.961220
0.532124
0.897367
0.543530
0.343107
0.864427
0.489642
0.992034
0.350223
0.481690
0.789904
0.883527
0.839247
1.016729
1.019207
0.877737
0.795577
0.788418
0.933866
0.663216
0.670859
0.638372
0.861913
0.696149
0.719414
0.620512
0.583530
0.542757
0.807932
0.705283
0.826149
0.965116
0.773314
0.933128
0.992145
0.799621
0.759429
0.785840
0.712377
0.875315
0.968563
0.820178
0.443207
0.911385
0.651920
0.372309
0.674574
0.456193
0.847262
0.556772
0.863015
0.529303
0.592510
0.337322
0.388171
0.681465
0.244989
0.287069
0.755336
0.837097
0.784662
0.923406
0.984211
0.886403
0.908229
0.931753
0.936195
0.842999
1.121950
0.888230
0.897507
0.918887
0.995281
0.902488
0.744929
1.061947
0.737263
0.829180
0.768711
0.792837
0.677472
0.847539
0.764639
1.255405
0.484205
1.094710
0.675483
0.750839
0.782593
0.870653
0.927525
0.908947
0.877984
0.657481
0.871104
0.576060
0.859400
0.885321
0.723543
0.762446
0.883312
0.422350
0.948074
0.826919
0.632535
0.634945
0.880505
0.630963
0.135243
0.826404
0.722890
1.191026
1.396411
0.872020
0.829719
0.724455
0.952918
0.370245
0.940939
0.819046
0.976357
1.051279
0.931820
1.021571
1.004138
0.965315
0.797629
1.000764
0.993332
0.937341
0.943227
0.711231
0.724840
0.685649
0.637753
0.162734
0.180134
1.462935
0.856887
0.775553
0.744624
0.731517
0.643628
0.930395
0.925186
0.866147
1.067954
0.940298
0.908416
0.828305
0.975669
0.921369
0.938223
0.845498
0.852464
0.952848
0.834466
1.033474
0.961576
0.767286
0.689192
0.632216
0.638965
0.383866
0.921851
1.581945
1.342917
0.872768
0.638500
0.649855
0.295805
0.635327
0.736805
0.255999
0.612320
0.277709
0.872438
1.056095
0.696001
0.362838
0.825296
0.198775
0.355081
0.843582
0.078010
0.305686
0.521171
1.013123
0.920048
0.450611
0.477941
-0.011514
0.339061
0.835167
0.616666
0.923213
1.244885
0.466497
0.869199
0.780830
0.755320
0.855388
0.962280
0.757181
0.824599
0.475365
0.814838
0.248864
0.821895
0.849628
0.750250
0.824973
0.974758
0.430484
0.708815
0.848848
0.798542
0.635005
1.043872
0.681625
0.987845
1.010694
0.742605
1.111553
0.318592
0.688456
0.834435
0.850831
0.844417
1.014720
0.846856
0.921815
0.976730
0.989085
0.934151
0.836613
1.065452
0.055255
0.985030
0.428113
0.915331
1.283883
0.505956
0.724785
0.828686
0.107545
0.746593
1.575318
0.402554
0.609393
