0.688954 0.854709 0.165125 0.908713 0.632470 0.305726 0.111747 0.452874 0.419829 0.316786 0.569471 0.027672 0.839449 0.496064 0.232429 0.832446 0.171148 0.383218 0.028797 0.393243 0.471570 0.886104 0.474608 0.369580 0.929762 0.815687 0.573348 0.745804 0.364436 0.855191 0.974194 0.849903
0.389438 0.908842 0.372348 0.537521 0.717989 0.911856 0.936392 0.927688 0.772168 0.315730 0.371470 0.830976 0.740409 0.636466 0.617772 0.648490 0.968315 0.131057 0.567042 0.387016 0.623821 0.646636 0.033670 0.697619 0.692018 0.437555 0.308242 0.818878 0.564269 0.554638 0.487728 0.571775
0.432089 0.346141 0.380601 0.128392 0.632328 0.061306 0.113260 0.180522 0.603092 0.535123 0.844106 0.993568 0.417294 0.009494 0.913340 0.467028 0.460903 0.611471 0.575055 0.576816 0.191990 0.456799 0.025428 0.878701 0.098884 0.210492 0.326394 0.057136 0.475252 0.286559 0.973086 0.691913
0.451983 0.393989 0.100116 0.375066 0.969652 0.859941 0.557641 0.485167 0.664349 0.024608 0.130315 0.505114 0.403226 0.099353 0.234951 0.116116 0.364875 0.409092 0.993294 0.683232 0.367342 0.905090 0.854117 0.892438 0.620887 0.716555 0.208852 0.193213 0.971726 0.529320 0.415114 0.179279
0.435741 0.168353 0.526609 0.632127 0.116725 0.894428 0.346769 0.177309 0.348069 0.581483 0.290031 0.086203 0.724146 0.985079 0.842361 0.741913 0.237641 0.979792 0.815763 0.964305 0.722645 0.894224 0.385861 0.387101 0.869851 0.297536 0.738503 0.542247 0.396414 0.700786 0.136811 0.382429
0.423176 0.109766 0.856584 0.850470 0.365702 0.922184 0.901562 0.789748 0.555517 0.178167 0.301304 0.980781 0.727762 0.190370 0.587738 0.385984 0.211245 0.755410 0.200635 0.236967 0.217206 0.868624 0.159663 0.537726 0.443269 0.195156 0.384810 0.263926 0.609890 0.411069 0.908895 0.934835
0.191550 0.801844 0.613701 0.786673 0.624444 0.882250 0.473710 0.502196 0.171722 0.042883 0.995365 0.552046 0.963654 0.581598 0.731455 0.723398 0.243021 0.992120 0.696433 0.399895 0.669753 0.633104 0.610044 0.904325 0.419409 0.102233 0.792126 0.461209 0.968647 0.178707 0.839977 0.371934
-16.502667 -62.330404 83.846101 2.145846 10.201641 -23.048081 51.473766 -23.041937 11.627863 6.091446 -23.052406 -19.098150 15.740455 6.973434 -19.253897 -35.333647 8.555277 14.999734 21.786098 -44.427528 11.924864 9.069668 -34.729615 13.165892 -12.476436 -1.878027 56.148578 23.567653 -20.060291 46.613656 30.543217 0.299714
1.855659 -63.801429 81.965884 -0.687845 -0.070471 6.849636 43.042957 12.514711 9.886710 5.429020 -14.786958 -19.233961 -23.684602 21.914267 -26.352468 -31.909111 34.092499 14.127718 18.871941 -45.035246 23.306698 26.763342 -45.322029 21.935863 3.558803 -18.988505 34.656040 16.876703 -41.629738 52.515939 37.298256 -6.038156
9.888822 -10.742307 30.930916 -10.251555 -29.236368 23.423815 -8.765432 28.500489 -14.005627 14.102140 6.126675 -7.845714 -57.271319 22.660599 -4.275928 -5.956279 50.983250 21.275002 -5.933472 -30.490131 25.164055 46.259442 -46.412375 8.102407 32.146157 -17.162933 -22.224328 -17.321730 -27.506116 11.189620 22.676885 -5.899000
-42.789915 5.907196 81.261851 11.727859 -69.071614 -5.888575 -20.173006 9.349341 -18.596541 48.024077 32.104604 -26.297185 -29.823381 52.690235 65.030195 -25.555370 24.472596 -15.907825 10.551206 -65.591669 40.475427 108.250129 -80.385785 -36.939897 11.212459 2.986517 -39.732308 5.307620 -25.970328 0.301091 80.951998 -0.989478
-34.379977 15.637686 49.072527 19.142413 -48.692604 1.158229 -19.662447 17.691629 -5.392778 33.010183 33.465377 -18.150358 -11.803606 46.081710 62.937878 -15.220899 -0.702478 -37.848046 14.466893 -35.782026 28.054389 80.046334 -42.683141 -36.205031 -4.506341 4.760735 -38.674069 17.067715 -19.574335 -5.219114 66.712970 -0.958927
-34.256782 15.612442 49.159972 19.076616 -49.058167 1.080376 -19.358829 17.162249 -5.739549 33.275027 33.758085 -17.832827 -11.187278 45.853962 62.383459 -15.435056 -0.459886 -37.433240 14.493352 -35.596481 28.449076 79.499622 -43.056274 -35.495395 -4.284826 4.496629 -38.719757 16.599734 -19.758004 -4.721670 66.554014 -1.255469
0.429554 0.174707 0.195579 0.722247 0.693325 0.620418 0.239711 0.036043 0.453372 0.171528 0.920558 0.894203 0.255126 0.101677 0.446417 0.021168 0.235587 0.221080 0.996209 0.362563 0.168698 0.804577 0.515745 0.269740 0.442617 0.074130 0.815734 0.024679 0.482991 0.090417 0.347832 0.972061
0.166492 0.257787 0.004586 0.758055 0.076993 0.772910 0.307709 0.795709 0.989282 0.029407 0.180923 0.516025 0.466006 0.743704 0.360407 0.843073 0.780230 0.297575 0.604442 0.702164 0.597117 0.384470 0.949523 0.693360 0.671185 0.043707 0.246026 0.994133 0.095981 0.223948 0.317401 0.581974
0.726978 0.933685 0.049779 0.041765 0.941268 0.686612 0.429374 0.701491 0.601383 0.168474 0.330192 0.576304 0.254250 0.822372 0.113092 0.922110 0.086701 0.489045 0.379957 0.287685 0.383730 0.531315 0.100191 0.973047 0.901500 0.581658 0.071627 0.667302 0.646110 0.495233 0.371454 0.942937
0.869346 0.689283 0.096822 0.340739 0.029500 0.015215 0.271978 0.196917 0.615866 0.944980 0.445745 0.811457 0.658961 0.791669 0.949291 0.594480 0.661896 0.863952 0.895688 0.268444 0.813579 0.385358 0.500836 0.464939 0.288583 0.508598 0.412998 0.219028 0.436376 0.390041 0.494552 0.538183
0.807823 0.548480 0.573259 0.911828 0.406633 0.121660 0.049595 0.448029 0.878811 0.501437 0.762296 0.009257 0.682667 0.580870 0.744596 0.601623 0.038424 0.969052 0.191163 0.271403 0.211129 0.612562 0.910641 0.775726 0.745907 0.045945 0.894303 0.497327 0.768018 0.638587 0.081008 0.229705
0.542106 0.619812 0.074491 0.716103 0.845904 0.306355 0.221875 0.523532 0.336075 0.713943 0.835201 0.732171 0.797748 0.155866 0.110558 0.696933 0.351863 0.232485 0.991581 0.671152 0.863039 0.605891 0.214504 0.834024 0.443166 0.149436 0.634724 0.170853 0.707071 0.585219 0.472255 0.550058
0.690259 0.057409 0.517468 0.880870 0.035330 0.065943 0.119193 0.860063 0.459785 0.486566 0.375420 0.524008 0.287382 0.437973 0.409721 0.830544 0.018607 0.860262 0.831642 0.939804 0.722089 0.349404 0.110675 0.210032 0.159289 0.492369 0.221101 0.476768 0.193677 0.912045 0.492881 0.441165
0.077905 0.378579 0.255924 0.361339 0.919945 0.905338 0.845433 0.961600 0.675092 0.284058 0.560267 0.557158 0.681752 0.627506 0.961058 0.210826 0.878940 0.547343 0.405325 0.859242 0.319316 0.346613 0.755149 0.913606 0.335457 0.364079 0.488698 0.957393 0.418258 0.160271 0.904310 0.677622
8.558736 27.121111 -5.867108 28.074066 8.107393 9.368886 -52.909442 11.674578 27.127820 -45.393909 -2.222333 37.902178 -12.769643 9.458746 22.055377 -1.358748 30.469284 20.011301 26.487013 -22.989165 22.701776 -7.821969 -18.903721 -24.116298 23.342639 -39.379195 -23.257648 -24.959195 -88.106400 -0.396370 15.252988 -2.110084
9.755214 28.877026 -2.522225 4.932244 46.444662 -28.050190 55.931525 -73.632881 14.975962 -26.082141 -13.769052 59.260605 65.579996 -23.588066 21.386906 15.735690 31.798369 16.482706 34.865243 16.245108 15.833126 -7.622666 -1.558981 -37.942550 14.156930 -17.224976 39.751352 9.503764 27.631830 -21.414571 -47.201143 -22.768615
2.700134 -34.520923 31.405020 -38.270988 78.097986 -88.010661 137.084994 -53.776723 33.484277 -24.722449 -62.940217 72.845629 -12.437432 -58.388575 -46.093302 2.439228 52.072592 31.243547 22.411123 97.502895 -4.636548 -36.867278 79.126227 88.212703 -85.304447 -13.884526 78.692876 92.172889 73.996415 30.546860 -117.606888 -91.463725
31.584739 -128.640332 -21.604351 -106.191844 24.255987 -23.450213 202.130910 -100.092385 -43.515991 -4.513752 -55.304718 -49.839235 59.603851 -47.358813 -112.973320 20.168599 37.906873 -18.000154 -58.008570 42.609153 -31.339515 0.305580 -13.784016 39.842490 -18.102975 98.417705 123.510046 30.493067 203.800490 -13.355143 -90.835663 -107.030760
104.193038 12.053011 -114.780495 -28.389172 22.455669 16.211215 -25.313758 83.912956 -5.139503 -19.300182 18.781227 28.103538 -35.387251 -7.409529 -79.102804 30.665300 21.028623 -24.248314 -63.808646 101.969875 -20.225435 -48.733276 62.274358 96.549493 -42.318903 -14.501260 -9.436770 -25.657550 49.144246 8.986969 -32.036370 -99.154580
21.535018 78.482477 -44.384725 47.432302 -20.724016 7.007342 -172.731621 134.639508 49.026463 -13.529680 53.069288 61.271607 -74.350985 62.785998 35.946873 16.147990 -1.156156 3.933113 1.614481 76.094548 24.461565 -36.692469 46.957297 69.262371 13.995971 -117.760274 -84.654741 -25.602865 -143.008557 26.104596 75.438876 -78.019291
-76.175216 108.829549 52.104461 87.051268 -79.541307 -82.081623 -152.424334 30.116349 19.336925 135.277455 95.123901 108.088408 -122.371245 12.771454 40.800940 -76.942230 70.137130 117.045331 -25.659091 -41.495113 13.393089 82.163601 -50.794860 13.212886 -25.877274 -59.891769 -84.103182 46.055359 -82.744296 40.297509 133.771912 -31.564427
-40.370708 75.791360 -23.946149 48.997747 -18.754956 -35.853461 -59.216308 43.545401 42.406281 19.961305 43.314398 57.514003 -14.047542 11.557876 63.908136 -13.240806 -9.458667 -24.011735 -2.049645 -16.371844 51.557291 73.115537 34.948666 21.886087 -38.324689 -10.966377 -53.642680 73.494240 -74.465588 18.045305 84.146781 -6.558140
-19.582545 6.997446 10.023202 -2.345559 -21.317473 -38.381980 -20.811936 11.367065 5.159677 38.484514 13.222305 4.707157 -31.791626 6.290965 7.139771 -3.435098 -3.638149 -13.093991 -12.613206 -11.766477 2.646292 30.421295 22.089390 23.407405 -25.870808 3.038996 -4.643600 51.283202 -7.445074 3.329800 16.864939 0.026000
0.251183 0.819889 0.072708 0.894133 0.902480 0.299221 0.106030 0.190680 0.199352 0.524275 0.776246 0.153798 0.391976 0.729116 0.431579 0.474793 0.107184 0.972917 0.891952 0.235100 0.376113 0.355402 0.598366 0.277992 0.591393 0.022224 0.372030 0.369831 0.298708 0.245289 0.739583 0.652456
0.573982 0.253643 0.299738 0.680757 0.711157 0.756640 0.142395 0.689374 0.611492 0.233284 0.260222 0.463463 0.954812 0.435562 0.111279 0.790458 0.210744 0.778014 0.351139 0.664175 0.649903 0.348457 0.046018 0.157093 0.274590 0.836000 0.526324 0.256120 0.147868 0.971670 0.164759 0.452755
0.781935 0.843106 0.349544 0.308180 0.080142 0.876102 0.978703 0.737622 0.145515 0.086695 0.680365 0.342391 0.757169 0.077170 0.481077 0.990721 0.913911 0.781109 0.395097 0.599773 0.828461 0.153746 0.246456 0.673877 0.902411 0.737826 0.737262 0.297314 0.775741 0.004704 0.504467 0.014055
0.594845 0.615193 0.293202 0.043659 0.854975 0.108080 0.055010 0.356777 0.439283 0.656950 0.237231 0.250877 0.857083 0.029392 0.403754 0.383132 0.322596 0.290298 0.724967 0.683433 0.147579 0.550802 0.150993 0.073381 0.939255 0.187730 0.699714 0.931032 0.227743 0.556714 0.274977 0.252318
0.733189 0.955568 0.962568 0.609633 0.306390 0.385505 0.111383 0.008597 0.922055 0.678808 0.959682 0.144849 0.760465 0.749066 0.732313 0.037408 0.155195 0.884453 0.485475 0.905007 0.151433 0.933207 0.437970 0.489637 0.914420 0.148488 0.973300 0.712287 0.441741 0.915528 0.245291 0.351391
-25.778929 -22.354754 -17.601355 11.243973 -26.101300 25.880561 -8.851058 -1.610804 30.223353 -39.835744 -2.681086 1.096156 78.063475 61.516187 19.086707 53.680738 -6.114565 -7.590747 -17.233668 -15.062442 -43.586846 -16.325546 17.476302 -48.258843 95.108823 -0.170245 -2.559875 -7.409331 -22.402439 -35.265409 2.826895 0.060930
-90.365461 23.706697 102.046941 81.608972 -16.886288 -45.579912 -45.280489 -130.627948 41.952661 -68.938367 16.657603 66.323760 117.195752 120.417913 145.661604 20.852084 28.574471 83.012634 66.293746 -116.672737 -66.767689 33.890359 -49.699026 -197.546395 106.716101 -45.021255 -45.507638 -44.077388 -42.028123 -91.646729 -0.535766 -20.688578
-36.632090 150.986034 4.921862 55.028272 -96.972825 -63.441347 -90.636504 -167.797302 -1.424479 -38.738143 37.516452 146.490655 88.181839 67.675341 170.492953 37.808453 165.276623 251.645451 25.497222 -174.941075 5.714561 151.506084 -104.828883 -183.591413 239.966774 -25.260565 -163.773636 -59.792063 -15.698886 -133.412114 -13.347678 -122.002459
-117.183721 3.104625 155.962507 -61.039731 -30.839380 12.049722 124.897368 -38.536628 -56.887550 20.868894 -9.802666 30.094936 -20.235949 30.259121 68.350255 34.333176 69.541616 102.251185 -23.221138 -55.083256 44.202394 105.271503 -113.074848 -62.272855 100.173959 28.072420 -11.551817 -89.990535 99.525377 -19.802976 -55.894205 -136.876685
-30.959106 -11.268664 -97.065355 -131.420818 -15.716983 150.954313 147.073001 -11.938857 -7.041513 -94.976839 -69.948190 25.575664 86.773080 4.550563 -8.774979 179.037605 90.585753 6.098634 -98.304000 -41.327519 48.474313 29.720254 25.563046 34.129918 180.863198 53.294074 32.002909 -33.266743 125.656088 -70.523882 -119.178032 -202.433646
71.883875 -24.853673 -170.004741 -83.960584 -21.246303 45.992000 131.625407 -27.465313 32.857875 -28.759427 -47.628325 43.650238 8.609254 -11.027509 -38.136357 79.803432 130.561899 -26.769172 -78.960822 -65.076277 98.658801 125.528290 39.031099 70.676597 82.215365 43.207352 9.294147 134.890208 69.938308 29.339435 20.305685 -125.215390
66.007618 -22.096651 -4.026226 13.484859 24.449136 68.872172 -4.091020 74.907832 -16.145904 41.532240 50.646039 81.405858 -5.247465 93.138646 -2.053535 13.894241 96.366010 89.952043 -38.841723 40.142009 -17.553846 68.528806 -79.818966 -58.868050 79.314176 -22.709920 -21.942300 -61.585470 11.952172 16.047980 67.112822 -36.237603
5.972645 119.152701 68.501310 33.562663 56.806980 -101.784970 -140.163758 17.148572 18.665048 48.463172 51.520205 164.804275 -56.969622 51.567809 113.648245 1.203443 78.849266 169.851381 50.098753 70.781142 43.072402 52.174285 43.437155 -25.730143 -16.823969 -70.996244 -125.457211 40.392170 -12.301011 -11.177670 22.716394 -65.690175
-52.648789 107.010584 147.607766 45.199601 -41.803636 -125.013734 -221.695921 30.120970 26.380660 160.833607 46.800032 159.963016 -207.313186 25.093992 37.454407 -71.078840 106.945859 254.879166 -36.360196 -34.013296 29.894335 19.931001 17.265520 128.162247 2.920676 -151.831372 -142.511573 123.895272 -109.364580 52.501477 72.073841 -97.194567
-13.835008 63.676374 68.239313 21.168572 -28.195959 -79.472528 -176.972917 170.956653 43.620807 179.416179 49.897896 82.361272 -232.954705 -8.113472 -51.139776 -71.036216 35.950574 107.420883 -79.405436 78.670814 3.766055 44.490476 103.702667 213.328054 -150.085744 -97.473444 -126.332928 154.146052 -89.695942 101.722372 70.101934 -21.327047
-60.540687 18.862805 58.029455 19.850772 -55.456516 -47.341840 -83.206354 44.867293 11.478402 68.305929 39.949141 7.709512 -75.795209 49.313426 43.867460 -22.692033 -9.276920 -14.284596 -25.800279 -28.685347 1.499442 68.778207 0.924807 2.599826 -47.212707 -34.664705 -52.753937 67.440429 -49.939227 6.437330 60.524478 -3.828615
0.595233 0.472846 0.817700 0.849572 0.598999 0.945976 0.710125 0.468056 0.731377 0.740470 0.657729 0.068371 0.050154 0.654589 0.092302 0.589921 0.085209 0.632857 0.826157 0.633940 0.153301 0.475416 0.387489 0.989284 0.388063 0.407872 0.626675 0.022270 0.790817 0.015286 0.766176 0.938481
0.668551 0.859987 0.755641 0.176219 0.958722 0.547288 0.046912 0.247241 0.800076 0.742414 0.310548 0.322117 0.297093 0.024785 0.736949 0.579532 0.582846 0.725815 0.933647 0.357467 0.254267 0.276477 0.995474 0.791064 0.001183 0.257451 0.004864 0.280549 0.476326 0.944478 0.062617 0.544268
0.586387 0.230080 0.727588 0.045633 0.966459 0.831520 0.259695 0.022676 0.730309 0.104784 0.445948 0.137647 0.428516 0.035627 0.885508 0.248312 0.438806 0.894196 0.791162 0.348102 0.281555 0.519711 0.441084 0.241616 0.333618 0.676383 0.194125 0.950940 0.299927 0.727156 0.833979 0.938064
0.778882 0.815491 0.837678 0.030243 0.576772 0.755405 0.137602 0.131686 0.177224 0.117727 0.852709 0.110661 0.272975 0.115314 0.773749 0.970065 0.617827 0.273787 0.773202 0.091660 0.110255 0.730158 0.966202 0.040304 0.886379 0.682878 0.803009 0.354072 0.981825 0.956181 0.982472 0.114037
0.163508 0.565806 0.169426 0.611709 0.362496 0.946975 0.841829 0.263725 0.069957 0.850968 0.537792 0.012273 0.391619 0.191819 0.171540 0.457541 0.133787 0.768700 0.496003 0.856554 0.054077 0.883013 0.839169 0.155372 0.642764 0.067145 0.551551 0.589978 0.010339 0.889881 0.088737 0.708701
-25.982137 -22.177457 -18.092844 11.092266 -26.021188 26.044005 -8.646843 -1.136647 30.291430 -40.038010 -2.479075 1.400845 78.184035 61.387829 18.507230 54.347220 -6.200988 -7.601110 -17.188433 -15.837864 -43.695103 -15.661922 17.489001 -48.261707 94.976151 -0.156908 -2.398445 -7.663715 -21.887463 -35.558954 3.439018 -0.363548
-160.891938 22.148468 132.510765 136.710505 -11.454788 -112.735186 -251.389639 10.076902 151.482601 -0.930063 32.842561 115.206604 18.347244 102.961037 93.300844 -40.938742 -16.647925 116.421528 -3.648216 -148.623725 -48.302895 -12.772008 25.276781 -57.453980 -30.162324 -132.356321 -151.816634 72.403493 -194.716338 49.879367 142.294023 -18.496599
-294.401398 121.150276 113.581313 19.658403 -224.590308 -53.299974 -174.756943 12.052634 -30.621050 192.382359 100.384051 62.703446 -102.906095 38.141661 151.653741 -12.157816 71.992696 144.001528 -89.293542 -223.995114 115.079366 256.885829 -150.720179 -114.702955 95.080064 66.081313 -193.256541 22.498616 11.024768 -33.158955 178.570275 29.196813
-45.607081 147.978239 -102.087857 -54.518757 -84.917335 -64.435336 -0.848036 1.988577 -50.710631 18.358301 52.291737 11.397645 -43.385903 -85.479684 66.588308 87.641904 2.306114 42.899917 -55.433129 -43.138883 142.709958 142.841516 -23.863626 -20.421963 32.185412 57.439537 -86.737452 -33.217653 80.799613 -52.090920 -10.673821 -45.061610
116.275636 24.201293 -61.778943 -93.196664 -3.684995 123.070683 167.632361 102.235872 -84.478137 -10.422153 -11.109496 -106.918714 -159.653598 -84.769543 -25.534422 30.033550 12.009981 -24.312165 -7.405606 -34.144257 214.150297 92.174706 -86.942460 96.651717 -0.344978 46.576361 37.530295 -82.696284 24.175147 87.884790 3.518262 -18.478378
181.334903 9.533588 -75.063941 0.581801 -77.664063 141.314161 31.044672 102.799818 -24.955173 -55.185026 32.233962 -59.183938 -94.068978 84.285016 53.665148 8.988959 110.409471 78.292527 -18.571049 -161.646939 141.438320 191.197345 -176.842358 -85.597628 112.433459 30.678604 -62.116501 -94.516671 -121.474317 47.740090 144.783291 27.990130
197.696656 106.048623 -108.412358 16.175127 32.814725 44.100040 -117.696198 145.802643 -74.668295 4.269336 97.723562 -19.294202 -67.480177 21.093630 44.536897 10.622546 9.039164 3.500744 33.938124 79.347743 94.321655 88.242825 -74.293183 -40.679657 -32.112104 -14.056026 -99.935626 -173.330274 -4.574531 24.247297 50.382324 50.213103
167.894629 202.639676 88.020534 46.036643 65.182972 -135.214762 -156.048809 106.779543 -74.257290 135.325279 133.662156 108.384268 -119.989738 5.868014 146.647965 4.495395 87.488621 68.204690 54.292760 176.844621 105.666984 113.787694 1.217282 -78.498428 -87.230417 -17.608774 -191.455515 -75.400522 32.506206 -5.328169 30.583909 126.789953
-57.446198 50.068512 119.406845 35.667297 33.402691 -135.537146 -199.039296 33.906951 21.370771 135.213179 63.430541 174.431094 -7.894109 78.857341 29.190539 29.038796 69.603240 171.220156 -69.156361 124.509455 -89.677209 -11.546891 126.837631 -28.781029 -14.030219 -52.530017 -111.508016 82.910956 57.909369 -40.450305 -9.535956 23.627191
-69.194964 58.576393 11.103183 45.586976 -67.875312 -12.877566 -177.613506 53.658341 82.767387 42.162613 11.455961 145.966960 -109.128923 49.370767 4.670671 -5.990741 98.573874 206.734223 -101.330815 -40.090061 -24.113906 -9.897040 42.469177 66.640766 61.222464 -116.404254 -133.172581 89.729530 -145.084596 16.261452 66.107626 -53.764246
-43.223729 6.423520 78.387781 33.459737 -35.942622 -9.884708 -63.805058 23.281409 25.472351 15.069281 16.200291 19.466094 -53.512228 60.638546 51.354752 -29.074804 14.370129 30.984171 -13.309411 -59.276638 12.260101 54.353377 -35.663053 -23.329241 -9.553683 -47.176791 -49.158633 26.578643 -85.503314 8.283981 65.427290 -3.420129
0.801662 0.949768 0.839617 0.780270 0.648056 0.919276 0.669498 0.618179 0.844305 0.733996 0.835423 0.750080 0.298245 0.333044 0.464660 0.370766 0.108856 0.187673 0.030020 0.501736 0.119922 0.275289 0.554504 0.183832 0.544346 0.480194 0.536649 0.823158 0.587440 0.904811 0.518464 0.777559
0.200529 0.843110 0.686845 0.531578 0.219874 0.270212 0.826581 0.411888 0.700101 0.036803 0.411993 0.070763 0.321016 0.647894 0.872856 0.486814 0.314266 0.092723 0.953313 0.927948 0.010366 0.158324 0.434770 0.077224 0.062781 0.201082 0.509391 0.143289 0.317130 0.091402 0.652157 0.971585
0.414184 0.343187 0.325888 0.389380 0.850835 0.246259 0.918604 0.874334 0.022874 0.363012 0.386325 0.389650 0.357384 0.853636 0.252995 0.313648 0.524232 0.824291 0.751965 0.714315 0.669373 0.095660 0.782394 0.164578 0.730824 0.762857 0.372926 0.314264 0.308851 0.825967 0.499859 0.678458
0.873353 0.299381 0.491881 0.750891 0.847609 0.732644 0.420313 0.441537 0.534120 0.090766 0.372540 0.299595 0.218973 0.369877 0.058746 0.280448 0.500386 0.954869 0.791104 0.660131 0.931596 0.193757 0.779572 0.857226 0.313172 0.076387 0.813459 0.553923 0.796814 0.475955 0.221133 0.560799
0.107075 0.054130 0.207441 0.715567 0.738994 0.858156 0.610510 0.453269 0.778480 0.565105 0.044814 0.215163 0.808089 0.423170 0.403706 0.753322 0.011763 0.281959 0.427891 0.834842 0.400253 0.668140 0.405611 0.881550 0.347169 0.183064 0.015500 0.706385 0.669986 0.286602 0.501363 0.104571
41.328865 -40.489510 -42.944920 11.000612 34.800291 -31.672767 -52.792812 52.833523 53.591651 -12.869658 -18.277997 5.556500 29.902645 -27.102394 -83.335655 21.736760 15.303453 73.634400 -71.416448 2.208132 -29.926434 -75.101364 12.848496 35.367584 39.813596 -0.655504 23.524755 -68.842240 -73.014642 47.800795 23.936126 66.403945
34.660552 9.019714 -14.724180 46.103902 -97.264529 -172.653600 -290.123911 3.856339 -63.214792 249.810776 140.357288 55.484432 115.252052 -42.125347 -117.702765 -9.843761 36.970432 221.038954 -183.796254 -24.446332 -115.161769 -39.145439 -36.866029 -22.537679 164.018479 132.266770 -74.651179 -132.106652 152.182744 -14.677085 129.147403 218.323080
-29.442236 25.874215 -48.837962 -2.679605 -47.842872 -36.647657 -151.748614 86.311166 -9.756924 96.258328 46.044969 53.220749 -29.464792 -99.180474 -138.434025 51.710356 -19.637500 169.967039 -138.811525 -39.595549 9.079606 -71.022553 54.849164 151.129968 84.143022 76.430502 -8.004504 -68.526979 23.407885 35.385268 42.345789 121.792542
-87.815567 -86.310734 153.316128 46.993408 49.830327 -17.651553 38.603971 54.999684 -4.555120 131.667210 57.468080 6.871253 -24.951603 -24.151233 -122.024831 -68.362170 -39.802916 138.047836 -47.575468 36.674863 -73.211407 -109.360256 -68.850502 59.130027 -10.077562 27.795504 157.342955 -72.786011 53.527483 120.529789 59.113491 96.854973
16.935037 -184.145933 119.342632 43.713232 41.172476 26.130340 12.080183 142.649246 49.257548 60.198881 49.945599 -109.983017 36.199350 133.659702 -99.604065 -24.889722 -104.665426 -91.973771 31.299343 55.906810 -111.389576 -108.129747 21.555119 73.658557 -77.493072 -2.001515 123.387000 56.692027 31.099438 97.265778 61.961581 64.002892
64.451968 -167.994467 62.997142 -68.181551 -293.199697 255.905692 6.951939 194.540094 -93.121808 213.347611 102.571022 -179.059248 -97.819579 221.145688 -90.537704 34.726787 63.612683 64.370248 -171.933657 -99.526757 -70.418887 169.715804 -198.596167 -3.617815 208.889283 116.881265 -22.159273 -67.093166 86.251109 -7.130275 148.403671 71.193728
125.316450 -21.661792 31.778080 7.545387 -102.006157 32.016697 -3.564994 98.862126 -112.353877 98.899160 140.093413 -151.807511 3.784812 103.315307 87.875192 -5.579530 -17.331076 -133.992867 -8.996202 27.411520 41.634018 134.063379 -179.683511 -159.267171 -7.901462 107.821180 -63.969244 -136.879673 135.678367 -29.450048 97.465731 158.063517
-164.877897 12.589101 191.172063 57.077693 -77.025588 -132.492418 -141.756922 -92.734450 -47.685749 244.982986 165.825912 74.579882 235.442093 160.819135 81.799205 111.833780 42.636350 152.988776 -56.499951 145.143634 -255.860494 -52.493482 -43.377124 -249.776378 136.219263 107.614324 -84.726172 -98.124402 341.233401 -189.382222 -49.890813 37.330596
104.607979 109.546779 -34.180021 108.576289 132.217784 -146.374413 -229.822490 16.826261 21.598405 -5.766985 89.776125 231.007405 140.556288 19.062975 43.425502 73.506446 40.233391 170.517777 28.326043 201.755485 -86.259096 -188.512658 117.925002 -101.778299 95.304580 -41.398346 -101.302040 -127.489908 36.085308 -90.513169 -111.442729 124.737897
-15.145150 -18.910822 100.536809 44.537798 20.591003 15.960219 -62.263281 -34.496764 22.081129 0.978546 9.591544 149.399237 51.281598 89.126647 39.694853 12.293130 64.703177 174.122089 -5.688715 34.000945 -80.132336 -107.150909 -8.890631 -26.238619 88.010359 -90.295040 -40.463325 -22.622401 -1.425916 -53.250801 -59.987584 -66.866502
47.448872 49.699041 -97.316392 1.121058 58.231046 7.320368 -13.757852 46.529408 51.647451 -55.763539 -24.779938 52.601274 -21.430714 -52.781120 -21.578657 18.624050 -12.279046 -21.072985 -0.461086 44.612990 59.684351 -23.556160 106.771497 109.746248 -66.844484 -15.088282 -5.721447 46.917036 -62.195120 32.749578 -1.043713 -3.577407
0.694392 0.579950 0.523778 0.358391 0.872156 0.391166 0.043400 0.506266 0.486484 0.459125 0.373782 0.883821 0.680986 0.028306 0.433404 0.490305 0.568135 0.596065 0.697469 0.354262 0.816013 0.843369 0.876906 0.164670 0.492108 0.435548 0.246661 0.896822 0.445470 0.462895 0.773734 0.789721
0.217622 0.995072 0.733736 0.966760 0.000843 0.313959 0.122431 0.442434 0.729849 0.924498 0.215836 0.793240 0.678992 0.343998 0.227627 0.923831 0.897096 0.966552 0.073203 0.254770 0.929753 0.827751 0.911730 0.369600 0.400726 0.419527 0.688288 0.358142 0.363957 0.539661 0.656993 0.917349
0.124443 0.516757 0.372373 0.248539 0.323017 0.985945 0.559965 0.170378 0.352817 0.883656 0.462201 0.974293 0.711417 0.057660 0.897626 0.395452 0.692554 0.031783 0.140697 0.386228 0.061982 0.146346 0.882494 0.068057 0.346152 0.461263 0.808089 0.001259 0.548590 0.429468 0.448677 0.276886
0.337282 0.428929 0.203517 0.148698 0.927255 0.578508 0.780437 0.989960 0.215160 0.665830 0.725922 0.128527 0.329993 0.014372 0.856381 0.295662 0.487548 0.289839 0.582349 0.961615 0.745966 0.295169 0.251841 0.690002 0.272101 0.693817 0.993828 0.371119 0.074068 0.646731 0.370616 0.787641
-64.276855 -27.804303 -0.367619 19.235598 6.204352 -26.181246 -20.394617 -36.235857 24.415236 7.039589 6.560833 -3.891096 79.270040 -1.681579 -20.692184 6.856046 -18.025620 14.376050 -13.438493 -1.404691 -60.375855 -36.694357 -2.731245 -11.168533 20.421872 21.250636 26.011352 -2.634501 33.539386 -7.452533 12.804007 15.418887
-15.864754 9.369993 -133.045972 -37.086175 -53.291932 -76.691374 -118.994452 19.368876 29.200838 120.116469 -1.781330 68.252467 -34.224671 -120.888998 -161.197248 6.075969 40.551828 111.804413 -187.929596 -36.052000 9.569968 -53.979538 48.464661 192.335015 48.008247 58.381382 -0.711356 47.034136 16.067238 56.233001 56.245617 83.960903
-105.683745 -78.058622 47.155065 59.477539 -97.079294 -200.582149 -265.266625 9.536274 84.201971 144.451125 53.963158 43.067934 97.939196 19.458861 -110.673051 -2.523213 -3.875932 161.758574 -165.180492 -25.989716 -100.387984 -65.034710 52.895665 32.463894 94.528466 59.829618 -10.931526 82.826989 -34.859391 43.537185 211.175213 193.030572
-118.810059 -12.108709 124.152157 85.846480 -91.382215 61.110340 -150.424302 133.495535 87.029104 15.302129 39.728580 82.169399 -74.415886 129.122354 0.945753 18.501054 6.193805 152.882613 -4.557542 -87.683142 35.162742 -30.802563 4.986863 67.478451 184.158900 -64.675002 -26.913457 31.897659 -277.465411 60.918949 192.859870 103.223654
-119.152406 72.506400 47.011801 104.122144 108.420160 3.587804 111.453979 -112.360251 59.045475 -73.357919 45.754466 37.419157 216.212993 -22.484396 86.562355 35.161066 -80.640337 -52.275991 137.102726 20.617953 64.145543 -81.095714 33.209229 -101.488843 103.690896 40.478897 125.168393 17.850574 -16.853314 -28.788368 -1.532977 64.887219
78.066526 42.493736 -47.944043 40.054356 63.718997 95.022140 135.651054 -25.505382 -30.350650 3.922804 78.421833 75.971780 6.449740 52.095009 57.261462 -10.320269 6.981722 -76.810359 74.822243 53.094944 -14.466757 -15.523356 -39.342175 -30.295791 36.226393 -26.505760 14.199600 -26.769055 106.411892 -19.226227 -74.455285 -93.540171
159.504255 66.230680 -217.278402 -48.376815 -4.074847 297.737390 85.816694 131.823022 -36.584030 -5.410553 52.717340 50.889067 37.257322 69.889185 2.479049 143.835454 44.697002 -46.466994 -40.107429 123.476156 0.147787 -31.174164 21.193233 74.058159 147.604662 3.961099 -20.884054 -132.569487 143.873847 -71.371654 -127.378820 -86.553094
268.667744 163.649394 -243.114200 -99.433991 35.505365 34.152092 104.295833 9.183075 -178.897235 46.676012 69.349836 -62.900216 -16.044574 -159.710863 -16.717169 79.540084 40.860586 20.665288 -20.286004 206.510397 62.625388 -1.556976 -32.116460 40.153974 -40.864945 110.251030 -25.431875 -265.668991 331.011958 -107.706693 -238.522061 -48.040919
35.465790 17.139058 114.567531 56.911285 58.350908 8.613264 -60.831321 -53.748803 -107.066664 99.207932 108.455808 39.847682 106.003728 51.729578 39.751122 32.816432 60.581009 228.711811 29.939820 135.052523 -134.461754 -129.415681 -137.915130 -207.939789 143.045518 38.366414 -29.702321 -312.317822 190.438813 -116.929453 -117.518405 97.820145
15.180353 -70.750002 107.225098 20.280731 21.218907 3.317409 -135.868082 39.356171 -48.814085 130.453957 84.611752 161.522655 139.736993 141.506349 -41.417984 108.612142 83.830008 238.795599 -92.816013 233.151703 -247.292283 -170.234071 45.800479 -107.795841 159.769893 -7.678974 -34.612212 -158.801880 207.796181 -133.357293 -143.572656 35.810606
109.500112 106.777684 -57.472414 41.188366 131.753768 5.854440 -50.137925 17.076216 -9.848702 -28.098055 43.734952 164.272742 38.063849 -23.046070 49.683464 45.932360 8.436328 13.736178 33.003846 201.740669 -37.322161 -118.903463 86.333416 5.360665 -47.504719 -72.986969 -23.606664 -82.362474 75.397003 -81.986150 -182.678934 -59.278301
32.470815 16.174632 -2.752218 29.307067 51.178138 -7.736654 -46.437161 76.446843 49.396596 6.697783 2.784136 51.801635 -44.534717 -15.493498 -34.117833 -25.347051 -15.987253 -13.650882 4.911676 34.443381 22.981444 -34.151680 75.868895 102.710507 -86.971390 -38.440154 -14.854007 48.609010 -70.744079 33.880325 -6.554119 -3.710175
0.235912 0.313129 0.088337 0.700236 0.206936 0.557989 0.993712 0.836709 0.552652 0.015549 0.010973 0.853195 0.291019 0.364950 0.975821 0.429505 0.942333 0.258328 0.837620 0.971707 0.872211 0.725769 0.313998 0.583631 0.866105 0.445491 0.638921 0.447603 0.244429 0.418247 0.811100 0.432637
0.408260 0.350690 0.397433 0.090201 0.630052 0.132230 0.014064 0.678119 0.615022 0.991590 0.698123 0.435378 0.647137 0.287663 0.742778 0.344785 0.638862 0.001172 0.048127 0.231786 0.200747 0.182237 0.205079 0.615284 0.728986 0.786478 0.476841 0.812417 0.697819 0.172559 0.247618 0.986831
0.585555 0.166991 0.717374 0.492526 0.165032 0.930496 0.447502 0.534507 0.189641 0.692964 0.158593 0.752599 0.057557 0.324557 0.961355 0.179757 0.744564 0.161865 0.550444 0.526875 0.329671 0.203069 0.620292 0.140465 0.291046 0.084773 0.377484 0.607419 0.590878 0.740374 0.184754 0.978005
0.533638 0.211914 0.474985 0.276309 0.740086 0.802031 0.769734 0.528943 0.837355 0.517008 0.019103 0.408709 0.651575 0.623293 0.908340 0.191541 0.973208 0.666579 0.888364 0.827518 0.690472 0.232193 0.063943 0.074471 0.597931 0.303546 0.096752 0.045503 0.427138 0.245011 0.255752 0.979444
-44.991779 6.391992 -21.000289 16.338630 33.326013 -42.619563 -47.731796 -3.910566 18.817403 56.380870 24.066214 23.490407 35.793775 -43.684362 -41.680129 -5.198522 -27.563886 -15.385202 -27.959998 64.152424 -56.023601 -55.116261 49.532562 70.124572 -35.008262 30.402133 22.110878 36.403131 68.620041 18.343262 -3.229858 36.895511
70.477219 79.452471 -102.489239 -1.288670 -31.360173 -65.422801 -126.919907 55.726788 5.154606 70.604860 29.796345 65.250601 -86.541530 -77.223500 -59.111299 13.399818 21.956796 78.971069 -124.566009 11.146042 44.358509 -43.094414 24.956596 117.537138 32.351627 4.439924 -45.148724 -17.614706 -37.410558 23.266938 35.362032 48.901875
22.420306 -9.097540 46.389547 74.512873 20.169325 -107.209278 -170.175283 66.425590 53.983289 1.048074 47.184924 41.224777 3.964255 24.863043 -8.022110 14.658129 -56.900103 99.570821 -25.418015 71.765920 -21.944827 -136.508969 50.636135 49.497902 24.365124 -37.673897 16.967862 -23.169477 -117.427259 49.279012 97.435996 164.813442
-153.079027 -45.915864 169.034277 35.164168 90.912199 5.535790 47.760777 82.585885 79.324446 -2.259938 17.320513 -9.300830 25.433991 87.126419 47.120563 70.459374 -140.021914 -129.666088 57.207708 187.053627 -35.769614 -71.189094 154.850800 44.409713 -102.120121 -23.420106 50.508756 136.345499 -7.175241 27.518654 25.346634 -77.110912
-202.122795 116.708631 45.897644 89.082567 118.644921 55.186980 43.862614 20.502529 119.637071 -92.426584 13.539458 50.620400 -9.670927 -2.196016 136.236936 -2.364629 -108.001957 -142.431219 155.693294 63.042358 135.767713 -40.351597 116.000545 58.234249 -160.152138 -108.964002 -13.512021 164.312726 -148.101921 39.326379 5.954976 -167.862279
71.658186 78.044081 -186.869097 -10.537299 8.472958 197.076977 10.831747 106.758508 56.175254 -72.386801 24.271130 41.651795 4.191290 67.166452 28.061660 113.137460 7.361243 -205.013647 -1.360935 72.263272 33.703499 27.815525 167.900922 69.875214 15.685830 -103.071195 -60.601327 94.980319 -1.393497 -45.581015 -72.945737 -172.041288
201.175015 -3.694603 -219.422560 -92.358167 -47.568948 269.157184 79.229430 217.476061 14.758559 76.759356 11.323084 -6.023001 -68.635328 32.143965 -146.659259 111.376058 64.853070 -67.236601 -118.396710 74.105237 32.502376 14.100297 95.745197 233.209401 31.095440 19.217377 28.794030 29.073673 84.579110 27.842805 -33.671521 -87.541427
209.682622 220.813910 -234.301075 88.822406 103.029326 -35.797496 -74.506417 41.971014 87.535847 -143.533537 10.973236 83.542791 -43.054969 -138.698237 30.702287 -16.725956 62.119064 78.150734 188.083518 -20.698980 195.007680 -34.757868 20.683685 72.846950 -14.057735 -111.860706 -39.246001 -106.155868 -221.967214 76.359734 -2.628093 49.619820
74.253622 108.505380 24.410009 17.317895 40.957792 -206.798792 -82.288654 -53.444236 -44.873704 97.790286 67.804933 102.004054 30.296612 -50.141806 22.845658 21.410882 55.319863 117.420303 27.653309 83.613127 43.181724 -16.332546 9.202806 -52.622923 -8.221569 -2.706577 -63.617320 -50.353793 99.146213 -44.403889 -51.773244 9.343673
48.861261 -44.040837 45.107772 -61.778532 36.134410 -59.294553 26.837779 -20.846362 -48.050206 89.646103 7.146356 41.829361 44.498452 -23.170783 -57.168040 25.940307 70.644143 77.975984 -42.259428 147.006410 28.802777 -26.612977 55.581918 37.135042 -62.957151 55.348924 13.595955 33.811416 171.984404 -11.452829 -48.298876 4.431189
153.084717 100.626414 -18.273566 -32.540268 54.786547 -59.000649 -13.785809 74.050942 -81.750589 129.788950 67.349843 132.040416 -73.721171 -58.106257 -26.946009 21.996769 71.462541 39.740680 -39.996276 209.356259 -13.530276 -38.793967 42.735214 62.875679 -64.995124 12.119594 -39.470826 -61.685753 159.796020 -57.452272 -154.181286 -60.146882
-15.359831 -33.211856 95.377904 27.490940 -6.012032 -15.277877 -31.218288 30.836112 -1.441837 63.456126 28.574779 -0.706747 -23.506987 38.032419 -10.949555 -43.628926 -3.095447 7.558992 6.596104 -9.659808 -36.718791 -9.796388 -30.620644 -7.627347 -19.919740 -22.815791 -7.749721 1.726358 -7.515468 1.334203 -5.238631 0.456463
0.555309 0.378629 0.982976 0.763242 0.914059 0.526363 0.909744 0.409489 0.149429 0.185383 0.625341 0.310450 0.711739 0.440536 0.188875 0.915475 0.015247 0.829279 0.594714 0.655600 0.872281 0.512446 0.361041 0.993762 0.324228 0.013430 0.876378 0.266369 0.869321 0.765152 0.743057 0.819770
0.986636 0.867507 0.532707 0.823538 0.744933 0.475141 0.447209 0.357223 0.777948 0.037366 0.868065 0.114616 0.903611 0.571048 0.088394 0.095158 0.999607 0.190706 0.286274 0.430881 0.833025 0.758922 0.881964 0.997616 0.454456 0.509061 0.608808 0.530769 0.267583 0.047438 0.550087 0.179386
0.455787 0.173562 0.110479 0.484532 0.608856 0.132967 0.354738 0.942773 0.779856 0.285054 0.577834 0.076417 0.440041 0.021812 0.852900 0.836290 0.872765 0.850327 0.858857 0.484327 0.793168 0.209986 0.671644 0.852304 0.163689 0.116201 0.227173 0.533247 0.733465 0.419187 0.434455 0.182495
9.946693 -9.490165 45.903893 -0.598147 26.962931 -2.923571 21.309467 14.790903 1.470183 -14.323557 -8.723400 -8.990884 -20.095312 21.572539 23.591667 -3.852431 -6.935882 -24.989041 26.009961 27.044589 3.447008 -2.389660 -3.133735 -2.922643 -30.470448 -19.628131 0.674449 -2.424161 -4.353010 6.642796 -18.592880 -27.703630
93.811586 37.940981 13.490473 -6.353419 46.252228 -23.252991 -10.382567 74.430467 -21.157334 23.373178 12.514928 5.552546 -86.454644 -31.518615 5.980641 -13.631258 -20.331310 -70.658253 15.545784 82.012378 51.966793 -29.282015 31.855506 58.828596 -76.528924 -6.158662 -12.208937 2.575533 -4.279240 39.483783 -18.195377 27.153774
139.292720 131.911057 42.663994 58.508799 120.483025 -75.377905 -39.044503 68.035360 -66.922470 41.127263 70.235605 -5.445129 -179.489958 -89.314923 59.579655 -106.572920 -36.036015 -54.238872 130.435213 144.335043 140.767479 -67.932631 -44.697222 58.661689 -166.265962 -63.522267 -21.323318 -49.059455 -40.978619 99.061602 31.271281 37.067159
153.404701 71.806623 103.749943 26.500569 203.562948 -154.591635 23.588797 69.502510 -17.417696 -29.390860 27.186728 25.650189 -161.167198 -26.038593 83.188465 -24.759913 -69.415094 -74.090017 139.683791 270.267388 38.430759 -75.426981 92.458495 82.122914 -288.240655 -142.833308 5.966625 27.121834 23.172962 52.377307 -116.857562 -90.836035
-33.538074 -39.103437 262.872513 23.011150 130.998829 42.529350 23.394718 225.851501 -2.310917 142.892287 76.771950 -49.555458 -141.996966 102.285158 25.649781 7.250145 -119.969283 -146.901680 64.763296 272.530460 -28.782998 -8.199326 93.431960 114.047978 -208.192652 -117.575200 12.906244 52.426399 37.229801 40.051196 -45.964114 -141.313063
20.444046 177.283067 -56.070481 -71.221344 -19.923934 74.541921 162.140923 59.332957 -8.174314 48.626820 -2.915740 22.312259 -133.316276 -99.688182 97.903604 82.420239 17.284207 -251.756862 5.551010 73.479066 200.783093 236.103123 120.952078 128.612501 -139.541857 -81.455444 -35.609138 171.673657 67.576155 -52.851075 -138.380467 -256.734249
97.301558 111.391849 -239.673545 14.115777 -21.525466 8.761697 -1.955040 44.041424 85.722767 -17.549240 32.646648 78.491372 16.535224 -61.748346 -21.378695 65.156929 24.080636 -180.700376 -29.797201 -5.400197 72.054356 99.657179 143.191816 126.018983 25.839606 -67.485461 1.601474 120.852215 -23.422881 0.414211 2.514067 -68.368940
203.327397 24.784729 -294.072671 -2.545650 18.491770 222.944561 74.452243 174.587443 141.803264 -110.176947 -44.895811 -5.324365 -24.149336 -43.618960 -94.955731 69.754300 27.351557 -192.158022 -2.296197 -54.807878 159.967389 14.229046 107.950606 206.230463 5.876971 -53.703895 98.870052 88.885606 -204.920856 136.572211 124.753401 36.567825
-32.711821 85.119212 100.641299 94.815209 11.317419 -164.814347 43.321800 -156.716553 80.964553 94.298281 34.824593 -42.423814 91.258563 -73.398129 48.127967 -72.744517 48.158501 84.822944 124.542715 -138.209797 56.967313 101.027976 -19.446968 19.476998 -88.633966 28.239274 48.848303 145.506539 4.087457 105.840994 124.380297 51.944271
3.803867 202.291730 60.717984 60.461887 66.587474 -268.102463 -10.051141 -163.739139 41.227119 -19.822422 17.636982 89.940977 6.960704 -110.824254 142.193388 -12.983327 103.199939 108.993873 81.470547 -14.830304 116.302201 61.063587 63.596564 -15.868036 -108.563062 -63.543362 -62.984761 130.746329 16.601648 24.402248 -39.111528 -74.549581
55.231841 52.678625 -102.217376 -104.737910 -56.234414 -85.915528 57.012618 -58.151300 -32.392056 -1.152470 -16.087436 -48.857663 85.008878 -103.720043 -5.490424 124.040204 102.327570 -71.476610 -135.725583 104.875869 96.459149 -8.113076 124.991981 34.944328 7.314180 87.140409 -0.444811 92.692863 184.689524 -81.040719 -92.954678 -106.343846
80.618978 8.069444 96.471744 6.537877 -92.616251 -113.135609 -83.068244 -2.212620 -60.798576 158.557396 81.026434 -44.077362 32.203298 24.776897 -22.107581 -5.635527 109.662629 82.548829 -85.279263 -24.034063 -70.530202 22.010107 -66.524282 -41.755481 80.593460 28.614645 -20.506665 -46.524685 94.570215 -48.981520 -12.072102 -36.582197
32.499565 25.840794 -12.963990 -9.374318 -25.995714 -32.934051 -1.503284 -37.645245 -62.569774 89.233694 42.968650 -10.073990 5.886426 -48.486695 -10.884869 -27.747608 25.677812 6.373639 -25.626597 -17.292821 21.404639 54.098562 -54.640701 -1.882197 37.726496 67.157604 2.582004 -23.382945 82.448852 1.052333 33.896159 66.648317
21.155453 1.611048 -10.547187 16.211952 -15.067201 -11.572149 -42.837027 -2.857226 -20.636940 44.865324 33.488178 0.264932 34.287604 -12.557854 -22.412521 -9.676258 1.872633 11.641963 -23.087917 -6.316900 -20.167573 -12.308016 -15.945298 -0.860334 53.135793 35.637133 9.908553 -23.938743 22.894073 2.180029 34.092907 66.555636
20.570723 1.787505 -10.493328 15.916293 -14.828241 -12.472641 -42.123682 -2.697105 -20.598027 45.006403 33.337243 -0.602336 34.725455 -12.569492 -22.811101 -9.596308 1.717250 11.137094 -23.351853 -6.783107 -19.764021 -12.779163 -15.230529 -0.998463 53.289017 35.624565 9.659496 -24.008160 23.211704 2.455124 33.485473 66.418390
10.311467 -9.902432 46.107344 -0.738690 26.680634 -2.851612 20.831356 14.995988 1.359012 -13.951405 -8.533908 -8.849000 -19.921583 21.964369 23.454939 -4.176717 -6.720326 -24.233461 25.405837 27.254247 4.028812 -2.256738 -3.452512 -2.930185 -31.341460 -19.769605 0.262106 -2.302260 -4.365262 6.205054 -18.634428 -28.424147
62.981908 -12.025645 61.256158 -8.467281 45.309460 -4.589923 31.433260 38.735497 -15.497484 -31.186807 -12.157207 -41.578803 -38.297644 20.887867 40.221524 -5.123099 -13.959722 -74.069921 45.397781 45.107034 43.260667 -4.351608 -13.354273 -9.743969 -42.753807 -19.441527 -2.684548 -21.383304 -14.730885 14.855600 -19.448427 -18.081510
131.332790 95.169994 85.828729 57.051350 116.264554 -15.963941 76.001398 36.016431 -18.901888 -97.341748 0.218074 4.837463 -147.296286 -16.427144 143.331303 -70.652379 -6.913940 -41.847809 176.899755 23.244224 149.014621 -28.901791 -89.613880 -42.058416 -117.282744 -116.075124 -12.634954 -82.171993 -145.397939 57.612838 -33.123540 -24.129063
145.744103 46.959535 52.751898 58.363635 183.122181 -38.448159 28.315695 145.274845 24.659393 -67.630900 17.756438 -51.775242 -89.394287 0.546928 42.545749 -6.683270 -95.908920 -119.511032 141.759849 248.594088 33.212961 -131.923140 90.350621 54.168610 -184.851973 -103.362940 21.267359 -30.373477 -74.804874 81.663804 -52.286119 -15.361437
157.286625 -29.036055 15.119819 20.766131 211.369350 -138.612042 34.472281 77.451944 8.847148 17.241146 17.071042 -56.074413 -32.066937 -74.230526 -94.234143 5.265696 -120.375337 -56.725443 68.860289 293.170802 -92.330305 -189.653578 200.668491 152.107518 -244.435356 -63.551219 105.822005 20.423388 77.042292 53.213202 -196.067153 -54.261164
-27.289958 -127.823472 145.262705 -52.098598 66.270396 55.674874 127.821605 147.499306 23.292763 94.196470 -13.284498 -49.319032 -46.306935 26.900445 -97.561940 41.002019 -84.544874 -128.311787 -17.208122 128.769182 -26.838275 -33.529175 164.556079 221.260184 -158.211322 -18.254588 100.929882 134.576361 79.688731 67.654153 -68.730047 -170.275334
-16.645098 84.667948 3.139969 47.570547 72.650698 129.092071 87.560799 96.225917 57.262924 -55.732413 9.905335 16.946641 -47.738526 -62.728490 44.045786 12.083399 -61.386998 -158.759029 84.032175 48.530523 124.711411 15.745608 100.063171 139.792324 -73.629239 -89.633472 38.395800 55.994001 -70.571566 43.045162 -30.646266 -89.936813
117.302999 203.581910 -341.893306 93.460877 49.841576 92.741594 -1.177861 -46.034460 62.807232 -203.552186 48.083850 94.058207 64.611429 -61.660833 148.635927 65.832223 26.392664 -117.770940 117.749736 -60.109493 101.497695 41.929333 52.006392 -69.829621 115.880682 -56.019189 -7.506618 -57.664368 -92.104216 -47.942735 -14.766008 36.028545
127.446294 31.822017 -182.477242 22.113214 20.039119 183.700199 67.909672 28.235012 62.731950 -129.883992 -4.122416 15.493872 111.178581 20.957320 34.846343 93.955137 33.895289 -18.813347 41.952329 -96.812058 7.250845 -33.309019 15.895888 -31.580238 152.850642 18.797201 56.736039 -77.515761 -40.580663 -13.487058 -25.920715 50.784291
74.188153 13.574258 -14.782036 -30.304680 63.119553 78.274319 116.665079 -54.595872 42.753719 -42.688698 -63.251707 -38.556425 20.120705 -74.732528 18.232916 66.945126 25.986129 30.317813 1.742522 -27.534911 51.987106 -9.197758 133.175487 67.240210 -122.148566 6.478047 37.325371 132.921120 49.720642 20.728870 -110.877608 -5.180335
7.219154 86.493759 161.606306 31.895266 -66.352892 -198.770685 -15.158413 -63.095733 -36.174160 197.472523 80.163828 -56.227265 -144.408433 -79.510767 66.304467 -101.090023 124.961165 160.353772 -10.333425 -63.519410 100.537888 232.410819 -11.882358 67.594283 -112.580387 24.065986 -78.615508 189.681285 58.397717 75.437891 90.932506 10.641782
168.348954 11.838828 -22.706729 -35.151501 95.641118 -164.894419 194.644709 -107.317312 -44.083097 -44.041459 -8.487849 -112.033550 116.378033 -130.210555 2.290024 45.422759 41.813429 -50.535651 -0.855502 62.154261 58.716038 -21.877000 51.182462 -0.116110 -28.884105 103.489019 108.182535 8.273589 147.879933 -23.703122 -122.744021 -40.650152
19.344721 27.712902 191.571937 33.848902 -20.800874 -144.984994 43.855683 -82.867813 -77.210826 127.368713 72.542567 -157.633850 6.581864 4.932579 91.091209 -99.761673 51.672503 -47.325424 72.982496 -127.192672 45.396294 108.786979 -134.267923 -125.161828 -50.740827 62.039562 1.766717 8.658023 78.228456 12.323253 50.343519 -5.165567
44.083576 14.425438 54.525985 72.542366 113.669390 -65.283402 117.369545 -128.905780 -27.034899 -52.986845 9.398807 -37.779800 91.938479 -60.998307 78.057456 -91.618219 12.465952 -7.196809 151.787365 -63.245627 70.210098 13.276077 -120.545630 -135.026009 -22.735379 29.712483 93.927931 -81.041267 -11.633480 51.060247 45.155273 94.244601
25.652200 -16.066807 51.146111 57.003972 53.443329 -20.263241 -2.788485 -17.784626 2.133444 -33.734355 18.367462 -9.929441 65.520625 22.684989 27.254761 -28.304796 -16.213799 5.847300 59.031368 -7.047896 -14.457022 -31.470720 -45.125543 -65.794567 10.638799 -0.898897 41.552896 -68.145748 -38.635573 22.353641 33.374907 59.746219
29.793253 -9.002206 35.190289 15.484926 11.175024 -15.115490 -22.542265 10.464792 -19.766435 30.212096 24.256019 -9.834174 14.540754 8.336260 0.784816 -14.285996 -6.431307 -13.549212 1.724536 20.075087 -16.953117 -15.232734 -19.391454 -3.854338 21.597617 16.087947 9.740771 -26.527070 17.892731 7.958734 14.328435 37.797843
9.679973 -10.048355 45.738908 -0.196431 26.141895 -2.535662 20.422305 14.401977 0.910983 -14.590068 -8.101445 -9.112110 -20.189413 21.431326 24.013799 -4.312823 -7.566556 -24.754122 25.744691 27.227275 3.523082 -2.145812 -4.007507 -2.812534 -30.527236 -19.195531 0.281350 -2.363272 -4.412469 6.553248 -18.743778 -28.173664
62.994506 -12.014946 61.353693 -8.470971 44.880187 -4.889343 31.535800 38.797465 -15.054817 -30.978064 -11.606777 -41.475734 -38.098199 20.534565 40.920711 -5.160206 -14.200701 -73.778095 45.787415 45.322146 43.186520 -4.281973 -13.638615 -9.266690 -42.546452 -18.799231 -2.722195 -21.770786 -15.150182 14.372966 -18.796273 -18.579602
126.804700 107.285998 48.672859 87.922301 101.524360 6.500194 34.708775 40.588669 1.573885 -130.130827 17.750374 7.499460 -80.295588 29.327948 164.370672 -27.150244 -15.285528 -40.651664 166.916293 27.532343 98.350276 -52.017045 -84.990844 -101.366120 -26.043962 -128.023336 -30.021509 -125.780821 -174.896409 20.986006 -40.433792 -7.562690
-33.416114 -76.169940 137.612230 58.863901 91.901114 -44.162524 127.726710 -52.992257 40.143450 -105.836310 -16.108039 -81.772580 79.390027 54.933143 61.875689 -20.439864 -93.186644 -103.297534 115.009381 40.108750 -37.188792 -134.201929 -11.905072 -78.428470 -50.918021 -8.537528 119.966602 42.675577 -20.984698 40.053198 18.772391 -4.947456
-96.557849 -204.516050 140.337390 -20.910046 49.354565 -108.825584 73.091479 1.529020 81.319886 7.529379 -49.322488 -101.500305 104.497268 95.912885 -89.375714 58.573513 -98.128590 -145.135053 -33.355275 91.850274 -184.265040 -197.415004 165.944377 44.505078 -123.387115 60.410346 174.877919 165.326188 76.965612 6.941108 -84.677451 -88.335501
-106.204971 -114.167665 205.326457 -20.342849 50.624336 76.793381 191.815110 13.187982 32.144073 -10.274027 -44.874845 -13.155027 20.926433 71.624078 -2.115853 25.243676 -63.541274 -106.434032 28.195614 10.450309 4.205398 -65.779624 56.680952 67.615711 -53.925617 41.022545 136.612465 73.388363 11.622339 21.718402 -69.264016 -96.270678
-66.535680 57.342622 -46.029211 89.423880 124.382900 66.030578 29.416283 -5.798135 79.953363 -76.233189 8.096522 68.691408 119.158675 -76.372569 39.380403 19.318554 -122.114635 -94.136180 112.289310 -25.996928 73.858970 -127.583966 83.522991 -4.355995 31.749701 58.942278 91.203295 4.087890 -49.282980 56.932572 14.212293 115.454678
114.670981 -11.172912 -317.448443 30.461817 80.858189 88.428535 117.022367 -71.315511 60.870911 -208.586852 -38.226246 7.187395 154.120693 -119.315120 -40.216155 33.834805 -64.297923 -51.264869 63.398203 -115.195889 103.742330 -147.861527 -0.963292 -31.028329 121.503865 103.286534 110.105221 -57.524294 -69.272574 37.979993 37.367759 177.744015
77.066224 -149.844770 -108.377660 25.522865 77.633609 227.031149 143.539190 2.598528 75.250910 -122.387143 -42.869364 -22.453520 115.795453 83.017413 -52.884882 48.147582 -38.979994 69.271523 28.170856 -48.922880 -60.286189 -120.268626 18.026905 -61.854033 65.440162 37.552366 98.725799 3.612292 -11.131064 45.892017 2.780804 44.313274
121.797780 66.586192 -82.773708 2.846380 -12.906733 99.170421 27.866908 38.061448 51.165384 -19.832438 -4.979889 -22.959918 -41.214831 1.382163 89.975089 56.674332 11.944118 64.603430 59.161369 -94.126673 198.013483 108.058764 16.449154 54.007834 6.839842 10.913735 -93.577711 79.862818 -97.339506 34.257541 86.972310 40.093264
-53.373607 13.585554 244.203905 97.942591 76.437791 -222.999501 -60.371257 -43.833800 65.637993 92.892421 71.684809 34.486132 6.280119 57.644642 88.568073 -42.141879 -23.531737 106.621349 35.619386 1.113488 -41.434702 14.784487 18.822797 2.699211 -95.147324 -38.922689 -36.658381 95.530380 4.305389 11.822522 1.954169 -84.249097
-80.172427 -8.525068 300.808345 102.933395 -34.435254 -220.201187 95.462989 -190.862402 -50.921751 89.905254 100.559073 -120.242305 132.438769 61.412753 184.692703 -104.406155 7.368146 31.939676 115.504749 -160.068561 13.308632 103.521226 -226.774081 -210.820108 49.346817 107.159995 45.428360 -27.146053 82.877141 -20.226346 92.013161 26.079057
86.511483 84.337265 -5.584264 23.277154 57.514128 -182.718494 175.421253 -245.586547 -82.478987 2.668644 23.289728 -166.442092 79.305633 -185.478873 85.373729 -91.234620 0.999991 2.477589 125.501337 -159.941765 143.273279 27.912131 -150.441710 -77.674630 8.368511 134.493213 88.964842 -42.887349 101.224326 40.091609 24.642553 61.587442
4.076357 3.409301 52.107010 69.129684 60.409257 -122.943581 33.211429 -132.533219 -40.469267 51.245261 44.316990 -62.453995 97.535986 -77.278799 19.524895 -90.936798 -15.402831 44.243148 79.877816 -44.964991 -2.419611 -11.915613 -145.870724 -119.337462 2.071381 80.687961 94.401368 -113.812250 52.727566 39.108153 66.674165 149.287857
15.178566 -30.173773 84.261181 43.503031 83.492692 -38.992022 25.685385 -7.550470 15.075804 -71.692155 -4.601087 -39.003112 53.147132 33.669614 54.834210 -10.420649 -44.938982 -44.170901 81.009861 34.653856 -12.288620 -59.417905 -45.074487 -85.638014 -40.034792 -22.045874 34.062190 -70.552582 -32.735233 11.766580 -7.238909 -1.739218
9.646028 -9.357682 45.829510 -0.596904 26.438623 -2.453654 21.141573 14.395641 1.679496 -14.383883 -8.564010 -9.026134 -19.918827 21.261691 23.514423 -3.705144 -6.983538 -24.875630 25.313226 26.972858 3.284725 -1.797692 -3.948187 -2.463971 -30.788974 -19.513519 -0.192943 -2.687404 -3.932064 6.028429 -18.768926 -27.508033
9.797373 -9.479216 46.055116 0.232272 26.912628 -2.772456 21.038317 14.300435 1.407057 -14.389177 -8.330550 -9.351118 -19.822735 21.421145 23.302084 -4.408080 -7.352726 -24.112868 26.006943 26.952895 4.056333 -2.159449 -4.010446 -2.828833 -30.944179 -18.865600 0.304559 -2.360226 -3.943402 6.390444 -18.495488 -28.175129
87.877651 11.853151 48.426949 24.970006 51.231312 19.325030 56.286361 30.853251 1.474543 -106.731960 -12.115447 -39.777079 -13.319970 52.788819 113.014664 17.242327 -20.991323 -78.525424 98.327692 12.347754 73.671171 -23.734113 -50.408105 -61.727136 42.119624 -64.445077 -16.795026 -66.826715 -92.103412 -2.166846 -21.735081 -19.324214
138.564165 70.482279 57.698631 54.302827 68.297111 13.367269 19.032188 61.563915 -17.848917 -89.767415 20.044732 -21.765879 -72.048732 46.177863 133.358613 -4.315913 -27.085286 -54.775087 120.860514 48.457554 66.235764 -36.472183 -73.227973 -77.938921 26.162132 -106.053866 -50.906493 -117.025876 -117.960519 0.258541 -48.824861 -17.356081
84.595501 3.113274 -26.479104 -43.866116 58.992743 -4.679101 136.056765 6.637560 -5.700637 -124.540311 -36.132517 -93.557374 5.765238 -17.482540 51.075467 62.244391 -40.822096 -137.039146 0.291619 85.582167 61.368202 -54.413281 49.528530 -31.758739 -20.274561 18.336627 34.894954 20.392378 19.167952 -9.838019 -71.714211 33.425021
-31.317687 -3.552444 -27.251203 -43.443602 78.242902 -91.199533 152.395758 -78.450326 65.303447 -95.759229 -68.583054 -42.840868 21.078696 -45.530587 35.155552 78.362127 -38.080499 -92.800275 10.475636 79.787328 15.134171 -67.385856 120.414234 10.819091 -101.495684 0.876749 73.819119 122.147432 49.708353 -41.275016 -168.883551 -98.513636
-199.314218 -86.102288 141.145277 4.879173 32.617614 81.856597 40.489224 63.773452 74.194397 23.956390 1.500936 1.718157 86.525004 106.867040 27.158213 115.916158 -151.107247 -154.345829 -10.845268 74.161963 -60.441452 -153.949503 97.624857 -50.552136 12.274760 8.146320 55.112435 29.877707 52.953207 -47.990334 -77.561833 -42.663589
-67.894312 -68.372070 26.456817 123.919799 98.245792 125.361809 -65.378195 165.042820 121.622882 -69.829443 35.743364 43.141879 75.591792 78.398922 -12.747694 48.225005 -160.186380 -113.719780 36.517433 45.171490 -68.178721 -170.252050 56.945506 -41.915897 77.171965 -64.464428 34.240655 -72.877306 -124.918657 60.622650 26.361408 109.751309
125.954766 -93.119949 -153.857774 62.661653 65.426705 133.833557 10.849745 96.928694 80.611834 -73.268406 15.746620 -19.475206 86.879903 24.300304 -64.217462 25.577115 -85.947063 -66.879071 -4.147311 11.178925 -8.116725 -192.647339 19.862175 34.019403 88.958865 9.536943 90.021689 -50.928527 -81.637706 92.349503 68.250301 183.936923
110.909649 -118.967992 -25.691938 43.077990 47.742864 150.448060 103.232036 40.563337 29.436597 -32.230717 2.163742 -62.737205 -7.777783 41.843113 -64.036963 -66.262715 8.322032 96.678473 76.035572 -81.847255 89.186415 -34.771372 -154.088611 41.532216 -5.969405 -15.413475 70.390619 -80.768282 -124.187838 156.474266 187.643311 114.933048
100.152667 70.044144 44.144988 105.643918 99.651343 -129.894893 -48.278414 -127.976993 -48.914454 52.730079 89.215523 15.661201 138.079839 -63.282378 43.828112 -49.237087 -27.863934 111.892739 122.976050 -25.462160 33.699991 -21.694934 -110.148302 -105.274599 42.251218 42.813199 24.404627 -151.040079 67.948959 33.282892 88.863036 178.110396
-113.109826 29.221455 214.107546 76.545897 -102.633702 -186.961631 -123.231885 -85.524837 -10.407056 107.725569 114.255312 -67.720505 110.707488 85.523557 194.052844 11.518776 -12.755561 -9.540811 28.532057 -128.436748 40.758428 94.419434 -109.392441 -207.790131 117.468671 39.427755 -100.646508 -11.200784 40.010562 -87.956920 86.575020 5.981163
40.451220 -23.446182 80.044287 23.916884 -3.439371 -128.143952 126.369140 -32.864256 12.131612 7.778461 19.633914 -162.027356 93.385612 -64.914949 21.028637 -15.123280 -22.724826 -43.728780 16.406260 -93.028920 75.006391 24.555805 -43.436685 -69.611533 47.440864 111.803030 48.562073 12.641792 6.104972 33.011417 38.756761 76.915371
80.106049 -17.907720 -88.330395 -5.939132 52.404633 -113.757236 165.047228 -123.733868 24.485407 -23.096896 -49.292914 -130.200040 52.096906 -205.626949 -75.519500 -54.139853 -52.649455 -20.649208 45.391878 -152.034560 125.597750 -45.892988 6.829496 83.148746 -27.752297 106.111323 123.379843 71.482252 2.863982 110.598321 52.993254 123.069108
6.420308 -32.445102 -0.891006 -2.802168 20.303558 -73.528485 70.640948 -40.283730 2.029084 38.039648 -3.152414 -50.775913 58.425089 -47.554606 -15.331848 -5.643809 -25.386990 -1.632966 6.361242 -37.604316 -1.027721 -1.134706 -34.232117 -24.033428 20.519852 67.842420 63.363235 -21.836359 35.833667 25.645721 26.589130 110.892748
36.254610 -15.954647 35.156181 33.988585 86.573127 -48.289832 29.189651 2.581252 -2.922622 -11.210144 5.180417 -26.539652 5.653877 -46.914007 9.780064 -51.997687 -55.408246 -15.199653 81.139952 18.491970 21.586574 -59.141038 -58.411123 -39.842509 -47.762945 -1.542762 32.987896 -71.943805 -13.970243 53.573774 16.377799 58.302120
0.016886 0.565028 0.820050 0.016363 0.597714 0.694600 0.488907 0.115593 0.430591 0.600914 0.481131 0.766281 0.082032 0.352462 0.658052 0.174921 0.979539 0.901591 0.944665 0.068216 0.167506 0.385687 0.915359 0.211998 0.283707 0.404574 0.580325 0.123674 0.743640 0.960365 0.787508 0.559002
0.974128 0.214587 0.361155 0.430029 0.427855 0.570859 0.332773 0.899661 0.688776 0.420520 0.786794 0.304493 0.728970 0.016339 0.351887 0.601998 0.874993 0.120118 0.534189 0.310457 0.677148 0.774555 0.327844 0.917369 0.458075 0.634528 0.807280 0.917733 0.440936 0.248210 0.161968 0.446694
25.894619 24.441506 -12.223719 34.448621 7.336713 24.836280 25.008370 -7.109035 16.652996 -75.036924 0.426937 2.867503 25.692537 32.648050 73.083229 22.169834 -6.518635 -4.411154 52.995306 -32.555455 30.316965 -19.297099 -36.586474 -51.841603 85.453515 -44.960930 -14.461132 -44.955111 -76.439250 -15.884553 -1.758210 -0.665160
53.444737 -12.828046 -13.720300 -2.802769 17.261355 -12.781582 88.169773 -39.068045 -4.553621 -48.651099 -24.690010 -58.388034 -8.927715 -38.488839 18.099207 -23.780777 -3.481911 -18.768357 26.901085 -68.525409 100.989896 30.847550 -52.309224 -2.120034 27.458003 7.316529 27.516313 7.907560 -61.921194 51.324913 48.171172 78.008546
43.562167 9.800615 -137.921792 -22.038811 -2.386097 -2.821339 58.720806 4.273924 43.718289 -69.726924 -17.825755 -49.776596 34.438503 -66.994006 -8.225986 53.425570 -8.919738 -60.042715 -33.133904 -83.081773 74.594646 69.133434 24.699595 -31.580547 45.084884 56.939346 -15.283011 51.689309 -29.658187 6.180629 43.378969 96.749050
-74.610477 -84.243190 71.968183 -3.231266 32.346925 -87.588755 54.661050 2.424296 82.040380 -1.163219 -16.651029 -61.820475 49.826024 31.719118 -17.603166 35.778220 -53.901211 -73.757940 -7.693862 -5.049132 -53.321350 -10.988416 73.002034 -31.297034 -77.933988 11.729407 39.374067 123.229016 24.815661 -2.889680 -10.710151 18.836519
-159.002805 -43.661549 -50.571099 16.334975 25.443250 75.543308 22.318342 35.443800 80.694531 -33.380304 -0.682737 2.841981 160.284200 29.757709 -3.761912 115.483597 -152.130087 -134.262029 5.522200 -9.236170 19.033713 -88.661963 90.711815 -20.072764 123.217344 68.445788 79.348516 1.814858 -12.739324 -30.544794 -3.829292 118.406281
-168.758235 -64.638743 -67.436911 28.000166 -90.031926 60.901043 -94.432651 87.990468 21.078324 66.978522 91.370646 -27.279318 146.392266 45.904819 -47.613119 100.783330 -109.288911 -94.597203 -112.530582 6.082263 -67.086443 -23.896394 19.962854 -40.143293 142.936638 108.923781 5.719597 -58.300560 95.740754 -24.071680 83.341492 168.627282
19.699376 -83.064363 -78.975748 -6.445877 -62.085276 97.463114 117.597333 28.746454 44.511565 59.895506 9.079409 -6.211120 -40.881952 -0.714981 -81.594027 -44.788732 52.308715 87.431703 -44.639798 -102.428056 47.331015 53.386578 -51.725669 165.041703 -1.335668 32.149522 46.789277 111.138614 -23.972061 121.627421 137.671574 82.916840
25.916598 -49.879401 110.188537 74.379658 15.946426 34.387700 17.349167 30.811189 54.991178 83.714172 65.869577 -2.411795 -1.112509 120.442952 12.911431 -47.107113 -27.354021 21.725148 34.022001 -26.206658 -25.080357 12.241964 -56.164854 79.305578 -57.242400 -41.426440 15.948368 64.850079 -4.811752 87.414851 121.057316 58.628799
-34.782217 55.518501 114.160420 78.421474 6.942236 -182.060701 -89.341612 -67.799618 28.375227 84.023383 78.129695 -23.839880 105.669428 34.848723 121.532933 14.812217 -19.212192 -15.847286 46.161388 -5.879749 30.539467 51.654549 6.745512 -75.260478 -51.027217 27.616391 -84.315524 59.914672 71.939193 -25.455631 79.208753 2.460010
-6.977695 -44.595368 11.525481 0.789991 -3.868832 -185.300123 12.220826 -80.834118 46.654756 -5.314481 -20.980820 -73.583999 144.766432 -113.320139 -35.771347 28.563343 -17.729727 -33.772741 -43.690408 -124.454241 58.851511 -31.757802 59.036483 15.076230 2.326275 124.222888 68.827650 111.090951 33.003223 22.606515 63.573081 69.991115
97.845075 -77.472840 21.611649 -38.801829 26.855546 -59.326896 90.899987 72.499425 -37.937534 98.481888 14.836467 -209.676236 -26.196335 -106.814282 -78.385617 -44.192308 -54.063571 -140.420059 -18.274171 -25.990808 113.734035 42.296867 5.407380 52.669657 -103.017353 133.173653 60.177235 69.439227 41.231941 94.125957 99.382803 109.135699
35.054317 -37.152590 -15.451613 -30.961968 -7.094541 -50.374062 63.596491 -1.258317 -0.131685 54.934594 -4.282115 -102.544986 -21.526286 -70.360081 -40.985443 -17.306556 -22.410624 -15.272862 -41.122222 -52.019023 35.315237 56.202373 30.428062 3.514296 -29.788052 76.847402 17.821282 100.058888 49.692921 50.698916 48.459970 123.654241
18.083467 1.803709 30.099529 8.003237 12.416898 -29.937822 36.955828 29.964860 10.498017 17.059248 0.542358 -9.592723 -67.781807 1.207460 34.799145 -32.011665 -14.140923 -4.699121 8.273867 -49.650433 56.625248 53.474425 -31.917329 -29.148221 -24.115287 -10.254440 -11.928445 14.035307 -80.252460 55.069751 50.525583 69.103632
78.558280 16.436716 26.028078 42.523275 92.672973 -23.198548 35.998719 34.240881 7.451681 -36.866264 -6.266663 4.652056 -75.709289 -53.077071 17.497851 -80.068941 -36.675159 11.969162 74.286977 -5.927821 80.583431 -27.092600 -47.013902 -23.681437 -79.872275 -48.350638 11.241562 -59.036777 -113.707618 93.038131 31.821430 70.505524
0.580247 0.686974 0.661563 0.458342 0.771775 0.465822 0.598428 0.155158 0.356293 0.046462 0.695299 0.869761 0.477879 0.677045 0.561991 0.897292 0.192762 0.032216 0.039643 0.253821 0.287191 0.788386 0.178635 0.251388 0.993539 0.324029 0.282679 0.837446 0.842328 0.255716 0.515270 0.939601
0.999749 0.936895 0.449163 0.837906 0.747106 0.634830 0.534681 0.279875 0.570725 0.560754 0.723023 0.020853 0.737939 0.039155 0.137243 0.946695 0.900831 0.106297 0.141744 0.092734 0.898273 0.500939 0.986241 0.662270 0.166479 0.247349 0.075453 0.478861 0.898293 0.895311 0.411428 0.843792
-26.673667 -22.385142 -17.642047 11.380757 -26.364240 25.552483 -8.256599 -1.243002 30.362109 -40.484186 -2.758554 1.568957 78.221533 61.442092 18.432846 54.189309 -5.745064 -7.218879 -17.281501 -15.874785 -44.007939 -15.672867 17.647654 -48.912826 94.830416 -0.249964 -3.039426 -7.462781 -21.798655 -35.018234 3.048419 -0.048241
1.386453 -59.831795 -18.582374 -26.153718 -16.043071 -12.415738 54.490806 -32.979264 8.973224 -13.064311 -28.781201 -60.046319 43.612396 -9.631669 -36.361161 8.312738 -2.912040 -21.390208 -43.963761 -51.484255 26.167348 33.510089 2.370676 0.649476 36.119098 52.182471 38.927242 44.976719 -7.532632 31.694087 53.586470 78.599070
5.520396 11.933672 5.399374 26.642118 9.240176 -19.625349 24.355829 -28.591245 14.862989 -14.886083 27.226122 -26.611143 106.883842 17.350606 37.227223 67.109102 -9.861997 -33.469364 -19.035429 -21.093731 -97.708360 34.243209 7.285066 -152.270597 55.685797 13.058221 -0.339940 -58.305199 75.618511 -57.690798 -54.910630 26.869623
-79.018560 18.177793 17.141555 36.438333 -28.718615 -135.535993 14.665447 -92.431319 37.690564 -2.951705 43.564026 -49.744568 150.571688 5.360603 57.939785 34.972432 -40.152372 -91.775939 6.885031 -67.811391 -36.771466 46.114088 35.644420 -129.103324 -35.840228 57.182346 24.905857 63.350506 91.953086 -54.999660 2.461707 44.966699
-163.460680 -36.954066 -92.998589 7.559959 -11.017772 54.371293 -18.449664 34.758999 85.209970 -54.209310 0.042922 5.806144 211.369331 42.580360 -9.184783 157.222571 -137.413800 -174.096749 -51.102394 -26.041268 -43.019197 -98.132192 113.518183 -42.281958 142.724528 89.609295 75.394416 38.437661 26.970960 -71.496387 -12.316018 50.822077
-67.796032 39.571019 -76.881249 -44.139038 108.807827 44.727453 205.857010 -56.923924 9.312916 -204.765373 -66.383124 -34.638030 58.965352 -128.562522 47.616794 85.272117 -72.098195 -143.171542 68.886158 20.155605 132.927514 -8.999796 65.707627 25.391665 -1.323363 46.457287 105.819756 -10.889524 54.835570 -19.144255 -141.844768 52.830734
25.266715 -91.241679 51.250210 -12.416958 -22.473157 -28.724080 129.399990 -42.609247 49.523778 -49.206285 -30.302757 -87.483348 -34.615766 -4.051907 -51.037233 -47.953561 73.842125 80.233534 14.008568 -89.516860 14.491800 53.464171 -16.689478 110.717582 -46.642435 -6.720414 106.774237 115.880736 -34.168726 85.222830 25.220014 -7.438367
136.218592 36.991544 -31.554433 -48.055309 -66.991461 87.546433 73.140330 12.321881 19.871964 22.569274 -10.706890 -34.264035 -6.315091 49.229072 30.432011 78.342062 125.392317 71.230452 -11.304817 -38.437898 82.935607 96.780909 12.881243 96.464098 49.199642 -10.661860 2.901592 64.709942 22.132653 1.399551 -31.820395 -112.829319
-59.366873 -77.994168 146.227024 20.616984 -2.753717 -105.127298 16.553323 -57.817416 79.365216 14.429864 -37.669779 26.276029 63.869025 50.347419 -5.344501 13.659143 5.410371 40.636641 -25.401869 -36.737900 -25.810830 -41.547476 64.090592 63.947024 -44.168471 -1.177888 48.989043 168.540018 14.459314 -1.400442 -9.042526 -146.605856
-85.185321 -27.099483 176.110869 0.469988 -21.558653 -86.558986 54.668099 -23.169716 3.781758 69.775278 10.255848 -111.760381 -38.703848 1.253897 81.132271 -50.690807 -30.647546 -31.874413 24.751848 -7.118212 71.855790 85.643162 -3.780239 26.415345 -128.424745 75.274859 -13.135407 159.066483 61.047178 26.585472 65.613180 -34.986208
58.845469 -70.493576 -18.708747 30.075096 -14.920050 48.701611 -116.416600 112.932071 34.713346 -8.890752 19.683229 -127.246245 16.422760 15.676238 -70.112056 4.828829 -69.337447 -66.163689 -63.767271 -39.013914 9.433925 -114.079614 25.279543 53.154115 39.007420 17.235013 35.729910 16.552095 -132.493748 67.267995 116.808426 123.618016
43.545058 -62.872844 -4.743368 17.864138 -24.905543 -43.295927 -61.662499 22.138744 5.165000 76.029068 31.752758 -74.228586 37.414937 -8.545543 -89.609415 -33.952282 -30.287088 -5.857937 -79.115544 -66.509905 -20.465597 -1.026103 7.910422 52.222708 17.002976 65.476353 35.153880 50.644635 -22.498893 64.209771 116.598427 161.852866
19.241208 -4.881018 -84.816440 -6.567004 -43.341395 -15.815473 -13.936733 3.457952 21.200766 -20.912757 -4.384944 -33.207579 42.021423 -22.292589 -20.489897 22.453811 -3.528561 -29.172135 -68.874118 -66.492177 57.258249 34.075972 33.907629 25.664438 48.859486 62.147345 12.475639 43.366786 -64.003058 24.002439 70.439839 136.070494
79.472395 9.808191 -89.096404 28.258775 36.644244 -9.425392 -15.526411 8.877131 18.574722 -75.356221 -12.227771 -20.194332 34.476843 -76.523724 -36.537235 -25.222697 -26.262461 -12.081487 -2.451702 -23.060311 81.407984 -46.773977 19.607128 31.670664 -7.199848 25.326143 36.473365 -29.618227 -98.000815 61.895479 51.625122 137.846631
0.532723 0.803771 0.144356 0.701852 0.989401 0.264968 0.547235 0.979182 0.334605 0.866816 0.817785 0.792042 0.458728 0.706460 0.077746 0.356093 0.653580 0.151249 0.083417 0.576947 0.988504 0.497962 0.460874 0.616874 0.738996 0.024843 0.275615 0.334831 0.704531 0.166185 0.786699 0.492137
0.470691 0.779604 0.575556 0.783867 0.455448 0.431815 0.097108 0.402194 0.736318 0.769222 0.803725 0.768305 0.508325 0.327627 0.323715 0.160135 0.404284 0.838376 0.618468 0.336956 0.946602 0.146652 0.608168 0.446727 0.863748 0.084282 0.631181 0.081405 0.776087 0.367576 0.764490 0.090207
0.317070 0.050936 0.298956 0.649196 0.197000 0.323435 0.791242 0.757827 0.343704 0.531259 0.656305 0.486890 0.515418 0.468806 0.351721 0.956439 0.611553 0.484249 0.094641 0.495744 0.310646 0.364899 0.588192 0.807389 0.250269 0.107425 0.307571 0.052386 0.632869 0.951412 0.690640 0.472425
33.243342 11.087383 -114.873603 -6.025583 -31.439832 -1.968157 20.398587 -46.919089 -11.851655 -35.083052 3.357769 -22.032222 105.023674 -41.969210 -10.622622 32.722694 -3.359329 -17.147941 -21.493906 -40.283632 41.435585 9.612452 -0.903844 -16.388736 95.695980 80.637764 25.584487 -28.354942 16.304306 -15.239782 28.191588 100.077943
44.371507 115.835190 -142.736508 59.057468 -55.285237 -49.470344 -34.584471 -73.645936 3.099774 -96.976475 53.809090 30.087526 93.291751 -59.122903 62.376864 29.704841 8.920740 -57.884215 -43.482280 -99.358721 25.729474 50.931103 13.977840 -86.141841 95.080235 22.443572 -33.667030 -36.082190 -24.122236 -52.226893 -2.999873 80.843368
-74.245438 -20.697024 99.157856 18.488820 -51.330853 82.471162 71.959457 90.630965 28.050074 -85.915827 -10.639347 -29.346681 -27.506383 38.126567 20.172775 5.416770 -50.535537 -114.456222 -7.728609 -153.263810 84.144837 52.313093 -21.479808 -8.879049 55.012918 -35.190123 56.236188 -13.495893 -147.754502 19.144396 38.184328 46.005537
-174.798943 18.393564 18.924253 19.149789 -78.798453 21.255485 -41.976260 53.996415 32.265272 11.306834 49.016886 20.795997 25.139133 35.916662 50.792268 72.022477 -119.385418 -220.053555 -81.571263 -45.598094 17.241301 32.226007 96.857762 -3.573730 58.827404 42.549579 2.937395 105.958889 6.400347 -53.190809 11.798286 21.147390
-74.312422 -94.500371 58.377397 -10.263341 -6.544224 129.238800 168.570348 36.566896 28.698092 -129.875720 -29.629900 -40.146103 50.980994 27.748699 31.495159 9.580331 -100.823842 -208.567622 58.527889 -85.092593 141.602749 -5.724816 -25.704191 38.376187 87.347319 24.846714 125.037912 24.285077 -66.797935 54.204235 67.509426 1.552008
-128.296351 -5.924257 36.187160 47.574469 36.229044 -84.784875 75.862001 -101.905398 103.826388 -87.490222 -8.512575 86.242710 42.206683 35.543738 86.899820 -10.918480 1.669317 -38.403882 72.807498 -20.630469 0.928981 -13.960446 90.700450 -10.577512 -86.736816 -36.918376 23.966149 192.259365 -2.433838 7.806710 -25.917371 -165.462987
68.142762 -65.789841 -20.427488 -22.762844 -1.560421 103.204543 47.122572 10.739635 64.901364 -58.283528 -39.379699 39.645318 43.632556 96.058868 -24.440251 84.677886 85.385062 51.264659 -39.368601 25.489820 -35.906326 -46.026761 72.842822 68.870006 40.503769 -32.295145 37.530967 45.055106 23.269701 -7.875738 -73.978525 -165.672914
-49.755460 33.967815 7.661269 110.701148 27.105199 33.801760 -193.181856 54.860854 129.848613 -105.380490 9.648008 128.373169 44.337688 112.161827 57.083277 47.696256 40.010418 98.214197 10.706537 46.695033 -45.932583 -87.213999 88.821735 -8.855751 59.041006 -98.337100 -59.680591 12.900621 -157.569822 4.570389 -7.963287 -76.875419
-21.564085 0.600718 -0.186769 54.047044 35.782129 -45.282144 36.673742 -39.378742 33.915438 -74.864017 5.465570 42.867976 38.825201 -27.561718 21.134710 -35.541910 -25.001228 -1.820201 24.915315 -0.631214 14.840011 -82.922531 17.767322 10.617114 -12.818307 -11.158852 30.350143 47.199744 -33.817215 27.225789 -1.702062 12.982262
3.780580 -15.190678 -21.149657 -6.715305 -64.527378 36.278050 -22.098504 14.119362 -36.940953 -3.048176 31.979402 -56.519256 -47.260844 -15.795233 28.933415 -25.006165 -37.913963 -87.465955 -24.961146 -52.310729 72.067480 13.239383 -41.216994 35.111743 3.843197 25.598555 -23.450733 22.128142 -8.317268 12.570869 67.198223 65.354324
-15.415247 -17.818709 -44.243892 -5.708226 -42.456835 6.764306 -2.416221 -28.184755 16.469848 0.323286 10.756082 -16.342835 110.387573 38.999245 5.746669 59.915329 -9.319899 -24.758017 -34.619823 -16.263943 -35.131434 9.163163 43.633859 -12.299888 79.643125 66.658399 28.868124 33.619858 40.175863 -35.297346 19.203239 97.547537
52.503833 -12.909495 -107.272975 38.455241 9.854662 16.331566 -23.924124 6.510685 47.831605 -115.983112 -15.146798 -19.125762 112.625042 -16.390526 -18.540575 28.784569 -32.711847 -20.124831 -20.365087 -38.744051 36.695793 -63.089016 35.845716 -17.253455 87.291402 24.189035 33.934498 -37.634719 -120.119425 26.124027 54.230667 136.439945
79.543579 10.428346 -88.667962 27.882782 36.609307 -8.507957 -15.081347 8.683274 18.415011 -75.358103 -12.535701 -19.499507 34.453605 -76.514123 -36.708009 -25.306756 -26.956791 -12.586744 -1.960590 -22.913995 81.374612 -47.305141 19.045978 31.115661 -6.948115 25.196294 37.043150 -29.641259 -97.880874 62.217978 51.919160 137.805445
0.614101 0.586159 0.655160 0.040489 0.956562 0.751115 0.080698 0.025043 0.471089 0.384227 0.357186 0.109604 0.751204 0.252021 0.200771 0.867951 0.781248 0.748393 0.372523 0.646415 0.346935 0.607460 0.771088 0.657377 0.311178 0.252389 0.534727 0.925129 0.944031 0.499981 0.337970 0.657368
0.654365 0.911413 0.417566 0.730773 0.432656 0.174067 0.720764 0.816784 0.040887 0.859539 0.761127 0.196987 0.032811 0.690882 0.678683 0.811193 0.507529 0.891499 0.426402 0.193417 0.554843 0.395912 0.043831 0.184224 0.095665 0.603375 0.429464 0.417036 0.071898 0.838529 0.239539 0.433764
0.866220 0.747867 0.727365 0.690476 0.468784 0.967285 0.795812 0.049291 0.206407 0.313956 0.757559 0.863938 0.701493 0.816883 0.371747 0.925044 0.507045 0.333543 0.468742 0.856204 0.560187 0.102126 0.227837 0.484412 0.372229 0.714481 0.743514 0.193589 0.549184 0.090307 0.598686 0.524346
48.913958 9.647915 -94.094293 8.771985 7.466213 -5.905461 -11.517191 -10.712634 0.658273 -38.660700 -3.669227 -12.804311 56.335919 -66.933386 -40.396987 -3.377123 -20.794051 -4.500651 -2.048815 -14.760146 43.473300 -39.862329 20.630259 33.888470 17.290576 50.545357 35.329752 -21.506434 -20.277001 22.086932 25.045335 100.398002
-6.615732 70.791228 -75.621881 -15.083147 -74.555238 -92.309474 21.939577 -78.289321 -57.039456 38.203536 41.407888 -39.895510 -23.217571 -112.181119 10.115129 -38.055872 10.421410 -48.708099 -23.308072 -53.009984 63.463112 107.963690 8.924189 34.523873 -54.105359 79.329707 -8.491194 45.804231 110.431880 3.924372 3.342251 77.904613
-113.472050 13.300628 32.381576 11.772093 -134.480217 102.233909 -37.194807 49.349032 -49.269896 41.185520 57.852146 -37.679963 -34.833567 -7.869596 -10.178887 -27.357623 -38.897106 -68.846802 -48.169914 -140.005932 64.919248 57.883113 -72.721708 25.868774 87.618068 27.442182 11.279722 -61.453496 -36.802457 -2.008736 59.519946 54.185252
-89.259308 -27.839299 157.440561 -53.777245 -104.708782 183.569302 71.864693 110.026722 -135.147411 62.404554 51.961271 -71.037343 -71.844015 117.575899 94.858878 38.321508 -86.387475 -176.585139 -10.029964 -32.995926 75.226301 115.486873 -128.542380 -74.762091 98.286894 32.859332 9.573963 -102.383270 86.465331 -71.711308 -19.303243 -47.838197
-57.793451 -30.293336 15.920907 -69.599464 -81.753696 271.396329 72.881151 162.447534 -63.152227 -43.740724 16.176649 -49.729204 -56.748168 128.902314 98.015568 90.798078 -80.354953 -183.681825 2.277340 -22.828273 115.647116 94.608830 -64.122929 -20.783605 102.621374 12.732473 -21.141628 -83.432603 5.277681 -65.324520 -39.696057 -117.342403
-178.903112 -83.159107 188.665875 49.637034 -23.485109 -19.270856 8.392334 3.028872 56.091308 95.669593 54.857662 46.089711 29.869167 184.442357 111.785373 -30.971320 -24.120137 -61.866486 42.896959 -1.296487 -66.619448 40.042011 0.056390 -46.455503 -94.400933 -3.668812 14.259199 168.430275 47.517970 9.144698 61.939955 -188.799219
-132.807945 -65.430855 18.094590 42.054078 66.115018 9.609457 -74.602386 -10.582583 163.677676 -68.266898 -53.770247 150.976123 78.633170 111.566455 -4.272728 53.773232 52.368677 133.577846 -11.093549 27.441752 -100.310432 -139.110460 115.974159 53.390802 5.832369 -74.842767 11.662451 103.021548 -97.239679 26.140142 -9.039082 -186.374923
-6.440844 -54.399846 26.632380 42.095958 68.468517 -43.909132 -56.366111 -9.463778 73.186860 -79.607277 -17.981225 70.777179 69.908445 61.386325 -35.208595 -3.981365 7.072034 79.883594 9.164182 40.223300 -75.213727 -127.784676 35.483239 8.008115 31.278009 -72.235371 30.019771 0.256107 -60.281166 24.713848 -1.555448 -53.880095
10.969009 26.985940 3.018297 54.719718 14.307492 58.167240 4.044981 23.944383 80.611746 -139.774919 -29.604001 67.022887 -20.110569 75.439179 74.789361 24.046449 5.746308 7.289844 44.007162 -29.705009 -1.478252 -66.295204 2.677288 9.731833 42.124680 -106.706912 -23.755876 25.086745 -158.829341 -4.558752 -24.234378 -64.388386
77.734345 -46.505259 29.013771 28.769453 22.995915 108.525354 42.120199 95.559836 41.990191 -125.744444 -28.955425 1.400161 -3.598627 110.851042 46.259762 42.421717 -30.332434 -29.718111 56.997324 -27.183860 -11.206146 -90.281138 -21.732670 -13.479378 64.287773 -85.657090 23.818990 -69.739221 -135.933260 5.454657 -26.204933 -12.352828
50.065702 77.845480 -2.234674 66.890081 68.358242 21.493925 -12.867217 17.771932 32.833514 -92.871289 5.921793 45.618563 -47.530204 0.474301 92.278113 -23.242515 -2.613359 7.456104 111.345550 1.422675 63.449087 -31.814925 -26.484569 -21.135716 -12.263996 -100.532705 -30.495958 -50.644594 -128.299758 17.125955 -14.669186 -1.068370
0.149728 0.246813 0.938089 0.181387 0.415501 0.341113 0.349351 0.733080 0.606278 0.945361 0.580004 0.877585 0.700401 0.616757 0.581588 0.074253 0.802720 0.814171 0.177926 0.248921 0.804422 0.419636 0.659533 0.457147 0.094555 0.538918 0.167685 0.115230 0.701983 0.615997 0.864345 0.084105
0.327019 0.637309 0.611259 0.360327 0.980917 0.665186 0.415724 0.311058 0.406687 0.417030 0.700200 0.735585 0.027664 0.974707 0.472456 0.556032 0.331191 0.321393 0.794001 0.719601 0.210073 0.926427 0.461705 0.308346 0.367347 0.506454 0.192851 0.387993 0.433712 0.479751 0.322750 0.451949
0.935723 0.525866 0.246191 0.944091 0.431607 0.308458 0.647344 0.607744 0.243247 0.519312 0.519730 0.411558 0.111194 0.665319 0.816148 0.720451 0.159223 0.135532 0.668413 0.771749 0.006283 0.471512 0.157300 0.095393 0.415835 0.661449 0.799695 0.299827 0.840189 0.449103 0.885992 0.469434
0.884348 0.834919 0.041138 0.402077 0.887434 0.435811 0.173158 0.584105 0.184590 0.481425 0.641201 0.313233 0.242124 0.692892 0.200340 0.485608 0.526206 0.249744 0.203652 0.061556 0.350435 0.934827 0.043734 0.667581 0.761199 0.434387 0.635750 0.293821 0.903565 0.427860 0.932418 0.117412
0.910963 0.756168 0.557609 0.917922 0.237470 0.468132 0.884024 0.678230 0.318659 0.370704 0.918120 0.022772 0.652164 0.218917 0.994846 0.435572 0.778198 0.460579 0.712027 0.367716 0.964334 0.766664 0.055790 0.530000 0.713352 0.696163 0.199484 0.538415 0.527504 0.590674 0.642446 0.683469
0.949594 0.950904 0.371657 0.775456 0.551123 0.555859 0.571384 0.628630 0.990640 0.735050 0.057913 0.207964 0.075312 0.727126 0.064509 0.147388 0.743959 0.908169 0.571750 0.307426 0.645511 0.519901 0.156653 0.862933 0.717241 0.833875 0.179730 0.441884 0.509365 0.423707 0.839681 0.530172
0.684132 0.955301 0.919882 0.842085 0.738694 0.961282 0.223978 0.395637 0.270273 0.752728 0.513034 0.295770 0.623292 0.018710 0.769973 0.783668 0.070177 0.605213 0.919123 0.316569 0.615268 0.985945 0.777422 0.303253 0.927017 0.761037 0.481204 0.595902 0.506494 0.049705 0.325430 0.616603
-99.274825 -13.551545 97.216029 17.445325 -94.701491 -14.339114 -54.332033 56.848582 14.504257 110.763215 54.600387 -33.129845 -31.745676 91.987603 48.450697 -19.457023 -8.905403 -64.744450 -32.972668 -48.139046 -8.350623 120.492950 -9.918476 -2.411618 -26.080132 17.041230 -52.963094 109.834434 -10.055473 3.152790 117.287722 -3.520559
-48.471293 -82.755783 98.481980 -18.216911 -17.265550 80.776756 97.035932 -4.313028 11.282844 30.219546 -18.171363 -76.985801 33.260928 71.028729 13.953651 -9.132893 -42.124523 -74.321781 9.080727 -47.481915 1.366838 62.339983 -11.372996 24.615464 -41.938001 50.140921 80.671636 108.201287 17.653309 17.147668 61.313678 11.112887
-32.511213 -16.130412 -50.182999 24.274325 32.661752 -4.105999 63.720575 -78.920810 43.679022 -88.345755 -6.211560 -10.325229 145.113172 30.002570 52.017451 5.299581 -63.991719 -65.584183 74.964260 -72.247654 17.789076 10.274472 11.088498 -22.246855 7.981403 43.654999 56.526769 67.444089 -11.488040 -2.927754 48.421874 -6.621942
111.179812 64.188573 -113.098777 -46.854081 33.019384 -29.405835 2.743397 -28.528685 -67.073929 44.674633 43.013785 -4.539817 28.800876 -40.388590 -5.529467 56.271640 3.224499 -41.562323 -20.654020 128.207327 -50.509617 -42.392475 37.268808 -2.273610 -30.740277 49.540724 4.412061 -28.280331 183.088186 -80.724809 -124.710760 -67.563776
-90.182237 104.679238 10.552311 62.621761 24.655984 -59.509750 -61.713265 -161.862534 38.084852 -32.059664 29.809219 108.976439 72.938650 45.783015 139.299576 -7.281250 6.259504 15.965180 64.983290 -40.689734 -18.216740 -40.252203 -24.506333 -113.288959 5.944121 -44.718812 -33.217744 55.804706 10.698693 -67.722144 18.002696 -75.365325
-10.103020 3.933449 28.796554 22.270871 2.558698 47.347877 -62.863292 -4.297305 46.155688 -51.646409 -22.428912 47.186608 5.937565 64.373960 21.505213 -3.884871 32.622270 98.896034 13.318486 -70.789805 1.749638 -60.685190 -55.435410 -11.907115 103.129034 -66.996326 -19.021967 -24.886755 -115.568519 5.549499 34.953754 -43.251586
36.341814 12.058575 47.027458 22.177161 25.712202 95.151504 63.613270 10.980864 30.904304 -83.413764 -43.773997 46.564103 -17.850406 52.091340 60.249237 10.090668 24.231994 81.083036 52.124236 -76.991534 39.816392 -78.949204 -82.223569 -13.158660 87.187477 -70.879945 22.974488 -37.158946 -113.290769 9.206840 -25.931202 -51.559059
103.203454 0.291518 -0.316667 -2.360991 29.811815 70.396512 55.058037 52.840697 -5.938812 -53.498808 -28.980736 -30.126057 -55.381693 -5.357179 9.438946 -6.876789 -11.373310 -5.031226 47.621508 -22.621395 78.892215 -37.348163 -58.060423 44.895890 3.153860 -33.426906 19.978956 -47.122045 -80.935082 40.195522 -3.357768 -0.586812
52.572773 48.013466 5.700890 23.905179 33.987839 -0.770969 34.554688 -5.211255 -12.261822 -34.446083 4.269979 1.260743 -52.131126 -28.167803 54.224318 -30.743864 0.002917 3.504928 70.818788 -16.693481 74.563995 -2.569238 -53.514877 -2.404341 -8.640870 -44.235825 -10.434908 -36.400968 -53.396155 19.092725 -4.911411 0.382470
0.926685 0.474383 0.910883 0.880397 0.805126 0.797751 0.599498 0.873057 0.285160 0.403147 0.634497 0.530331 0.312456 0.641799 0.120391 0.954544 0.641190 0.001539 0.106481 0.928469 0.204727 0.634137 0.000532 0.763851 0.439966 0.034679 0.284155 0.683302 0.203747 0.211828 0.119012 0.143724
0.492286 0.390384 0.653501 0.569419 0.178738 0.478004 0.596465 0.484277 0.131221 0.789000 0.578518 0.043126 0.582948 0.720012 0.211212 0.868350 0.587742 0.900578 0.598405 0.011364 0.129088 0.415812 0.293065 0.253083 0.493793 0.772384 0.161189 0.480841 0.096312 0.769753 0.927055 0.375117
0.532524 0.244620 0.549324 0.009132 0.687902 0.499891 0.278789 0.132522 0.714891 0.161406 0.163983 0.714390 0.409890 0.692280 0.435114 0.563242 0.325216 0.094425 0.177728 0.217080 0.213735 0.755000 0.874893 0.163721 0.198904 0.244109 0.966370 0.310503 0.520073 0.385463 0.588134 0.842713
