22.878135 -80.284111 -7.705707 -76.362579 -80.807954 61.681328 74.781053 -108.637325 155.155533 102.082696
161.087552 43.841139 -84.628459 -19.002888 221.434137 -67.464125 -28.731872 89.775669 -64.096076 -128.023535
100.606033 -84.248396 -81.216911 -5.428188 72.139902 -102.128620 -30.648251 86.643800 150.001464 -62.367765
-193.933905 30.929048 -33.801928 -98.847007 224.901507 151.357302 90.952819 48.290284 -44.855435 -67.010091
118.400771 -3.237168 8.395990 -33.597585 183.407557 -42.669051 -48.435041 -4.251378 -132.127225 50.242360
193.327260 47.362865 -7.546054 -168.943036 -63.985926 157.268534 117.766954 63.093123 -89.171699 -94.157418
-143.287850 148.448026 -67.158043 -69.059056 -45.865087 -200.386936 148.796733 293.565230 -149.095267 188.331394
101.903961 14.672755 127.918854 51.023072 63.119932 -114.370294 -115.345722 -56.731098 -12.846242 45.749772
99.931281 73.707956 113.429706 -152.918672 -60.767129 -119.812144 115.808230 14.181558 72.125172 -28.358713
-122.175150 17.413223 217.046886 107.044063 -0.196392 -166.959913 116.981050 -51.334190 -30.213849 21.675590
-27.223013 32.548066 -18.554210 -18.201820 -86.378361 211.414835 1.207485 -219.007944 -78.296728 264.398537
20.789055 -68.759251 92.205888 -92.544989 13.439696 133.393013 -120.155121 53.204523 136.069660 -75.055648
-54.905770 -104.545323 -43.208012 40.642659 94.864322 109.290527 29.847199 3.817124 25.477338 -28.960212
-72.090185 41.667739 0.551855 121.412084 -60.307108 -130.558653 155.615574 113.516515 118.765397 -151.008021
11.458950 -38.671307 -67.396582 -114.262298 41.020680 10.514272 154.416206 -88.926515 88.023972 92.601706
115.546512 14.038161 -126.672834 124.761332 71.512706 -135.474987 -95.620393 -71.187299 97.018010 64.366348
-111.736099 -116.315114 103.429618 -114.411513 -15.882115 105.036166 -13.715299 68.601220 137.794187 20.543772
-49.025658 -62.994492 24.438193 119.382848 138.981668 -54.691653 16.188168 -147.889975 -85.825974 175.823724
146.115435 -33.576413 180.539630 39.058851 -100.496433 -30.750806 -44.508033 98.686038 5.381746 -118.166796
-3.214514 -159.891807 26.254503 50.973217 -89.466916 -111.447490 333.115719 21.612711 -49.009520 38.340925
-27.528881 396.824122 -78.654815 -87.148313 43.465727 58.384398 -34.649552 -39.756993 -90.581248 17.321700
58.149338 4.359824 1.712094 20.283057 -77.153581 -41.182923 13.110375 -90.450314 82.368171 117.415771
-39.691125 18.326829 -15.525526 97.550727 -26.073386 254.877827 -147.563311 170.689090 20.117407 -172.566712
-90.415608 25.337072 193.698083 -160.564420 34.815614 99.648728 -14.571452 -94.346487 45.761785 36.979969
-8.357235 208.042948 -6.499354 -160.676098 27.353733 -18.026337 -52.154213 54.422168 155.922093 -72.588581
-59.358545 176.262736 40.611470 9.680441 61.991509 54.223604 108.893555 111.351319 -162.873278 -110.326092
203.840659 198.298782 97.152539 -61.646477 -138.519381 -38.203869 -41.992137 -88.161159 -91.713722 122.834048
41.084045 -70.888505 182.986469 220.839278 -25.357415 113.723465 -123.109497 5.877207 -187.223978 -6.344532
85.280620 0.094643 -177.238309 220.849989 -89.189086 66.695359 -96.384922 -65.401398 67.940720 68.966051
-83.745400 -78.749102 -81.796140 46.406783 96.715489 -34.350705 -19.019779 54.055291 153.001129 -11.452738
-113.533346 180.666927 -123.168124 141.212212 68.975737 -17.514948 19.740667 62.269717 19.002652 -75.768942
275.252689 -21.674837 -57.272553 -9.153467 -104.134506 105.196009 59.261938 136.292504 -112.820527 -132.540469
