-0.041639 -0.018556 -0.060974 -0.089389 -0.035198 -0.063586 -0.036074 -0.020745 0.644466 -0.057705
-0.174507 0.105172 -0.156925 0.303175 0.250362 0.178278 0.201004 0.038237 0.325262 0.098720
0.372254 0.008976 -0.059805 0.270803 -0.029874 0.168885 0.332216 -0.004943 -0.148044 -0.149661
-0.023080 -0.007256 -0.034587 -0.042523 -0.022029 -0.024058 0.506869 -0.008543 -0.091193 -0.024755
-0.009625 -0.017647 -0.068715 -0.017724 0.004863 -0.022440 0.496854 -0.005225 -0.049140 -0.011181
-0.003510 0.000605 -0.000524 -0.012118 0.526677 -0.001848 -0.022491 -0.001282 -0.003080 -0.414354
-0.011366 -0.001884 -0.020558 -0.016491 0.801162 -0.017947 -0.016587 -0.015340 -0.064385 -0.411521
-0.165925 0.387460 0.155444 -0.149696 0.172967 0.218590 0.055012 -0.222759 0.339074 0.075756
0.051403 0.309085 0.086521 -0.213002 -0.322109 0.102989 -0.363353 -0.065986 0.434334 -0.190998
0.005081 -0.001478 0.001008 0.007327 0.401172 0.007914 0.022389 -0.015916 -0.034783 -0.341533
-0.186508 -0.083893 -0.144961 0.168985 0.102621 0.152246 0.211722 -0.180332 0.253523 0.021065
-0.054315 0.014442 0.185625 0.258556 -0.355045 0.228051 0.121859 0.189886 -0.074504 0.246060
-0.032121 -0.009280 -0.038674 -0.079091 -0.019345 0.597348 -0.030529 -0.013751 -0.155055 -0.042158
0.380381 0.095085 -0.075647 -0.081538 0.123724 0.189466 0.066263 0.083375 0.174714 0.254050
0.030907 0.044908 0.050130 0.068744 0.103292 0.121074 0.017590 0.087945 -0.625757 0.096902
0.109382 -0.178314 -0.035001 0.464965 -0.020309 -0.075946 -0.251476 0.154458 -0.046838 -0.299888
-0.017264 -0.007818 -0.022884 -0.036001 -0.011857 -0.022877 -0.014585 -0.008289 -0.078530 0.460326
-0.008328 0.418832 -0.013524 -0.015749 -0.007342 -0.013163 -0.002695 -0.008579 -0.269388 -0.018189
-0.250807 -0.157410 -0.049029 -0.153328 0.258914 0.068868 0.083734 -0.024036 -0.088634 -0.003525
-0.085718 -0.007891 -0.020284 0.166791 -0.182541 -0.426468 0.026019 0.035274 -0.426822 -0.055119
-0.038067 -0.013679 -0.065650 0.569472 -0.025027 -0.044656 -0.031868 -0.018697 -0.180476 -0.048543
0.040043 -0.153166 -0.107572 -0.078948 0.100526 -0.148968 -0.039871 0.359022 -0.044897 -0.020564
0.409513 -0.005516 -0.022163 -0.033643 -0.010726 -0.019289 -0.015032 -0.006259 -0.070693 -0.017240
0.073737 0.039397 0.476213 -0.171976 0.028911 0.019316 0.067140 -0.107749 0.105684 0.232008
-0.083394 0.356110 0.139147 0.273631 -0.015495 -0.407051 -0.012542 0.147224 -0.270677 -0.171054
-0.009421 0.005787 0.011288 0.011403 -0.016124 0.002570 0.003388 0.636997 0.031237 -0.531784
0.210347 0.003540 0.368528 0.224656 -0.164387 -0.245818 -0.020819 0.180596 0.035353 -0.354963
-0.027870 -0.010769 -0.018858 0.617047 -0.024904 -0.147846 -0.038920 -0.010810 -0.081966 -0.015187
-0.007893 -0.008246 -0.022317 -0.037550 -0.011837 -0.013080 -0.011075 0.704408 -0.050057 -0.440300
-0.252577 0.133537 -0.204467 0.192136 -0.141898 0.011265 -0.037304 -0.137681 -0.047726 -0.143602
-0.196399 0.099700 0.078806 0.107460 -0.118025 0.121242 0.348316 -0.144291 -0.045601 0.064026
-0.000895 0.133663 0.010846 -0.037382 -0.007952 -0.008511 -0.030415 0.000455 0.385859 0.023212
-0.015843 -0.011185 -0.028837 -0.042031 -0.017671 0.503438 -0.011682 -0.015733 -0.100104 -0.023504
-0.056462 0.225297 0.168316 0.170932 0.172882 0.142829 -0.257252 -0.193537 0.001571 0.246659
-0.082264 0.051855 0.016224 0.337227 -0.360411 -0.038549 0.051137 -0.107634 0.308788 0.239241
0.367468 0.138844 0.070576 0.244547 -0.074384 -0.030477 0.212399 -0.597027 0.038477 0.096236
0.018031 0.006690 0.024859 0.037992 0.011270 0.021312 0.014662 0.007383 0.078807 0.023994
-0.023241 -0.006788 0.365524 -0.040088 -0.014862 -0.021492 -0.022983 -0.009463 -0.081790 -0.023986
-0.120791 -0.011017 -0.007597 -0.005207 -0.005868 0.343471 0.097470 0.113325 0.080914 0.001412
-0.051766 0.117038 -0.086360 0.149967 0.140322 0.186784 0.250137 0.120546 0.147435 0.044549
-0.026696 -0.011082 0.487676 -0.054452 -0.018372 -0.029207 -0.025172 -0.009660 -0.237242 -0.031465
-0.165170 0.097541 -0.121132 -0.040094 -0.199759 -0.021706 0.255287 -0.120249 0.141851 0.026669
0.067594 0.168201 -0.197946 0.065185 0.264554 0.141779 -0.045911 -0.270206 -0.009073 -0.231047
-0.011875 -0.023068 -0.144921 -0.018685 -0.031352 -0.054407 -0.011707 0.427621 -0.066504 0.033061
0.055729 0.208970 0.289870 0.185739 0.325022 0.133524 0.055473 -0.177059 0.063909 -0.238819
-0.151042 0.080142 0.376605 0.225074 0.263450 -0.295940 0.026366 0.081669 -0.061243 0.150057
-0.005163 0.748381 -0.243944 -0.031489 -0.100007 -0.093541 0.008572 -0.097174 0.020923 -0.064865
-0.113198 0.567257 0.144980 0.058985 0.146055 -0.053620 -0.183738 -0.131314 0.056083 0.094786
0.106396 -0.047399 -0.178272 -0.117244 -0.231939 -0.151686 0.026678 0.074926 0.047270 -0.158326
