0.013492 0.043444 0.009503 -0.127059 -0.084864 -0.113337 -0.192215 -0.088458 0.007061 -0.164476 -0.054852 0.075082 -0.040264 -0.320808 0.072269 0.087588 0.031474 0.165271 -0.216247 0.000837 0.084696 -0.092735 0.082011 0.048504 -0.028301 -0.047689 0.036838 -0.060244 -0.016974 0.003832 -0.060200 -0.117122 -0.139827 -0.027480 -0.135466 0.061173 0.129734 0.044576 0.131120 0.121332 0.097745 -0.028531 -0.208927 -0.048727 -0.071339 -0.006196 0.102737 -0.067973 -0.057882
-0.059845 -0.167277 -0.088621 -0.082845 -0.087145 0.010774 -0.045006 0.023256 -0.112436 -0.190836 -0.078362 -0.089908 -0.127818 -0.005152 -0.022098 -0.156609 -0.187536 0.086175 -0.183844 0.070444 -0.165349 0.163048 -0.026132 -0.089070 0.004944 0.039486 0.224302 -0.031429 -0.134686 0.160681 0.015887 -0.133846 -0.123131 -0.204932 -0.076389 0.126013 0.031281 -0.089678 0.161434 -0.007792 -0.033262 -0.101478 -0.063347 0.000196 0.012847 -0.004464 -0.008195 -0.063606 0.011368
0.011720 -0.025697 -0.039046 0.008456 -0.015325 0.011668 -0.022196 -0.201094 0.221507 0.045215 0.138141 -0.050637 -0.007243 -0.226168 -0.117866 -0.085577 0.020859 0.009318 -0.120239 0.052768 -0.092332 0.084719 0.096967 -0.020395 -0.064134 0.042320 0.024875 0.083487 0.008931 -0.042679 0.027074 -0.010267 0.125478 -0.051905 0.031988 0.006640 -0.108981 -0.011180 0.022919 -0.089402 -0.207950 0.039776 -0.071529 -0.041786 -0.063127 -0.055052 0.127917 0.109086 -0.108073
-0.145868 -0.070575 0.033699 0.090477 0.085737 -0.153672 -0.061127 -0.041406 0.077557 0.000839 -0.129704 -0.116556 -0.089629 -0.121152 0.013272 0.000122 0.078291 -0.055981 -0.144967 0.006757 -0.226371 0.037258 0.043945 0.035171 0.115053 -0.138576 -0.042652 0.084771 0.009408 0.188542 0.264017 0.039039 -0.437274 -0.113504 -0.126487 0.159599 0.008970 -0.094884 0.031151 0.010236 -0.055793 -0.132032 -0.055808 0.085736 0.040207 -0.138826 -0.161893 -0.068736 -0.053851
0.120105 0.050943 0.169170 0.010559 -0.056049 0.054242 -0.264997 0.025054 -0.102053 -0.018172 0.150026 0.116970 -0.194383 0.022910 -0.096098 0.085353 -0.063945 0.030209 -0.046056 -0.006311 -0.161871 -0.032684 -0.013426 -0.084279 -0.263822 -0.076630 -0.028576 0.036789 0.045690 0.210682 -0.074699 0.060299 -0.005677 -0.014672 -0.050789 0.069135 -0.109288 -0.020812 -0.152771 -0.044473 -0.092596 0.034848 0.001311 0.145422 0.094510 0.001461 0.077814 -0.032311 -0.009951
0.023405 -0.142838 -0.062634 0.038370 -0.057649 0.085831 -0.093889 -0.010068 -0.268218 0.087848 0.286585 0.013688 -0.299002 0.204787 -0.005954 0.115064 0.025948 -0.037982 -0.046144 -0.085627 -0.134098 0.260279 0.038435 -0.196143 -0.108583 0.078068 -0.022491 -0.102790 -0.146179 0.139480 -0.132433 -0.069482 -0.335466 -0.270795 -0.106177 0.080475 0.088916 -0.058900 -0.012012 -0.039239 0.198490 -0.084781 0.064044 -0.029156 -0.148987 0.175790 -0.016200 -0.065185 -0.040764
-0.026340 0.286180 0.173159 -0.025248 0.094531 0.083356 -0.016748 0.162489 0.128073 0.018792 0.005074 -0.026261 0.135015 0.109019 0.074472 0.084875 -0.047545 -0.086986 -0.040616 0.005808 -0.167738 0.000358 0.155814 -0.068099 0.191565 -0.031500 0.111299 0.019067 0.086000 -0.310099 0.036377 -0.145674 -0.136854 0.044222 0.113678 0.018190 -0.063147 0.071101 0.052590 0.029272 -0.002764 0.131981 -0.101989 -0.011500 0.067740 0.110895 -0.118695 0.117824 0.142296
-0.146147 -0.103450 -0.052307 0.089271 -0.064288 -0.002588 0.037835 -0.095080 0.031871 -0.008578 -0.096878 -0.147870 -0.208183 0.072349 -0.145296 -0.022449 0.071863 -0.009338 -0.060846 -0.191914 0.019372 -0.037846 -0.178828 0.063097 -0.013480 -0.197971 -0.000510 -0.009540 0.071075 0.175281 0.047866 -0.088532 0.086034 -0.266301 -0.050460 -0.043949 -0.197900 -0.087701 -0.127546 -0.076394 0.069745 -0.096113 -0.016886 0.051816 0.058098 -0.189347 0.013842 -0.092622 -0.053007
0.058005 -0.058146 0.149106 -0.169326 0.114793 -0.144844 -0.001140 -0.133065 0.091174 0.026824 -0.038042 -0.082013 -0.050123 -0.215788 0.044669 -0.002339 -0.004000 -0.073792 -0.036307 0.117427 -0.003517 -0.197068 0.038525 -0.173505 -0.022389 0.097304 -0.090740 -0.112174 -0.135846 0.108762 -0.066565 -0.075958 0.116682 -0.106527 0.064075 -0.012094 0.100911 -0.075324 0.120688 -0.047635 0.016616 0.133720 -0.129539 -0.042261 -0.069178 -0.013791 0.017578 -0.038218 -0.006526
0.063494 0.042203 0.111244 -0.043891 -0.049831 0.169674 -0.024507 -0.029651 0.158148 -0.009493 -0.033952 0.018419 0.048117 0.090953 -0.024411 0.003374 0.212052 -0.133264 0.105045 -0.003031 -0.077944 0.169473 -0.089348 -0.019216 0.029023 0.071656 0.127734 0.077242 0.085362 -0.134721 0.012954 0.184353 -0.006384 -0.026870 0.113185 0.072272 -0.014518 0.007707 0.048313 -0.168434 -0.036436 0.134770 0.062000 -0.054623 -0.145668 0.106569 -0.133500 0.172297 0.014392
0.069762 -0.083855 0.099973 0.048957 -0.093793 -0.010636 -0.002181 -0.134546 -0.134225 0.042401 -0.096723 -0.049736 -0.024438 -0.094739 -0.248206 -0.009519 -0.142445 0.147533 0.014941 -0.061014 -0.153656 0.166963 0.058297 0.076185 -0.038376 -0.050337 -0.000674 -0.099175 -0.018141 -0.090759 0.069640 0.065654 0.339634 -0.237984 -0.124603 -0.264816 0.066943 -0.009568 -0.059052 -0.098857 -0.022208 0.136303 0.061214 -0.062187 0.057838 -0.074543 -0.151247 -0.081396 -0.076470
-0.205480 -0.129825 -0.033470 -0.027022 -0.031122 0.109679 -0.024636 0.079631 -0.119743 0.002583 -0.053951 -0.135981 0.047466 0.004545 -0.050185 0.037869 0.081557 -0.052473 0.116313 0.015311 -0.015071 -0.006338 0.016004 -0.075013 -0.215591 -0.062560 -0.192683 0.052939 -0.192267 -0.224895 -0.084519 0.142393 0.024885 0.074577 0.057204 0.343658 0.085722 -0.265302 -0.072774 -0.005376 -0.059737 0.001659 -0.155453 0.044811 0.081421 -0.059140 0.058643 0.090552 0.039646
0.327710 0.063550 -0.074573 -0.095288 -0.038142 -0.034665 0.188048 -0.084050 0.074938 0.133675 -0.180011 0.011619 0.045184 0.017966 0.101963 0.066683 -0.068538 0.038213 0.001688 -0.013431 -0.054110 -0.011406 0.011184 0.020284 -0.134735 -0.142681 -0.111625 -0.032716 0.037712 -0.075724 0.084326 -0.039621 0.020530 -0.077363 0.056999 -0.075609 -0.023233 0.162721 0.159066 0.284050 0.054729 0.017411 -0.082727 0.124839 -0.036488 0.066342 -0.032376 -0.026409 -0.034193
-0.057903 -0.001098 -0.091475 -0.181659 -0.108931 0.217985 -0.016296 -0.098000 -0.113342 -0.016418 0.117647 -0.069792 0.163355 -0.109813 0.109210 -0.022449 -0.096470 -0.017700 -0.166289 0.136538 -0.299811 -0.131447 -0.007371 -0.044030 -0.013808 -0.102628 0.128641 -0.009853 0.070490 -0.057349 0.094119 -0.038276 -0.107731 -0.229106 0.056787 -0.116436 0.134845 -0.159614 0.038948 -0.012020 0.016647 0.166662 0.097617 0.024409 0.039280 0.009372 0.167392 -0.297027 0.078201
0.174538 0.150082 0.021082 -0.095758 0.029604 -0.042416 0.024794 0.124629 -0.222256 0.087041 -0.224294 0.011990 0.030874 -0.049056 0.071916 0.019501 -0.001439 0.013342 0.123987 0.214434 0.118261 -0.076456 0.018225 0.253863 0.104631 -0.037852 -0.075417 -0.012666 -0.104854 -0.125613 0.129010 -0.007934 0.075141 0.027676 -0.155944 -0.006375 -0.073425 0.139058 -0.077255 -0.052146 -0.025844 0.164948 -0.003052 0.029620 -0.001848 -0.136891 0.012861 0.103410 -0.060735
-0.154723 -0.077766 0.013866 0.094528 -0.035601 0.093069 -0.170570 0.018383 0.114522 -0.048035 -0.133012 -0.126653 0.030952 0.011078 -0.108321 -0.066739 -0.049098 0.091757 0.089215 -0.011829 -0.169251 -0.275502 -0.003914 -0.103088 -0.071652 0.148056 0.008025 -0.086917 0.060042 0.180046 -0.090896 -0.059931 -0.384993 -0.009425 -0.014191 0.118278 -0.049633 0.052241 -0.146887 -0.059845 -0.012473 -0.082601 0.060195 0.097886 0.124238 -0.137142 -0.070316 -0.139087 0.027595
-0.069841 -0.008387 -0.134958 -0.129092 -0.034917 0.126074 0.079030 0.012453 -0.000922 -0.119947 -0.142826 0.024708 -0.196690 -0.031906 0.025829 0.074813 -0.039161 0.085405 0.048558 -0.025802 -0.054945 -0.010631 -0.129420 0.001023 -0.027691 -0.054618 -0.175259 -0.119831 -0.031718 -0.364020 -0.403795 -0.116976 0.180490 0.185028 0.062955 0.002913 -0.120542 0.012297 -0.190928 -0.042792 0.113216 -0.010072 -0.176378 -0.119749 0.035870 -0.012101 -0.098757 -0.003576 -0.053004
0.040604 -0.033511 0.106439 0.112963 -0.014004 0.135177 -0.035421 -0.086790 0.130544 0.123257 -0.069073 0.110129 -0.085713 0.045716 -0.255851 0.007268 -0.057693 0.050816 0.015352 -0.111464 0.007494 -0.078738 -0.048629 0.061585 -0.128497 0.099773 0.003101 0.190534 0.163835 -0.188363 0.032367 0.027798 0.041757 0.081436 0.022962 0.261412 -0.002336 -0.082163 0.107740 -0.108291 0.241269 0.032180 -0.153181 -0.023630 0.071356 -0.004759 -0.087847 -0.033136 0.123698
0.040229 -0.080271 0.019989 0.124092 0.076372 -0.153620 0.115155 0.001881 -0.087093 -0.140642 0.099628 0.200041 -0.079021 0.176194 0.105026 0.016972 0.178661 -0.124859 -0.075483 -0.073883 0.237393 0.028865 -0.122430 -0.050831 -0.114760 0.107069 0.008956 0.021032 -0.022153 -0.232930 -0.093674 0.042209 0.027534 0.027997 -0.113652 -0.039382 0.009042 -0.118024 0.054494 -0.016453 0.036089 -0.018204 -0.017069 -0.010160 0.046315 -0.162148 0.072510 -0.007379 -0.097028
-0.014695 0.100787 0.188781 0.031382 0.140056 0.196402 -0.163304 0.083270 0.086425 -0.001736 -0.034319 0.088608 0.015839 -0.163004 -0.175717 -0.103690 -0.083080 -0.152351 -0.023757 -0.119519 -0.098601 -0.131008 0.037028 0.140401 0.198557 0.136646 -0.113436 0.054030 -0.007049 0.161382 0.015455 0.101991 -0.322794 -0.071086 -0.045713 -0.056943 0.212157 0.042779 -0.004114 0.014493 0.019309 0.076789 0.108567 -0.015725 0.184091 0.152029 -0.045121 -0.035054 -0.038740
0.013422 0.008567 0.069567 0.077507 -0.067316 -0.116036 -0.031782 0.070579 0.115524 -0.042393 -0.019636 0.278678 -0.183255 -0.032726 0.064823 -0.047327 0.126536 0.010207 -0.191831 -0.076202 -0.143398 0.176501 0.035332 -0.130045 -0.088998 -0.080224 0.090126 0.006720 -0.062754 0.138796 -0.108617 -0.011863 0.001042 -0.015795 0.094576 0.098178 -0.039913 0.043662 0.091438 0.026738 0.207091 -0.122491 -0.066468 0.094911 -0.069921 -0.194908 -0.080349 -0.004324 -0.105102
0.064247 -0.002675 -0.053033 0.032072 0.100937 0.192065 -0.093347 -0.109934 0.077705 0.105410 -0.201628 -0.242225 -0.210291 -0.021304 0.014379 0.032596 -0.026325 0.059388 -0.102452 0.060964 -0.265677 -0.274908 -0.195756 -0.062411 -0.135163 -0.046563 0.023788 -0.224377 0.330634 -0.174573 0.010150 -0.011909 -0.185717 0.009093 -0.074609 -0.082593 -0.126148 -0.083296 0.034245 -0.010364 0.042703 -0.031219 -0.094658 -0.015429 0.012082 0.044240 -0.105062 -0.034737 -0.183083
0.036119 -0.109390 -0.162537 -0.114985 -0.191691 -0.049747 -0.112669 -0.167292 0.010457 0.087309 -0.061222 -0.017264 -0.150072 -0.034897 -0.054653 -0.113311 0.001075 -0.020545 0.256344 -0.091603 -0.054593 -0.214144 -0.041991 -0.033749 -0.002505 -0.265072 -0.087962 -0.071534 -0.156822 -0.098419 -0.017117 -0.028898 -0.205904 -0.075430 -0.006147 -0.177790 -0.038273 0.032740 -0.099414 -0.132065 -0.031524 0.023973 0.009644 -0.111722 -0.065173 -0.105344 0.004220 -0.118986 -0.112594
-0.137786 0.069848 0.012307 -0.104880 0.073015 -0.218685 -0.254481 0.158271 0.062015 0.002460 -0.063163 0.182007 0.252885 0.194015 0.037713 -0.004853 0.096871 0.049979 0.005594 0.034896 0.120810 -0.058361 -0.003103 0.133735 0.007977 0.134303 -0.080318 -0.010536 0.072636 0.087902 -0.007903 0.036054 -0.006340 -0.081127 -0.100200 -0.213932 -0.058174 -0.073822 -0.135922 -0.000124 0.152705 -0.144762 0.041659 -0.040807 0.008233 0.107618 -0.028639 0.071877 0.053029
-0.245673 -0.068211 0.131471 -0.001956 -0.036948 -0.078672 -0.042681 -0.042973 0.016193 -0.037102 -0.037503 -0.253242 -0.101288 0.059290 0.073626 -0.263512 -0.205120 -0.167724 -0.102122 0.081183 -0.066935 0.017109 -0.381443 -0.153400 -0.008211 0.009829 -0.170425 0.036031 0.003451 -0.243480 -0.007120 -0.109424 0.175543 0.156142 -0.016197 -0.175240 -0.096737 -0.268032 -0.068308 -0.244914 -0.200109 -0.062153 -0.091081 -0.274287 -0.068394 -0.125986 -0.095682 -0.087547 -0.069092
-0.069453 -0.018425 0.084667 -0.182731 0.021904 -0.285533 -0.239189 -0.132357 0.026541 -0.098781 0.087893 0.100345 -0.003130 0.066858 -0.048628 0.139101 -0.086907 0.038598 -0.059697 -0.307473 -0.137575 0.103699 -0.096516 0.098089 -0.038855 0.109006 0.015331 0.104040 -0.053197 -0.019039 -0.102137 0.109046 -0.224223 0.034276 -0.038327 0.000546 0.058795 -0.315269 0.002776 -0.090860 0.005884 0.026796 0.036218 0.088647 0.209618 0.033652 -0.024186 -0.053947 0.099435
-0.210453 0.092142 -0.047272 0.000577 0.046161 0.299275 -0.152819 -0.105174 -0.145706 0.197076 0.094847 -0.102986 -0.120832 -0.157607 -0.038093 -0.029818 0.012306 -0.184493 0.040494 0.068357 -0.285616 0.193206 0.002360 -0.105912 -0.111492 -0.018149 -0.023644 -0.011345 -0.113224 -0.158724 -0.047373 -0.187405 -0.182499 0.236341 0.074594 0.021168 -0.039856 0.091600 -0.062347 -0.173798 -0.064203 0.127996 0.086140 0.098336 -0.051316 0.173634 0.053539 0.029743 0.023543
-0.039641 0.237457 0.082538 0.063258 0.080070 -0.164099 -0.032722 0.255258 -0.029474 0.019582 0.093584 -0.055909 0.138545 0.364048 -0.173258 -0.023231 0.072702 -0.127657 -0.009546 -0.096120 -0.071016 0.191687 -0.071994 0.109944 0.095696 -0.089096 0.041166 -0.071605 -0.101811 -0.395268 -0.001435 -0.010107 -0.092734 0.245781 0.009582 0.105151 -0.065144 -0.175910 0.093421 -0.220194 0.239929 0.090851 -0.026730 -0.189706 -0.014669 0.110448 0.125295 0.138783 -0.017248
-0.070312 -0.041858 -0.187097 -0.061310 0.118216 0.146478 0.227916 0.123609 -0.224354 0.009781 -0.138816 0.141868 -0.054797 0.168503 0.081306 -0.076795 0.043136 0.089703 -0.148080 -0.102383 -0.059704 -0.022960 0.004119 -0.063259 0.061480 0.081002 -0.029861 0.142251 0.001965 -0.072665 -0.005702 0.026236 -0.099286 0.014475 -0.047196 -0.026016 -0.070870 -0.003361 0.080028 0.016558 -0.143115 0.088954 0.067555 -0.071619 0.066717 0.048599 -0.062413 -0.033108 -0.014633
-0.051972 -0.117576 0.090432 0.202249 -0.045870 0.146972 0.149298 -0.101102 0.022948 -0.068481 -0.039852 -0.011125 0.052917 -0.016903 0.075895 -0.102385 -0.062610 0.050033 0.027270 0.050622 -0.186378 0.071381 -0.056790 -0.009408 -0.074647 0.027942 0.071921 0.010932 -0.082213 0.127630 0.145576 -0.067237 0.001069 -0.081248 -0.183270 -0.058641 0.233692 -0.178883 0.017553 0.087317 -0.045504 -0.015684 -0.012916 0.083307 0.070122 -0.017170 0.005176 -0.012471 0.138756
-0.022784 0.034249 -0.241732 -0.158236 0.301901 -0.039680 -0.016493 -0.074499 0.147472 -0.172758 -0.138449 -0.005236 -0.051466 -0.105328 -0.036959 0.201014 -0.040441 0.208103 -0.063227 -0.096461 -0.143820 -0.103491 0.013123 0.019297 -0.105810 -0.146836 0.018846 0.189305 -0.178099 0.111623 0.040474 0.076423 -0.039613 -0.122258 -0.143456 0.172617 0.130294 -0.051669 0.014357 -0.031865 -0.005048 0.053837 0.052719 0.273676 -0.098487 -0.052396 0.077074 0.068041 -0.010223
-0.093688 -0.033143 0.096106 0.011914 0.045818 0.040322 -0.038206 0.037825 -0.129154 -0.020376 -0.161421 -0.000983 0.049835 -0.027460 0.022413 0.143358 -0.110417 -0.106625 0.100271 -0.016994 -0.054053 0.177631 -0.023275 0.048937 0.118050 0.010484 0.280832 -0.010352 0.076942 0.072859 0.067283 0.070723 0.250636 -0.073073 0.182559 -0.086975 -0.063267 -0.030746 0.079195 -0.077244 -0.060622 0.024600 0.002420 0.013760 0.048241 -0.010873 0.042508 -0.140653 0.165837
-0.008734 -0.036093 -0.098364 -0.063815 0.004185 -0.225511 0.026262 0.036032 -0.038322 -0.268436 0.032731 -0.133330 -0.026604 0.231926 -0.056679 -0.113225 0.121957 0.082465 -0.068204 0.085039 -0.090099 0.140003 0.008150 -0.091305 0.057613 0.094221 -0.061403 -0.074964 -0.051225 -0.224098 0.197669 -0.039821 -0.038306 -0.048052 -0.059041 -0.111918 0.025440 0.095776 0.035183 -0.014812 0.178626 0.076315 -0.018857 -0.078739 -0.063842 0.161861 0.083200 -0.110182 0.157797
0.009430 -0.000110 -0.119490 -0.069453 -0.107297 -0.131901 -0.039559 -0.010473 0.039231 -0.100321 -0.248262 0.063887 0.004493 -0.009059 0.070440 -0.120598 -0.100450 0.049305 0.027230 -0.078853 0.019377 0.039363 -0.113102 -0.189042 -0.103935 -0.097215 0.021350 -0.025507 -0.058259 0.081880 0.099472 -0.166139 -0.043468 -0.033874 -0.009250 0.117021 0.016296 -0.223324 -0.065250 -0.169258 -0.061609 0.219092 0.024561 -0.025793 -0.010670 0.027156 -0.021256 -0.043880 -0.039779
0.072454 0.002630 -0.000722 0.022819 -0.019343 -0.021451 -0.061260 -0.076786 0.151620 -0.003176 -0.077067 0.023210 0.113779 -0.168480 0.125301 0.043045 -0.041050 0.069704 -0.073079 -0.064027 -0.091013 -0.143484 -0.110650 0.030587 -0.173621 -0.012870 0.103242 -0.073287 0.039214 0.201994 -0.113899 -0.009793 -0.182377 0.207850 -0.038432 0.006857 0.143428 -0.093263 0.021878 -0.043898 0.113710 0.026809 0.051642 -0.145032 0.072239 0.015874 -0.095656 0.105776 0.089396
0.011216 -0.066660 0.020299 -0.136534 -0.207434 0.217181 0.119768 -0.069602 -0.068183 -0.074329 -0.068249 0.082959 -0.105237 -0.004857 -0.153133 -0.044712 0.052002 -0.093833 0.013311 0.396797 -0.054947 -0.058836 0.017766 -0.049369 0.210043 0.153723 0.002270 -0.043699 -0.004505 0.066762 -0.189283 0.120377 0.023619 0.150469 -0.095912 -0.045426 0.004153 -0.038652 0.064019 -0.087408 -0.138998 -0.124097 0.100428 0.085184 -0.131368 -0.016217 -0.030668 -0.212295 -0.031182
0.010504 0.046822 -0.076278 0.047684 -0.164488 -0.034019 0.000783 -0.240791 -0.173973 -0.030364 0.010725 -0.005824 -0.109319 0.051582 -0.110538 0.026762 -0.040015 -0.067486 -0.042197 0.134653 -0.048124 -0.092885 -0.035746 0.018795 -0.171747 -0.088219 -0.028784 0.104394 0.024521 0.176268 -0.075350 -0.049074 0.122399 -0.157773 -0.093959 -0.153891 -0.245800 0.118154 -0.062339 -0.037565 0.037321 -0.006401 -0.097071 -0.049215 -0.020839 -0.047707 -0.061072 0.046701 -0.050845
0.095753 -0.022519 -0.011433 0.296908 0.015279 -0.192238 -0.065783 0.088987 0.006157 0.036639 0.081151 -0.174545 -0.007792 -0.123086 0.048575 -0.035385 0.057175 -0.084532 0.012991 -0.170465 0.017628 -0.090450 -0.011015 0.142885 -0.116837 0.012736 -0.095671 -0.164087 0.137756 0.055868 -0.008108 -0.109524 -0.140629 0.134914 -0.018908 0.029626 0.044111 0.093013 -0.039573 -0.197521 0.164346 -0.003108 -0.071555 -0.149928 0.034816 -0.094008 0.234326 0.010257 0.060621
0.071584 -0.002314 0.126006 -0.004635 -0.123852 -0.105461 -0.034921 -0.056441 -0.166062 -0.067899 -0.230737 -0.172230 0.048406 -0.076254 0.087759 0.090380 0.052651 -0.036667 -0.068210 0.089657 -0.147170 -0.118831 0.086540 -0.022721 0.074286 -0.108864 0.053554 -0.059889 0.034251 -0.294708 0.179535 -0.078129 -0.084745 -0.146633 0.134370 -0.047712 0.054575 0.070765 0.087705 -0.176108 0.069660 -0.222172 -0.019475 -0.012876 0.007576 -0.069367 0.086260 -0.026618 -0.004291
0.093105 0.094087 -0.010468 0.110418 -0.035698 -0.245311 -0.066366 0.161643 -0.134149 0.031936 -0.093448 0.052237 -0.052826 0.015515 -0.140037 -0.037123 0.033980 -0.100522 0.010838 0.002182 -0.008838 0.101936 -0.138548 0.018684 -0.068587 -0.043434 -0.065154 -0.055283 -0.101658 -0.460217 0.016813 -0.077079 0.023753 -0.031979 0.201978 -0.114732 0.046512 -0.048641 -0.143179 -0.214842 0.001100 -0.071660 0.018895 0.125566 -0.082229 -0.216373 0.022946 0.015314 -0.023822
-0.037051 0.058527 -0.261630 0.033847 0.055757 -0.009444 0.048506 0.149282 0.211053 0.225764 -0.097001 0.187409 -0.056626 -0.252842 -0.013280 -0.038311 -0.216902 0.030559 -0.001190 -0.205806 0.205208 -0.106000 -0.066250 -0.005003 -0.167661 -0.115311 0.210672 0.024224 0.036506 0.094115 0.155258 0.078970 0.056175 -0.300858 -0.036707 0.024332 -0.060179 -0.215145 0.181641 -0.098291 -0.006290 0.070882 0.044206 -0.087628 0.119754 0.023740 0.074117 -0.067589 -0.082695
0.069937 0.099109 0.077853 0.075075 -0.037951 -0.154080 0.194171 -0.082311 -0.090955 0.081438 0.020843 -0.055391 0.073630 0.069817 0.159203 -0.080021 -0.040111 0.071549 -0.075697 -0.012046 -0.007816 0.147941 0.129932 -0.119990 0.064184 0.006374 -0.063349 0.042379 0.080315 -0.019118 0.073812 0.157430 -0.013548 -0.092811 0.020965 0.211873 0.141440 -0.148085 -0.197399 0.033051 -0.100311 0.030237 0.021497 -0.115552 -0.133713 -0.252344 0.059094 0.216004 0.037758
0.135541 -0.050483 -0.025141 -0.008846 0.110349 0.175265 0.193259 -0.105962 -0.065200 -0.019924 0.053127 0.055187 -0.114435 -0.216264 0.023852 0.228787 0.124960 -0.108141 -0.025101 0.117071 -0.203535 -0.037284 0.013293 -0.076565 -0.094209 -0.017978 0.169261 0.068033 0.003971 0.066214 -0.094883 0.103619 0.285909 -0.260150 0.181615 0.104570 -0.038482 0.013850 0.098870 -0.027368 0.084590 -0.001043 -0.043151 0.069151 0.000803 -0.114762 0.134066 0.001039 -0.091524
-0.243178 -0.090280 -0.013104 -0.213787 -0.075919 0.146994 -0.155937 -0.152289 -0.088897 -0.221190 -0.048451 0.031284 -0.031831 0.094529 -0.027712 -0.107709 0.011074 -0.018304 -0.030259 0.019139 -0.007100 -0.183912 -0.258638 -0.123386 -0.179229 -0.057482 -0.046800 -0.042471 -0.171929 -0.101625 -0.142948 -0.030339 0.031230 -0.009801 0.070591 -0.105014 -0.100330 0.161917 -0.172490 -0.190936 0.021478 -0.045564 -0.161047 -0.049143 -0.179260 -0.295876 0.010741 -0.167851 -0.133416
-0.175830 -0.002193 0.099826 -0.079957 0.085394 0.096139 -0.018231 -0.073552 0.054341 -0.075385 0.160538 -0.105761 -0.148216 -0.060873 -0.054609 -0.028601 0.135813 0.064363 0.073718 -0.025049 -0.271835 0.123858 0.056215 -0.080266 0.049378 -0.091051 0.223119 0.051926 -0.240242 0.011224 -0.054917 0.072815 -0.035000 -0.183404 0.090533 -0.024836 -0.002503 -0.011142 -0.048871 -0.000591 0.047632 0.018280 -0.077729 0.025447 -0.204609 -0.047340 0.130457 0.011397 0.044548
0.112708 -0.021991 -0.230064 -0.218903 0.022348 0.030166 0.028562 -0.082553 -0.047162 0.060910 -0.108089 0.126761 -0.100569 -0.099778 -0.081649 -0.138030 0.018957 0.000687 -0.120684 -0.067464 -0.004205 0.072930 -0.153855 -0.145618 -0.118534 0.072653 -0.144469 0.101822 0.052957 -0.115028 0.117066 -0.280223 -0.083835 0.031605 0.050996 0.160033 -0.062497 -0.088500 -0.156982 -0.117812 -0.219394 -0.054974 -0.012862 0.119966 -0.149254 0.024943 -0.081583 -0.067399 -0.007599
0.110667 0.016014 0.036513 0.069858 0.010504 0.123798 -0.016017 -0.113018 0.133646 0.115586 0.003554 -0.112666 0.092185 0.000132 -0.039397 0.091979 0.013887 0.186123 -0.029024 -0.014467 -0.104389 0.131327 -0.051655 -0.048230 0.025787 0.061974 0.164287 -0.101794 0.047058 0.078702 -0.230959 -0.137295 -0.000647 0.291360 0.074766 -0.063839 -0.079710 -0.074559 0.092121 -0.106111 0.078645 -0.072563 -0.036439 0.078189 -0.185853 0.096670 -0.003023 -0.038161 -0.154808
0.110679 -0.043285 0.040279 0.077465 -0.048741 0.015593 -0.002331 -0.155691 -0.084032 -0.212686 0.093162 -0.130931 -0.082766 -0.124728 -0.091460 -0.013779 -0.128749 0.050489 0.107036 -0.034843 0.047411 -0.083916 -0.181607 -0.102849 -0.022814 0.143073 -0.040710 -0.077557 -0.195360 0.085462 -0.036295 0.106923 -0.133576 0.114423 -0.062726 -0.212586 -0.177621 -0.074064 -0.061828 -0.168078 -0.192180 -0.025582 0.034131 0.009547 0.097139 0.189605 -0.110013 0.086945 -0.017189
-0.131119 -0.058071 -0.012972 0.066093 0.093153 -0.017649 -0.621633 -0.066285 0.010299 0.059501 0.013886 -0.205454 -0.037884 0.079180 -0.045176 -0.073812 0.051829 -0.083059 -0.007368 0.014199 0.035888 -0.324624 -0.230169 -0.048248 -0.012724 0.102863 0.124097 0.264009 -0.085137 0.084449 -0.167798 -0.142556 0.126278 0.106833 0.026075 0.041333 -0.144872 0.002929 0.053502 -0.027220 -0.096031 -0.015317 0.143588 0.005844 0.077940 -0.072241 0.156761 0.034546 -0.014799
0.028615 0.001473 -0.149332 -0.063239 -0.029632 -0.053374 0.146045 -0.044398 -0.025740 0.149545 -0.007197 -0.203675 0.007019 0.035739 0.002204 -0.129228 0.026633 -0.053236 -0.173422 -0.035720 -0.184334 -0.131609 -0.018096 -0.027040 -0.001695 0.044650 0.007645 -0.133947 -0.006224 -0.356074 0.262437 -0.051354 -0.019257 -0.037529 -0.096879 0.069568 0.070533 -0.039968 -0.095940 -0.337546 0.042596 -0.134670 -0.044042 -0.039074 -0.080742 0.041849 -0.074906 0.193849 0.020970
-0.094968 0.041933 0.013355 0.084690 -0.010126 0.022907 -0.421021 -0.202451 -0.103590 0.036590 -0.214978 -0.056904 -0.033765 0.033968 -0.012932 -0.156020 -0.056487 -0.057958 0.008848 0.069738 0.107493 0.043620 0.042485 -0.067082 0.089086 -0.045745 0.015761 -0.070606 -0.154626 0.066376 -0.092629 0.069634 0.133033 0.068031 -0.003441 0.068144 -0.027748 -0.087133 0.004110 -0.163188 -0.046812 0.039903 0.042405 0.026132 0.045903 0.070971 0.048354 -0.063126 0.022291
0.029799 -0.082796 -0.069299 -0.150569 0.065460 -0.067370 0.051222 0.051209 -0.078708 0.116127 0.079560 -0.110212 -0.000309 -0.337989 0.001769 -0.216219 -0.106993 -0.064345 -0.102082 0.147642 0.064191 0.007329 -0.186667 -0.055530 0.040326 0.061134 -0.045946 0.097438 0.052266 0.127372 -0.306392 0.016950 0.097921 0.150045 -0.059529 0.204368 0.029379 -0.176621 0.024369 -0.219024 -0.170393 0.022786 0.032190 -0.072016 0.236144 -0.145256 -0.068195 -0.017737 0.141132
-0.047207 -0.011577 -0.078370 -0.043378 0.000362 -0.001478 0.131555 -0.117368 0.169371 0.220060 0.075961 -0.059128 0.032296 0.018428 -0.090124 0.070558 -0.044974 0.061169 0.011135 0.173590 0.060135 0.055900 -0.038835 -0.006878 0.008344 -0.013546 -0.052986 -0.045400 -0.098041 0.209796 -0.257788 -0.135660 0.038580 0.036730 -0.138487 -0.043001 -0.035679 -0.034214 -0.018025 0.168249 -0.122474 0.130062 -0.004923 0.079131 -0.122662 -0.025517 -0.240101 -0.047273 0.108638
-0.030323 -0.201854 -0.051480 0.181087 0.158131 0.138606 0.064026 0.001618 0.099040 -0.100746 -0.001784 -0.265582 0.034452 0.112600 0.010783 -0.170304 -0.127053 0.106643 0.063325 -0.092894 -0.062714 -0.075758 0.034624 -0.129770 0.087932 -0.115047 0.032003 -0.096171 0.136568 -0.171992 0.006738 -0.040479 -0.069574 -0.096493 -0.056118 -0.027759 -0.077653 -0.148376 -0.030469 -0.063798 -0.020585 -0.061647 0.014889 0.052345 -0.011463 0.020982 0.043362 0.061250 0.004456
-0.080445 0.136478 -0.068668 0.117784 -0.137285 -0.000395 0.079169 -0.179126 0.062963 0.066417 -0.109771 -0.155618 0.169341 -0.310739 -0.057042 -0.043462 -0.083675 -0.242387 -0.033536 -0.398713 -0.002855 0.067225 -0.044012 -0.026881 -0.186295 0.085385 0.047371 -0.257941 0.124605 -0.145182 -0.131136 -0.169514 0.147072 -0.227542 -0.171531 -0.170018 -0.048484 -0.088719 -0.068616 -0.063707 0.047298 0.061227 -0.013100 -0.072927 0.072444 0.080215 -0.101018 0.015888 0.044568
-0.021512 -0.013343 0.063449 -0.122049 0.029846 -0.045263 -0.000981 -0.220172 0.064221 0.031665 -0.105314 -0.123458 -0.034466 -0.065216 -0.081403 0.054594 -0.187099 -0.121428 -0.175795 0.209633 0.104323 0.149332 -0.255912 -0.050858 -0.038406 0.012744 0.220368 0.001382 0.231425 0.116823 -0.061086 -0.014212 -0.077371 0.049719 -0.069995 -0.076461 -0.012214 -0.123463 -0.104405 -0.080332 -0.068383 -0.228038 -0.019891 -0.134988 0.006123 0.059019 -0.090418 0.079855 0.071884
0.018014 -0.092588 -0.108056 0.005871 0.094067 -0.023606 0.136552 -0.011093 -0.103732 -0.084950 0.116841 0.023721 -0.232849 0.016596 -0.047420 0.113869 -0.085897 -0.070031 -0.072901 0.220869 0.071648 0.119593 -0.141777 -0.075323 0.113860 -0.067240 -0.126271 0.016766 -0.123605 0.255909 0.002813 -0.029465 0.083237 0.065797 -0.093354 0.007783 -0.015522 -0.047452 -0.024404 0.044328 0.058704 0.100744 -0.082851 -0.035407 -0.035649 -0.155714 0.060680 -0.040845 0.038044
-0.085582 -0.020338 -0.165235 0.061559 0.149089 0.015780 -0.089129 0.039101 -0.002624 0.166328 0.114513 -0.128445 0.013595 0.119165 0.070920 -0.103257 0.070340 0.200965 -0.024320 0.047914 0.001764 0.002322 -0.034317 -0.000735 -0.156475 0.043800 -0.078967 -0.061717 0.019694 0.114699 -0.013653 0.032396 -0.061298 0.105492 0.003704 -0.003754 0.212308 -0.089361 0.083985 -0.226225 -0.339119 -0.118850 -0.025750 -0.067278 -0.084864 0.024757 -0.091450 -0.027473 0.137625
-0.174205 0.123700 0.103200 0.046849 -0.027113 0.037485 0.029626 0.052155 -0.029559 -0.003068 -0.037271 -0.025860 -0.067170 -0.372327 0.023650 -0.120940 0.075990 -0.101130 0.017081 -0.097417 -0.252292 -0.004270 -0.118064 -0.004380 -0.115465 -0.165382 0.058760 -0.076960 -0.033613 0.019344 -0.023671 -0.114120 0.068341 0.090187 0.098626 0.018612 -0.055168 -0.001181 -0.070111 0.049797 0.041974 -0.056110 0.060901 -0.090004 0.019619 -0.148652 -0.104803 -0.170717 -0.133385
-0.085681 -0.012512 -0.120716 0.074442 -0.095354 0.167428 0.035685 -0.005708 -0.095711 0.051776 -0.250166 0.047250 -0.093387 -0.132643 0.027589 -0.109492 -0.002511 -0.014118 0.071409 0.104209 0.092687 -0.064247 -0.062322 -0.093463 -0.196854 -0.017812 0.014195 -0.067570 -0.204593 0.060319 -0.117260 0.129561 0.033913 0.001519 0.050897 0.176545 0.043491 -0.026953 -0.167111 -0.056574 -0.217316 0.120835 -0.080039 -0.074563 0.059887 -0.107814 0.003532 0.012911 -0.166256
0.085135 -0.000058 0.092244 0.133161 -0.068808 0.155279 -0.056477 0.062023 -0.137993 -0.068016 0.072107 -0.123991 -0.117178 0.218193 -0.057808 -0.010175 0.071905 -0.040499 -0.004415 0.033987 0.081075 -0.031975 0.014963 0.130903 -0.023308 0.023987 0.001137 0.064261 -0.004373 -0.034983 -0.013152 -0.002230 0.015325 -0.277771 -0.030182 -0.076662 -0.099751 -0.042288 -0.001101 -0.076375 -0.000688 0.151165 -0.084514 0.103641 -0.255958 -0.122360 0.207118 -0.152619 0.087022
0.024200 0.032146 0.102074 0.135220 0.134560 0.183134 -0.084183 -0.298727 -0.108946 -0.044307 0.158418 0.014848 -0.080893 -0.074888 0.120805 -0.017789 -0.198000 -0.146567 0.254553 -0.077493 -0.045267 -0.088203 -0.170413 0.237123 -0.056557 -0.132643 -0.138032 -0.068860 -0.221643 0.188290 -0.087669 -0.051316 0.039761 -0.091183 -0.017408 0.137976 0.088161 -0.127657 -0.149440 0.157524 0.043109 0.120567 -0.006217 -0.026157 0.052355 -0.072575 0.007318 -0.172593 -0.081508
-0.044428 0.045081 -0.167117 0.108249 -0.021346 0.010519 -0.056308 -0.051940 -0.005829 0.053134 0.022900 -0.062879 0.043207 -0.172890 -0.004272 -0.082044 -0.009187 -0.000276 0.014085 0.070408 0.013008 -0.040312 -0.136900 0.069475 -0.009482 0.059303 0.077586 -0.066450 0.123838 -0.022483 -0.170957 -0.147420 -0.124944 -0.166699 -0.089748 0.032395 0.005404 -0.246673 -0.151216 0.010437 -0.089286 0.252867 -0.020355 -0.085774 0.115520 -0.022184 0.111966 0.057117 0.067659
-0.035655 -0.074737 -0.173572 -0.018787 0.008459 -0.138329 0.051649 -0.003427 -0.016317 0.100962 0.298161 -0.004179 -0.070453 -0.083035 -0.055699 0.017259 0.125394 0.047238 0.061555 -0.016415 0.069084 0.163095 -0.027271 -0.117386 0.034831 0.092325 -0.101322 0.059921 0.141511 0.237380 0.097836 0.036575 0.165915 -0.037568 -0.147367 0.153659 -0.021559 0.018854 -0.069168 0.083872 -0.054087 -0.133757 -0.120814 -0.000103 -0.011314 -0.127073 0.025198 0.228344 0.032215
-0.090121 0.031184 -0.086442 -0.000564 -0.208176 0.008310 0.055564 0.100891 0.065863 -0.093668 -0.034609 0.170448 0.086556 0.105192 -0.057122 0.100650 -0.268072 -0.106521 -0.027119 -0.041796 -0.204105 0.096201 -0.062191 0.070127 -0.186351 -0.026067 -0.010367 0.003519 -0.019058 -0.083042 -0.050156 0.010691 0.036572 0.064944 -0.009338 0.122421 0.120971 0.194573 -0.044086 -0.082141 -0.023746 -0.216164 0.092459 -0.051399 -0.041204 -0.042659 -0.041449 0.139358 -0.162229
0.126962 0.022698 0.039464 -0.054107 0.086083 0.119444 0.077788 -0.191166 -0.080044 0.111224 -0.023451 0.169290 0.094920 0.289627 -0.278651 -0.063886 0.014880 -0.160613 0.006100 0.077014 0.096708 0.024579 -0.047490 0.058497 0.043795 -0.042113 -0.057450 0.039649 0.066271 -0.045754 -0.151960 0.112144 0.173919 -0.278543 -0.096195 -0.001732 0.040557 -0.070939 -0.094740 0.024240 -0.004351 -0.113273 -0.069515 0.060708 -0.064775 0.055306 -0.294594 -0.002152 0.087084
0.038950 -0.100629 -0.255258 -0.158792 -0.251081 -0.026207 0.039161 -0.096069 -0.002494 0.030488 -0.094899 -0.112307 -0.035006 0.011850 -0.012611 0.134699 -0.090057 0.014908 -0.056297 -0.137411 0.066410 -0.116576 -0.149652 -0.112985 -0.101697 -0.201129 0.160615 0.000732 0.016347 -0.109080 -0.044675 0.043820 -0.012857 0.017783 0.153210 0.022409 -0.319983 -0.117005 0.059108 -0.323840 -0.032941 -0.180265 -0.131770 -0.109680 -0.106919 -0.070863 0.051589 -0.196255 0.004759
0.052626 -0.123243 -0.041902 -0.023583 -0.244892 0.036631 -0.211637 -0.048708 0.049921 0.022816 -0.093987 -0.046530 -0.052390 0.284654 -0.035598 -0.095680 0.124110 0.038427 -0.140637 -0.073043 -0.096027 0.251731 -0.031554 -0.190709 -0.030713 -0.011086 -0.159435 0.002114 -0.172998 -0.045216 0.027101 -0.085006 -0.034810 -0.111688 -0.079230 0.009456 -0.070082 0.070018 -0.102512 -0.036263 0.123401 -0.044394 -0.085236 0.082750 0.239198 0.091325 -0.133270 -0.041042 -0.171017
-0.137011 0.048927 -0.118714 0.031406 -0.010569 -0.016028 -0.088514 0.088299 0.314555 -0.187054 -0.060126 -0.057162 -0.027333 0.191776 0.053262 0.004118 -0.020673 -0.082534 0.109377 -0.009675 -0.243550 -0.053866 -0.055592 0.079063 -0.090449 -0.026045 -0.014552 -0.028194 0.075677 -0.412400 -0.118405 0.001447 -0.050122 -0.154298 0.014479 -0.122852 0.094313 -0.027210 -0.199164 -0.060841 0.095076 0.034992 0.147185 -0.048999 -0.017993 0.033175 0.004407 0.012273 0.043486
0.066167 0.000020 0.021518 -0.232218 0.017649 0.018453 -0.062662 0.147572 -0.093649 0.013386 -0.020131 -0.044308 -0.105431 0.129531 -0.058437 -0.044021 -0.060067 0.026723 -0.081663 0.028089 -0.149569 0.238802 -0.121311 -0.084211 0.129031 -0.063691 -0.079311 -0.086909 0.120854 -0.097178 0.169786 -0.013229 0.017858 -0.295160 -0.082877 0.088453 -0.075314 -0.027583 -0.051574 -0.016366 0.035993 -0.053852 0.114833 0.118473 -0.094747 0.002347 -0.029093 -0.023825 0.045410
-0.098366 0.100524 0.021101 -0.162548 0.117577 0.120167 0.015811 -0.049645 -0.087428 -0.006519 0.021078 0.016775 -0.010181 -0.179254 -0.034970 -0.105695 -0.025725 -0.194652 -0.010325 0.076307 -0.412914 0.075567 0.051027 -0.161756 -0.012561 0.078700 -0.017710 -0.068308 -0.032083 0.034075 -0.225218 -0.169038 -0.151923 0.173457 0.113119 -0.050052 0.051660 -0.060705 0.016766 -0.037153 -0.108154 0.013930 0.048082 0.051432 -0.038695 0.208452 -0.066129 0.206612 -0.078658
0.140993 -0.034190 -0.044178 -0.056616 0.042320 -0.074265 0.039285 0.146605 -0.157299 -0.127455 -0.028194 0.093459 -0.330188 -0.075656 -0.044810 -0.002787 0.028894 0.105939 0.105327 -0.292955 -0.149694 0.044177 -0.174976 0.152426 0.009526 -0.213250 0.015855 0.058077 0.170943 0.006668 -0.036875 0.031741 -0.119500 -0.084555 -0.096319 0.012884 -0.019226 0.168703 -0.000740 -0.208714 0.131051 -0.101265 0.032180 -0.183003 -0.054051 -0.052053 -0.097950 -0.048160 0.018228
0.130358 0.020442 -0.083510 -0.103852 0.074344 0.146405 -0.057422 0.055202 -0.063759 0.000527 -0.041655 0.085319 0.066424 -0.377327 -0.024783 -0.047254 0.087181 -0.070439 -0.003802 -0.317095 -0.334928 -0.101034 -0.021716 0.116806 0.151934 0.090108 -0.100786 -0.174078 -0.150240 -0.014983 -0.023374 -0.190829 -0.027592 -0.170021 -0.063478 0.038849 0.019232 0.065971 -0.033425 -0.074798 0.140799 0.159398 -0.015226 0.072122 0.044214 -0.088526 0.048576 0.007580 -0.063864
0.082788 -0.051689 0.057924 -0.018119 -0.134176 -0.077253 0.079121 0.063855 -0.004437 -0.019819 -0.018930 0.078606 0.130538 0.018539 0.092933 0.123746 0.002139 0.077878 0.056321 -0.042281 0.167486 -0.072211 -0.072010 -0.038894 -0.068652 -0.050320 -0.051407 -0.275294 0.065685 0.018343 -0.011171 0.165805 0.079284 -0.410746 -0.070302 -0.040573 0.006180 0.043698 -0.085458 -0.039010 -0.082472 -0.064133 -0.070707 0.043129 -0.232085 -0.039558 0.003395 -0.197152 0.081746
0.035959 -0.046951 -0.092411 -0.158164 0.086872 0.005505 0.064752 -0.292123 -0.145092 0.026649 -0.074985 -0.092161 0.104614 -0.034705 0.062896 0.008073 -0.096502 -0.124970 -0.216605 0.077178 0.060693 0.021667 -0.109027 -0.107202 -0.247331 -0.045765 -0.041798 -0.134065 -0.271746 -0.083172 -0.040727 -0.317633 0.099029 0.024092 -0.042801 -0.049523 -0.168742 -0.261330 -0.096852 -0.171349 -0.168740 -0.326953 -0.120928 0.081294 -0.090533 0.042667 -0.056531 -0.132478 -0.066792
0.045138 0.042376 0.009071 -0.148623 -0.173751 -0.059409 -0.031684 -0.060950 -0.250811 -0.058132 -0.038882 -0.024376 0.029043 -0.004055 -0.241693 -0.114235 0.142098 -0.009836 -0.080583 0.090408 0.104889 0.151826 -0.159063 -0.099067 0.006702 -0.129075 -0.134082 0.146196 -0.010923 -0.212503 0.018377 -0.106388 -0.045746 0.054054 0.073906 0.008259 -0.207052 -0.049508 -0.005714 -0.232404 -0.206798 0.095201 0.009046 -0.041130 -0.017126 0.010551 -0.054694 0.056722 -0.028563
-0.243242 0.159198 0.217161 -0.053635 0.210729 0.093515 -0.342879 -0.169872 -0.061901 -0.085502 -0.212058 -0.073610 0.216116 0.185034 -0.011441 0.140434 0.018210 -0.122434 -0.075926 -0.202504 0.010743 -0.152560 -0.090042 -0.117635 -0.014741 0.007374 -0.001187 0.013003 0.003050 -0.091331 -0.090662 0.081331 0.015055 0.202163 0.207542 0.067116 0.040519 -0.017331 0.099121 0.146611 0.067157 0.006340 0.013320 0.169671 -0.052463 -0.183324 -0.015592 -0.072302 -0.210439
-0.164743 -0.139375 0.041649 -0.037660 0.038398 0.140755 0.029153 -0.096902 -0.089642 -0.097676 -0.156517 -0.063653 -0.196777 -0.121509 -0.074380 0.227928 0.027131 -0.133959 -0.003648 0.090908 0.141372 -0.031482 -0.156932 -0.068481 -0.036413 0.048867 -0.215391 -0.208416 0.151014 -0.019693 -0.031395 0.013324 0.015891 -0.016948 -0.114607 -0.120103 0.134544 -0.142262 0.063564 -0.185317 -0.043964 0.008504 -0.185236 0.047172 -0.116226 0.046321 -0.155784 0.030513 0.032092
0.000579 -0.046796 -0.108038 -0.074973 0.120610 -0.151231 -0.218839 -0.089913 -0.004131 0.112549 -0.004602 -0.039730 -0.056317 0.029181 0.030352 -0.325061 0.021737 0.026379 -0.005348 -0.114285 0.132852 0.098475 0.038696 0.002516 0.011689 -0.184288 -0.078265 -0.019458 0.053236 -0.079877 -0.185957 -0.007084 -0.156163 0.146822 -0.233219 -0.050575 0.071041 -0.080532 -0.208278 -0.157457 0.105545 -0.071543 -0.023571 0.120301 -0.083498 -0.115721 -0.070545 0.037218 -0.004090
-0.119847 0.187891 -0.096262 -0.021422 -0.012587 0.038803 -0.032290 -0.172303 -0.093426 -0.062111 -0.034334 -0.077115 -0.050551 0.364290 0.046992 -0.146569 -0.242484 0.196525 -0.179042 -0.212278 -0.029036 0.055327 0.055567 -0.147827 0.180823 -0.114757 -0.024133 -0.073881 -0.111342 0.080789 0.114320 0.097273 -0.058642 -0.024204 -0.043245 -0.063898 0.136198 -0.015553 0.076657 0.052165 -0.203714 0.026831 0.038115 0.001374 0.111518 -0.088954 0.030307 0.101843 0.021785
0.005559 0.144355 -0.021634 0.002493 0.083783 0.166408 -0.123671 -0.093009 0.086175 0.204639 -0.046082 0.097050 0.123395 0.093957 -0.054358 -0.175700 0.029322 -0.112164 0.033126 -0.134331 0.072838 0.085728 -0.048270 0.277875 0.144040 -0.039751 -0.231846 0.010682 0.107448 0.103641 0.167093 -0.039487 0.020223 0.055761 -0.092855 0.045718 -0.013603 -0.020852 -0.099283 0.057866 -0.024465 0.009511 0.045522 -0.020514 0.031943 -0.013823 0.057796 0.116110 -0.029180
-0.001134 0.105187 0.085977 -0.040543 -0.062839 0.192832 -0.106950 -0.072608 0.041458 -0.195808 0.014145 0.015231 -0.180009 0.264464 0.059092 -0.005478 0.151209 -0.274359 0.028830 -0.046703 -0.099927 -0.187533 -0.106111 0.039312 0.024585 0.042990 0.055255 0.026492 0.092621 0.004430 -0.099921 -0.177501 -0.106569 0.033933 -0.027533 -0.029044 -0.021723 -0.071844 -0.194485 0.026813 0.009845 -0.034173 0.034094 -0.157151 0.202674 -0.048345 -0.086963 0.185862 -0.033250
0.003108 -0.029410 0.320418 -0.027284 -0.017610 -0.208372 -0.007002 -0.137424 0.057310 -0.044093 -0.056099 -0.208739 -0.049175 -0.200974 0.037333 -0.084041 -0.083818 0.050206 -0.061895 -0.141592 -0.361181 -0.025020 -0.002687 -0.002045 0.096307 0.005185 -0.068107 -0.087288 0.011454 -0.220882 -0.065862 0.030415 0.062835 -0.092605 0.057399 -0.141962 0.029840 -0.118041 -0.044640 -0.155459 -0.137839 -0.090856 -0.009467 0.058272 -0.159710 0.074467 -0.192361 -0.120764 -0.100748
0.134493 -0.041624 -0.018594 -0.091362 0.095458 0.160856 -0.071347 0.107872 -0.118684 0.153892 0.007837 -0.056377 -0.102269 -0.074502 0.024202 -0.028619 -0.189030 0.031392 -0.033924 -0.001322 0.184321 0.017469 -0.023447 0.158538 -0.149032 -0.188547 0.076355 -0.010593 0.167603 0.041866 0.000976 -0.145420 0.065667 -0.165798 0.037878 -0.005515 -0.175922 0.022579 -0.088426 -0.077420 0.059653 0.243944 0.076771 0.037788 -0.062927 -0.070357 0.072959 -0.040969 -0.022503
0.020064 0.081210 -0.135261 -0.025588 -0.157124 0.062390 -0.097445 -0.082367 0.172934 0.014488 -0.004425 0.062981 0.081266 0.061668 0.084938 0.112024 0.139386 0.086365 -0.045760 -0.083383 0.029526 0.175514 0.129293 -0.103422 0.068714 -0.073481 0.030112 -0.128196 -0.015660 -0.010585 -0.062959 -0.034004 0.117062 0.007742 -0.067828 0.079830 0.124260 -0.098205 -0.020527 -0.115414 0.039655 0.088291 -0.047892 -0.105139 -0.092643 -0.067835 0.009573 -0.066809 -0.030225
-0.008323 0.056177 -0.119539 -0.009063 -0.205555 0.007308 0.132994 0.087737 -0.010975 -0.109654 0.006705 -0.284067 0.004048 0.103537 0.133809 0.077928 0.069414 -0.109304 -0.132554 -0.039971 -0.001259 -0.126106 -0.076669 0.045900 -0.152227 -0.114679 -0.109310 -0.026358 0.133010 -0.024705 0.151238 -0.002551 0.042844 -0.035585 0.082968 0.078133 -0.011093 0.019948 0.044619 0.060158 0.063247 -0.086644 0.131989 0.091262 -0.088663 0.014365 -0.112129 -0.201236 0.190670
-0.182265 0.065380 -0.120421 0.161600 -0.064438 0.095852 -0.182171 -0.001010 -0.090828 -0.054107 -0.038752 -0.032287 0.053250 0.235523 -0.152711 0.011378 -0.095379 -0.116313 -0.076418 0.175082 -0.059783 -0.020990 -0.055476 -0.045725 -0.103593 0.055700 0.154380 0.090841 0.279853 0.212198 -0.036944 -0.061156 -0.122451 -0.206405 -0.091536 -0.075748 -0.039460 -0.087601 0.036457 -0.066844 0.063855 0.039815 -0.153976 -0.051036 -0.031572 0.036095 -0.013652 -0.075439 -0.032102
0.011671 -0.045593 0.013255 -0.014248 -0.037434 -0.053462 0.002499 -0.173097 -0.085184 -0.006441 0.026714 -0.042068 0.056862 0.184711 0.015504 0.027243 0.001458 -0.007123 0.060862 0.101800 -0.098293 0.114383 -0.151914 -0.183118 0.003484 -0.069448 0.024416 -0.042619 0.161518 0.073627 -0.418494 -0.063750 0.000336 0.179876 0.073211 0.022175 -0.031552 -0.046372 -0.143784 -0.065757 -0.229170 -0.041290 0.162068 0.053307 -0.000982 0.022874 0.129954 -0.016748 -0.084579
-0.187861 -0.002753 -0.128932 -0.023016 -0.000858 0.096934 0.211337 -0.066978 -0.067090 -0.006488 -0.016485 -0.164580 0.086095 0.072122 0.175823 -0.033659 0.058368 -0.045482 -0.044813 0.035326 -0.138694 -0.040529 -0.180270 -0.048437 0.026586 0.019102 -0.107773 -0.045897 -0.208248 -0.378955 0.012076 0.029871 0.147800 -0.278699 -0.102644 0.041558 -0.064636 0.198892 -0.002174 -0.057368 -0.179676 -0.149494 -0.022991 -0.194299 0.164955 0.095840 -0.020435 0.056292 0.078476
0.134683 -0.116683 -0.039929 -0.080433 -0.079671 -0.104577 0.034476 0.080243 0.006548 -0.044301 0.092604 -0.071668 -0.182407 0.167115 -0.089723 -0.024539 0.010868 0.011095 0.032978 0.022690 -0.081016 -0.075187 -0.059351 -0.029761 0.151846 -0.015212 0.047346 0.097904 -0.033471 -0.125163 -0.006638 0.092073 0.233549 -0.161289 -0.192550 0.055966 0.043163 -0.085826 0.059195 -0.101353 -0.180231 0.033258 0.050289 -0.093417 0.067208 -0.059634 -0.038496 -0.021688 -0.001341
0.146113 -0.122839 -0.032620 -0.072301 0.092479 -0.013261 0.066703 -0.020243 -0.031998 -0.155019 0.000688 0.056819 -0.001761 -0.007753 -0.060367 0.028418 0.079619 -0.052809 -0.152585 -0.240945 -0.161089 -0.033713 -0.025319 0.010418 -0.014641 0.099437 -0.069924 0.110760 0.161639 0.188213 -0.111338 -0.147450 0.039588 0.059479 0.026754 -0.017004 0.047798 0.023356 -0.000136 -0.091975 -0.035516 -0.077678 -0.027482 -0.004628 0.191634 -0.227588 0.014442 0.068250 -0.017706
-0.264009 -0.057718 -0.088868 0.066316 -0.108130 -0.050387 0.021911 -0.191686 0.063425 -0.139912 -0.083012 -0.137754 -0.195099 0.074641 -0.033024 -0.074910 -0.262443 -0.062338 -0.232540 -0.176557 0.144619 -0.125601 -0.294555 -0.102798 -0.111755 -0.107138 -0.141549 -0.001405 0.185788 -0.024837 0.019673 -0.091234 0.102074 0.146045 -0.077514 -0.253591 -0.126943 -0.169848 -0.119341 -0.184422 0.021243 -0.016631 -0.148451 -0.110218 -0.152824 -0.061313 -0.134101 -0.167305 0.087099
-0.058608 0.109875 -0.163462 -0.059566 0.016602 0.073971 0.233869 0.137612 -0.024828 -0.013685 0.026122 0.088492 -0.035030 -0.232300 -0.121608 0.047141 0.068272 0.018669 -0.032887 -0.070857 0.179245 0.078538 -0.001661 -0.056886 0.036842 -0.045909 -0.017146 -0.117513 -0.073619 -0.151250 -0.092441 -0.233479 0.186640 -0.115317 0.047159 0.100985 0.046704 -0.118203 -0.060847 0.081607 0.022200 -0.065850 -0.054076 -0.026299 0.032432 -0.051249 0.100427 0.007007 0.096876
-0.039544 0.067374 -0.048386 0.009437 -0.155982 0.013801 0.089288 -0.009249 0.047131 0.033894 -0.151712 0.208787 -0.047963 -0.067464 0.200974 -0.097477 -0.020004 -0.151874 -0.048524 -0.033822 0.160604 -0.327219 -0.147979 -0.145298 0.102585 -0.087514 0.057158 -0.248758 -0.049975 0.012494 0.109385 0.004185 0.090467 0.082022 -0.001882 -0.268719 -0.060577 -0.005954 0.016500 0.010338 0.082971 0.036637 -0.194623 -0.031538 -0.134867 -0.043174 -0.191947 -0.097367 -0.015512
-0.090264 -0.060692 -0.072457 -0.011961 -0.100002 -0.023546 0.007563 0.006356 -0.044743 0.036034 0.136270 0.129566 0.070041 0.140510 -0.180329 -0.061004 -0.049646 0.098613 -0.080898 -0.036263 0.157951 0.071952 -0.004313 0.046521 -0.049556 -0.064372 0.098895 -0.122004 -0.113773 -0.109494 -0.005862 -0.188805 -0.181732 -0.153679 -0.005659 0.010039 -0.184562 -0.032256 -0.059153 -0.038815 -0.020404 0.158101 -0.137001 -0.086572 -0.155911 -0.130497 -0.026073 0.013008 -0.182708
0.046432 0.014416 -0.100500 0.157358 -0.037637 -0.151173 0.050188 -0.020518 0.015160 0.137264 0.012803 -0.030115 -0.139398 -0.182830 -0.046420 0.022795 -0.141537 0.202137 -0.099680 0.004482 0.101916 -0.017639 -0.086930 0.122171 0.123161 -0.093965 -0.030027 0.054469 -0.064597 -0.057774 0.059052 -0.093434 0.142144 0.053309 0.050097 -0.063854 -0.038560 0.067485 0.084774 0.252896 0.025851 0.072178 0.146648 0.074744 -0.119710 0.121730 -0.093437 -0.017085 -0.051863
-0.120391 0.195482 -0.004134 0.092470 0.055891 0.148449 0.051048 0.110082 0.141080 0.183698 -0.167943 0.091261 -0.023151 0.129978 -0.104167 -0.094405 -0.024013 -0.148183 0.120283 0.007587 -0.417082 0.040023 0.045447 0.014366 -0.041165 0.033598 0.033277 0.021618 0.106960 0.037900 -0.145860 -0.062437 0.189950 0.202140 0.040498 0.020350 -0.093400 0.060094 -0.021326 -0.123813 -0.026115 0.045718 -0.144201 -0.110031 0.055449 0.197723 0.000691 -0.028675 -0.063345
-0.045026 -0.078001 -0.123946 0.056494 0.007432 0.014698 -0.117528 -0.200975 0.043722 0.026880 0.082745 -0.176326 0.042620 -0.101700 -0.178474 -0.120643 -0.098671 -0.090051 -0.049178 0.280021 -0.019658 -0.062850 -0.122902 -0.151573 -0.062938 -0.142214 -0.149152 -0.052414 -0.064383 0.297631 -0.034151 -0.129365 -0.019116 -0.035704 -0.170312 -0.003716 0.016701 -0.057378 0.116528 -0.135205 -0.055600 -0.048184 -0.022793 -0.057029 0.066820 -0.124720 0.104059 -0.054788 -0.086915
0.222936 -0.028218 0.218969 -0.168860 -0.032183 0.033530 -0.116866 -0.003261 0.053448 0.141778 0.037708 0.003730 0.140062 0.025502 -0.074591 -0.010806 0.027736 -0.039940 0.025532 -0.027384 0.052032 -0.064453 -0.031512 -0.044193 0.084921 -0.262000 0.056050 0.109062 -0.067812 -0.096571 -0.074201 0.078708 -0.038806 -0.040041 -0.045634 -0.045796 -0.140185 -0.005216 -0.063615 -0.040506 0.094312 -0.086003 -0.037451 0.049693 0.136885 -0.165808 0.082160 0.193198 -0.059776
0.002434 -0.053747 -0.184263 -0.034722 0.069673 -0.078513 0.061134 0.000444 -0.094924 -0.011463 0.033478 -0.027745 0.054300 -0.088456 -0.017535 0.039333 0.030743 0.180019 0.114316 0.053908 0.039439 -0.088572 0.151069 0.019215 0.142625 0.156104 -0.046763 0.124203 -0.031122 -0.031418 0.224035 0.083839 -0.129171 -0.078134 -0.083082 0.070772 0.036625 -0.021370 0.019888 0.051716 -0.060648 0.021176 -0.060661 0.208734 -0.132915 -0.000679 -0.130567 -0.051206 0.023533
-0.082117 -0.028114 0.073904 -0.096331 -0.013897 -0.050833 0.217374 0.065544 -0.152170 0.002773 -0.012442 -0.010532 0.030734 -0.175976 0.054061 -0.005490 -0.056739 -0.049375 -0.145636 -0.033633 -0.024967 -0.116942 -0.087702 0.007984 -0.171988 -0.207866 0.066043 -0.067683 -0.152889 0.103985 -0.158854 -0.022198 0.043427 -0.113602 -0.149992 -0.029214 0.009741 0.004150 0.079757 0.029974 -0.020491 -0.100382 -0.102704 0.048296 0.122080 -0.020367 0.037558 -0.120138 0.007126
0.075294 0.043569 0.033947 -0.035247 0.039576 -0.119956 0.088301 -0.071601 -0.167260 0.074255 0.077437 0.004388 0.212780 0.180310 0.029059 -0.024234 0.128817 0.085976 -0.050969 0.094690 0.059982 0.074373 -0.025168 0.032522 -0.070836 -0.069050 0.188930 -0.126546 -0.093252 -0.156468 0.011661 0.189925 -0.049510 -0.141425 0.151197 0.005112 0.215852 -0.035373 0.082464 0.044112 0.038502 0.028400 0.271157 0.022498 -0.187219 0.031163 -0.039587 -0.028183 -0.056098
0.041357 -0.015093 0.151383 -0.072573 -0.032800 0.048532 -0.106779 0.016705 0.148208 -0.060995 -0.139045 0.003978 0.089154 -0.023964 0.056969 -0.022637 0.099978 -0.141667 -0.016998 -0.107613 0.158730 0.030276 -0.006626 0.015439 -0.062231 0.106832 -0.189726 -0.000620 0.001997 -0.166275 -0.033862 -0.002156 -0.161008 -0.019846 0.044142 0.086452 -0.026428 -0.005689 -0.026359 -0.057139 0.091734 -0.038960 -0.010725 -0.058134 -0.057772 -0.043830 0.235006 -0.045239 0.016415
-0.135087 -0.193988 0.018446 -0.036901 0.011766 0.225392 0.083618 -0.015986 0.189440 0.030099 0.073598 -0.040850 0.099915 -0.049701 -0.051792 -0.206102 -0.000670 -0.085774 0.147652 -0.169815 0.088524 -0.015770 -0.002717 0.102853 0.120668 0.160859 0.009300 -0.110458 0.006104 0.225273 -0.101464 -0.149706 0.009215 -0.053938 0.125513 0.046491 0.010353 0.188617 -0.230634 0.027958 0.035749 0.065345 -0.076432 -0.167852 -0.212684 0.089773 -0.108060 -0.025363 -0.115934
-0.120397 -0.025067 0.082620 -0.010524 -0.121033 0.076933 0.080438 -0.083787 0.066209 0.166094 -0.140794 0.091978 0.078956 0.110571 0.008298 0.030549 0.185787 -0.024082 0.031780 -0.080690 0.028058 -0.026543 0.045333 -0.185324 -0.055135 0.031888 -0.068657 0.059144 0.065912 0.068675 -0.029179 -0.098803 0.074090 -0.032585 0.091791 -0.073518 -0.003102 0.093604 -0.149004 -0.032738 -0.145535 -0.003783 0.110512 0.008223 -0.039054 -0.267488 0.087528 0.142297 0.046469
0.013720 -0.010699 0.052654 0.016839 0.033655 -0.056479 0.213598 -0.020040 -0.097630 0.126477 0.144558 -0.131298 -0.108126 0.039639 -0.026608 0.066230 -0.068453 -0.119730 0.068127 -0.009174 -0.184807 -0.071756 0.080577 0.067627 -0.044932 0.055261 -0.123027 -0.044067 0.128348 -0.083393 -0.159244 -0.163819 0.179776 0.328441 -0.107449 -0.049050 0.066787 0.106983 0.100257 -0.065411 -0.165790 0.003814 0.185399 -0.107578 -0.101336 -0.063381 -0.154616 -0.011948 0.113913
-0.110180 -0.067420 0.055079 0.022064 0.121217 -0.096797 -0.014065 -0.109550 -0.058998 -0.024589 0.105824 -0.173588 -0.020985 0.031881 0.016462 -0.046384 0.095748 0.031507 0.212344 -0.301489 0.116585 -0.018701 -0.180150 -0.096237 -0.045897 -0.010844 0.094514 -0.185331 -0.125747 -0.036337 -0.009811 -0.107683 0.075289 0.060391 -0.029232 -0.057663 0.190212 -0.109840 -0.209416 0.018283 -0.020648 -0.082408 -0.008424 0.088789 -0.150022 0.105314 0.074122 0.005428 -0.005087
-0.253376 -0.114645 -0.130917 0.019246 -0.006091 -0.054504 -0.008422 -0.153455 -0.066611 -0.083573 -0.113864 -0.112157 -0.010179 -0.165500 -0.045701 -0.198460 0.032726 -0.241692 -0.190038 0.001532 0.019594 0.000335 -0.349258 -0.001198 0.263091 -0.109557 0.036229 -0.009626 -0.053576 -0.106892 0.041424 -0.075537 -0.013327 0.103578 -0.051648 0.096427 -0.140012 -0.196109 -0.080390 -0.295378 -0.032455 0.030496 -0.090790 -0.079704 -0.019923 -0.079115 -0.084206 0.213800 0.018399
-0.043138 0.048951 -0.120095 -0.186093 -0.044218 0.136941 0.090654 0.039079 0.098118 0.004631 -0.046954 -0.102661 -0.040219 0.161070 -0.208271 -0.193463 0.071467 0.104287 -0.125849 -0.073884 -0.219432 0.039578 -0.024775 0.093439 0.072794 0.044437 -0.013442 -0.032603 0.056213 -0.062854 -0.038794 -0.249638 -0.089886 -0.087205 0.208080 -0.134759 -0.088426 0.021667 -0.006220 0.117264 0.102268 0.082077 -0.033312 -0.002833 -0.104404 -0.011563 0.085177 0.098461 0.019520
-0.231184 -0.074482 -0.010683 -0.022619 -0.088735 -0.235403 -0.106383 0.024683 0.030246 -0.024182 -0.012241 -0.052425 0.100863 0.092702 0.070881 -0.022629 0.030265 0.004891 -0.041452 -0.104158 -0.045961 -0.083037 -0.015606 -0.175154 0.106975 0.009364 -0.037770 0.002626 -0.058294 0.157629 -0.075804 0.016218 0.000697 -0.180795 0.123916 0.096055 0.062320 -0.121117 -0.095595 -0.019761 0.088245 0.078585 0.043750 0.284764 0.134627 0.035867 0.076416 0.032155 0.028856
-0.079822 -0.122593 0.128872 0.162927 -0.044977 -0.048685 0.083171 -0.072119 0.027153 -0.119801 0.024413 0.128583 0.065302 0.303277 0.059864 0.016660 0.137258 0.092094 -0.125333 0.031496 -0.100372 -0.008792 0.002099 -0.013668 0.006861 0.116677 -0.170884 0.057196 -0.241511 -0.053133 -0.110692 -0.079194 -0.046958 0.194589 -0.045328 -0.086617 -0.051720 -0.086360 -0.132451 0.069633 0.009025 -0.065866 0.054802 -0.000356 -0.071070 -0.030408 -0.185919 -0.103137 -0.113946
-0.031782 -0.067796 0.024755 0.007059 0.134938 0.217455 0.148777 0.103264 -0.178674 0.004697 0.078344 -0.107600 0.091778 -0.074497 -0.127072 0.127781 -0.072222 -0.007359 0.042182 -0.181106 -0.083155 0.005684 0.037135 0.113664 0.052304 -0.060525 0.191728 -0.114872 -0.105454 0.195735 -0.010235 0.032438 -0.002247 0.030248 -0.117888 0.038003 -0.056500 -0.101890 0.101635 -0.132227 -0.022609 0.080509 -0.129322 -0.070377 0.009117 -0.019464 0.098468 0.009207 0.058074
-0.098823 -0.087957 -0.071015 0.162572 -0.053483 0.039561 0.078025 -0.131734 0.025727 0.058503 0.027740 -0.096667 -0.044896 -0.073285 -0.158217 -0.101419 0.078498 0.045967 -0.004605 -0.162400 0.150400 -0.111277 0.065741 -0.074702 -0.069643 -0.117869 0.076597 0.062486 -0.063557 0.130406 -0.066471 -0.032263 0.003939 0.080837 0.033436 -0.069036 -0.016710 0.061814 0.039135 -0.192612 -0.109919 0.279764 -0.003103 -0.001258 -0.009200 -0.284251 0.007144 -0.017360 0.017102
-0.122152 0.098123 0.200157 -0.003150 -0.020569 0.139229 0.066241 -0.165532 -0.002570 0.030451 0.106868 0.055745 0.100018 -0.067295 -0.021260 -0.178151 -0.150989 0.163829 0.020806 0.111929 -0.048074 -0.012022 0.018151 -0.137409 0.089166 -0.014087 0.151560 -0.091520 -0.060726 -0.004215 0.005237 0.112460 0.105504 -0.053713 0.142155 0.200192 0.031639 0.108921 0.042017 0.068121 -0.007405 -0.076916 -0.058143 -0.070261 0.008038 0.016706 0.177476 -0.013507 -0.017171
0.002847 0.176710 -0.122097 0.059659 -0.021554 -0.000105 -0.030533 -0.117473 0.139825 0.077024 0.099100 0.078574 -0.037880 0.120672 -0.262320 -0.136794 0.185400 0.051286 0.019541 0.053853 -0.281429 -0.195264 0.060339 -0.034113 -0.151283 -0.014854 -0.098397 0.016739 -0.155589 0.192979 0.072462 -0.031979 -0.112650 0.041908 0.063680 -0.040664 -0.209767 0.103774 -0.062803 0.028829 0.117329 0.081901 -0.028813 -0.135055 0.066350 -0.077837 0.039426 -0.074047 -0.079256
0.051549 -0.048639 -0.059285 -0.026811 0.090564 0.165773 0.143846 -0.098430 -0.126918 -0.086320 0.136837 0.042734 -0.112811 0.082306 -0.118014 -0.069056 -0.146044 0.099013 0.073750 0.031091 -0.118128 0.103661 -0.041177 0.041392 -0.117443 -0.152848 -0.019579 -0.084493 0.008727 -0.220867 0.000970 -0.068936 0.058085 -0.235109 0.069524 0.212641 -0.006660 0.052764 -0.032686 0.092311 -0.094524 -0.045375 -0.075665 -0.133509 -0.150960 -0.128507 0.004484 -0.123614 -0.090439
0.020374 -0.152694 0.041459 0.015921 0.065374 0.027149 0.032983 -0.124002 -0.155905 0.100406 -0.033544 -0.092070 -0.274751 0.230132 -0.041974 0.013724 0.031544 -0.206178 -0.087175 0.053244 -0.141479 -0.026425 -0.066517 -0.074522 -0.061630 -0.065772 -0.071287 -0.063231 -0.034946 0.039774 0.045389 0.014792 -0.045538 -0.038462 0.036673 0.022890 0.000605 -0.284531 0.031479 0.079397 -0.072422 -0.012610 0.027509 0.016481 -0.175402 0.011918 0.108593 0.101339 0.030528
-0.050294 0.011230 0.034941 0.101519 0.016289 -0.343897 0.143231 -0.142264 -0.174684 0.006553 -0.059912 0.003210 0.075598 0.121749 0.221916 -0.095509 -0.002963 -0.044728 0.061044 -0.352379 -0.086527 0.099890 0.040164 -0.057405 0.048307 -0.101721 -0.000797 -0.149833 -0.019118 -0.042678 -0.239409 0.024962 0.313045 0.122418 -0.001004 -0.085876 -0.052080 0.137809 -0.011301 0.046901 -0.010039 0.084325 -0.039016 -0.084207 -0.010927 0.066181 0.088140 -0.108934 -0.078604
-0.213458 0.081330 -0.009226 -0.001587 -0.051776 -0.057988 0.005517 -0.100122 -0.071120 0.019880 -0.218142 -0.039088 -0.119215 0.009095 -0.048852 -0.031733 -0.060257 -0.074037 0.083486 -0.037891 0.199204 0.042052 -0.139269 -0.104078 -0.091782 -0.103166 0.076982 0.089517 0.033233 0.155555 0.061517 -0.131526 0.057154 -0.112516 -0.060479 0.045100 0.126176 -0.070055 -0.084008 -0.062406 -0.083387 0.032214 -0.139718 -0.059561 -0.073850 -0.042023 -0.165207 -0.155249 0.063923
-0.148611 0.104082 -0.215058 -0.022293 -0.144967 -0.089739 0.045317 -0.054430 -0.144211 -0.159218 -0.055845 -0.034990 0.016024 0.043384 0.069690 -0.043651 -0.178278 -0.039246 -0.025462 0.010001 0.034155 -0.103249 -0.151638 -0.204784 -0.072871 0.137934 -0.081163 -0.070811 -0.152515 0.114664 0.054578 -0.166744 0.094839 0.130612 -0.177193 0.052702 -0.213893 -0.098386 -0.144594 -0.132007 -0.118416 -0.179671 0.134906 -0.054822 -0.173869 0.005370 -0.023230 0.061307 -0.098914
0.200239 -0.082023 0.033925 0.003682 0.059837 0.250452 0.093602 0.000924 -0.198417 0.034732 0.155570 -0.114546 0.083823 0.251341 0.117687 0.012524 0.128000 -0.149619 -0.108718 -0.248056 0.143816 -0.165586 -0.095756 0.138591 0.127727 0.071782 0.024848 0.064682 -0.115554 0.015724 0.147144 -0.003860 -0.178382 0.085717 -0.053944 -0.096560 -0.011453 0.053063 0.028223 -0.105805 -0.034496 0.012295 0.052673 0.103492 -0.025347 -0.064367 0.050477 -0.107476 0.024205
0.056620 -0.098565 0.133210 0.031008 -0.023172 -0.086441 -0.046734 -0.114924 0.151852 -0.220764 0.045294 0.093787 0.025355 0.046783 -0.072408 0.111022 -0.134535 -0.179758 0.110790 0.020295 -0.022557 -0.029845 -0.220512 -0.042160 -0.131628 -0.152117 0.048281 -0.006590 -0.194003 0.048979 0.106562 -0.023076 -0.241338 0.065374 -0.093426 0.035865 0.064738 0.080200 0.001540 -0.156813 0.089289 0.040937 -0.058299 -0.055243 -0.122015 -0.094266 0.051778 -0.047634 0.011735
-0.129481 -0.144631 0.013103 0.148955 -0.022084 0.009643 0.063666 -0.140133 -0.077626 -0.044452 -0.024564 -0.017864 -0.150246 -0.051657 -0.011056 -0.086459 -0.087940 -0.154403 -0.197452 0.004015 -0.012660 -0.148564 -0.123375 -0.077210 -0.023291 0.017292 -0.160667 -0.109359 -0.186737 0.036062 0.080279 -0.074564 0.025104 -0.325542 -0.098474 -0.079482 0.045721 -0.047554 0.084665 -0.111161 0.134174 0.014404 -0.018891 0.036971 0.269512 -0.090131 0.048314 0.125528 -0.115787
-0.073663 0.081902 -0.195751 -0.086644 0.018148 -0.007679 0.039495 -0.170500 0.156415 -0.019260 -0.050630 -0.044754 0.093517 -0.042169 -0.028717 0.022537 0.075281 -0.010889 0.261366 -0.046483 0.020719 -0.101120 -0.132114 0.053885 -0.138879 0.045845 0.049822 -0.123931 0.116730 0.001812 0.046860 -0.112584 -0.122216 0.136221 0.065326 -0.067713 -0.189175 0.069697 0.185681 0.092889 -0.104231 0.058435 -0.109034 0.076981 0.088460 0.008155 -0.062904 -0.099154 0.071394
0.038206 -0.012322 -0.221275 0.107898 -0.072835 -0.031978 0.135332 -0.082709 -0.105529 -0.038660 -0.093941 0.060138 -0.043895 0.126639 0.039479 -0.072646 -0.035652 0.128138 -0.019255 -0.144157 -0.047877 -0.175175 0.043008 -0.162321 0.111839 0.010601 0.010113 0.181143 0.194443 0.058547 -0.169997 -0.095985 0.046040 -0.117801 -0.018984 -0.197308 -0.020532 -0.042466 -0.117974 -0.022195 -0.049273 0.149563 -0.079781 -0.099330 0.178061 -0.055119 -0.033444 0.036377 0.153585
0.019665 0.066243 0.045502 0.161437 0.000242 -0.181665 -0.000331 0.174876 0.047075 0.049416 -0.052853 0.104830 0.026691 0.118801 -0.040447 -0.119889 -0.013686 -0.055701 -0.088245 -0.211957 -0.224383 -0.068711 0.107650 0.021314 -0.008140 -0.116097 -0.119470 -0.184640 -0.402200 0.088335 -0.179038 0.091028 0.047693 -0.160550 0.121074 -0.008991 0.074016 -0.033155 0.178281 -0.013187 -0.116491 0.080878 0.118273 -0.021378 0.029307 -0.140596 0.064153 -0.277109 0.079454
-0.040319 0.049579 0.039480 0.112806 0.009366 0.059999 0.046267 0.207284 -0.031225 0.012899 -0.088143 -0.043030 0.085883 0.131054 -0.008320 0.013298 0.003718 -0.043606 -0.034470 -0.087954 0.050715 0.046391 0.035430 -0.057036 -0.179148 -0.120635 0.007551 0.001023 -0.038457 -0.035432 -0.203205 0.095472 -0.040534 -0.195964 0.070862 0.049690 0.160839 -0.007898 -0.001391 -0.046130 0.080143 -0.163679 -0.070845 0.097097 0.047724 -0.082712 -0.023225 -0.003894 0.092942
0.005135 0.028293 -0.071856 0.054845 -0.094597 -0.217424 0.043500 -0.018053 -0.098297 -0.110625 0.040964 0.235739 0.057785 -0.134886 -0.208203 0.088168 -0.108408 0.077309 -0.133929 0.141508 -0.069594 -0.011366 -0.064723 0.059453 0.004563 -0.044152 0.047360 -0.000074 0.272395 -0.059861 0.002913 -0.061135 -0.369567 0.006621 -0.127515 -0.084227 0.002613 0.001856 0.015157 0.003336 0.070559 0.173886 0.105112 0.028135 0.078678 -0.064876 -0.099572 0.126796 0.033049
0.025398 -0.021156 -0.020230 -0.143308 -0.014332 -0.057242 0.097308 -0.042644 -0.195476 -0.011480 0.072976 0.252551 0.115924 -0.063799 -0.010310 -0.016096 0.072466 0.137015 0.214763 -0.025316 0.118586 -0.037393 0.049459 0.075427 0.012270 0.156346 0.106541 0.148889 -0.125296 0.126161 -0.083172 -0.146514 0.103941 -0.054220 -0.058363 0.043041 -0.082939 0.054192 0.031202 0.026934 0.049621 0.009139 -0.035015 0.090151 0.048669 -0.001430 0.010939 0.058526 -0.091157
-0.046480 -0.065160 0.091183 0.054425 -0.048875 0.033523 -0.004349 -0.032718 -0.030982 -0.020279 0.018727 0.022116 0.069712 -0.104465 -0.148784 -0.149640 -0.272514 -0.200339 0.133872 0.010839 0.091617 -0.076091 0.250766 -0.055992 -0.009700 -0.147187 0.055277 0.045529 -0.261229 -0.386130 0.049598 -0.153449 -0.079152 -0.136332 -0.119988 -0.043457 0.120317 -0.115250 0.133287 -0.170153 0.088712 -0.008854 -0.051435 -0.068935 0.097744 0.017574 -0.051704 -0.153522 -0.246437
-0.215473 -0.060859 0.074899 -0.094302 0.054008 -0.049746 -0.062369 0.074063 -0.167874 0.015950 0.169508 0.015246 -0.018141 -0.108487 -0.059367 -0.030217 0.043284 0.039769 0.087984 0.112174 0.316822 0.116618 -0.034385 0.232382 -0.051823 0.031949 0.014248 0.142674 -0.034325 0.311692 -0.029987 -0.026782 -0.309602 -0.233290 -0.010339 -0.253102 -0.066885 -0.000187 -0.114202 0.045478 0.097016 0.022415 0.156379 0.016007 0.030100 0.077827 0.307303 0.059701 -0.025698
0.109075 -0.039383 -0.048294 -0.019209 -0.029064 -0.273676 -0.224105 0.082536 -0.152958 0.095948 -0.195882 -0.021365 -0.132101 -0.133207 -0.088178 -0.012055 0.115449 0.078023 0.107759 0.071450 -0.213116 0.072299 -0.146400 0.080404 -0.000218 0.048265 -0.205593 -0.032512 0.016618 0.051926 -0.011901 0.053139 -0.085976 0.046502 0.061598 -0.150741 0.039755 -0.093312 -0.007554 -0.228551 -0.029256 0.117688 0.008905 0.021056 0.192123 -0.076109 0.171381 -0.091051 0.018872
-0.228762 -0.000589 -0.054141 0.135314 -0.053326 0.088226 -0.137468 -0.099725 0.105329 -0.055564 0.188405 -0.119147 -0.078556 0.016200 0.056373 0.056898 -0.080648 -0.097531 -0.095723 -0.394884 0.112178 -0.041195 -0.164804 -0.061870 -0.035366 0.035950 -0.081414 -0.176636 0.001018 0.213657 -0.156967 0.096433 0.059812 -0.261499 0.011700 0.048181 -0.043387 0.036191 -0.023906 -0.096194 0.088762 -0.143705 0.041731 -0.096992 -0.092068 0.107953 0.064119 -0.062325 -0.039541
-0.060053 -0.026954 -0.044695 -0.099845 -0.085974 0.148215 0.087421 0.122791 -0.108037 0.234371 0.007388 -0.031741 0.055024 -0.034088 -0.004869 -0.064994 -0.123195 0.064884 -0.060094 -0.116013 -0.027551 -0.137829 -0.039940 -0.022798 0.002987 0.056781 0.059784 0.004283 0.249781 0.138077 0.069978 0.135789 0.178658 -0.251464 -0.104748 -0.018784 -0.064644 -0.115534 0.142902 -0.091802 0.088947 -0.061347 -0.031168 -0.154803 0.033439 -0.019739 0.022605 0.034587 0.115217
-0.081481 -0.052527 -0.030536 0.123285 -0.119883 -0.121874 -0.008997 -0.021766 -0.151847 -0.010180 0.037950 -0.214751 0.008379 0.029096 -0.038735 0.015528 0.014262 -0.139403 0.025742 0.065279 0.085836 -0.087856 -0.128027 -0.019658 -0.102687 -0.195270 0.024994 0.073012 -0.113054 -0.063797 0.178547 -0.056608 -0.045667 0.200587 0.111095 0.027195 0.055485 0.021573 -0.196147 -0.088848 -0.028590 -0.130139 -0.027524 0.107470 -0.062968 -0.080191 -0.011139 0.184239 0.040837
-0.250270 -0.124382 0.069615 -0.099327 -0.090893 -0.077915 0.012098 -0.072757 -0.003957 0.164779 -0.221284 -0.011281 -0.040128 0.166561 -0.058836 0.028735 -0.180683 -0.205346 -0.069909 0.060007 0.090012 0.006968 -0.186977 -0.123380 -0.109193 -0.089755 -0.034752 0.087224 -0.049638 -0.075282 0.045715 0.052084 -0.069883 0.110896 0.005176 -0.151279 -0.077315 -0.223836 -0.053327 -0.061142 -0.131586 -0.157446 0.186673 -0.003946 -0.098830 -0.009428 -0.092910 0.079092 -0.031657
0.028385 -0.047874 -0.084292 -0.049051 -0.066326 -0.162851 -0.107972 0.017246 -0.068791 -0.022577 -0.108002 -0.058442 0.006871 -0.085994 -0.128454 0.051367 0.129977 0.074353 0.095971 0.035467 -0.269045 0.012300 -0.083804 0.106022 0.068565 -0.092304 -0.092802 0.010755 -0.162473 0.166687 -0.097656 -0.069803 -0.062560 -0.346891 0.112912 -0.211392 0.044982 -0.131187 -0.147404 -0.191041 0.120718 -0.014287 0.062615 -0.093751 -0.098298 0.019849 -0.014935 0.116813 -0.078111
-0.158378 0.063752 0.016430 0.018951 0.039341 -0.063196 -0.047836 0.302666 -0.020738 -0.002010 0.019293 0.188558 -0.137747 -0.140533 0.007404 -0.073040 -0.027667 -0.029345 0.108558 -0.262067 -0.108426 -0.022226 -0.075482 -0.057451 -0.044735 0.044033 0.130596 -0.058418 -0.068620 0.006260 -0.168834 -0.048702 -0.235926 -0.334694 0.000736 0.201734 0.038553 0.009854 -0.037844 -0.041923 -0.019647 0.072851 0.099576 0.032462 0.046910 0.111840 0.057426 0.215401 -0.058896
-0.198247 0.281183 0.083895 0.017222 0.167197 -0.029985 0.171707 -0.186414 -0.024448 0.060395 -0.137210 0.187408 -0.023018 0.023121 0.064835 0.135664 0.042199 -0.034498 -0.008327 -0.262492 0.037707 0.094987 -0.077015 0.103127 0.048932 0.051340 0.148175 -0.149748 -0.016800 0.200611 -0.061994 -0.035429 0.019448 -0.040867 -0.088900 -0.001887 -0.164711 -0.122667 -0.200829 0.067829 -0.061377 0.147299 0.003500 0.084321 0.112904 0.054643 -0.083314 0.034686 0.089815
0.054700 0.203985 -0.204124 0.023799 0.195764 0.263677 -0.058575 -0.135049 0.057449 -0.114547 0.057911 0.047091 0.024466 -0.160994 -0.076135 0.031317 0.223903 0.090782 -0.103707 -0.207778 -0.148418 -0.066017 0.015721 0.045385 -0.029444 -0.095174 0.113398 -0.048801 0.047340 -0.253773 0.021049 -0.100152 0.173891 0.040281 0.116319 0.054551 0.178977 0.167065 -0.020400 0.007710 -0.092093 0.142132 -0.097303 0.072732 0.124115 0.011097 -0.123802 -0.082460 -0.169208
0.007453 0.087941 -0.101458 -0.238702 0.111004 -0.171257 0.118208 0.015599 -0.036266 -0.252131 -0.442634 -0.015623 -0.045672 -0.140729 0.013326 0.049061 0.044080 0.095432 -0.061299 0.074962 0.000381 -0.124980 -0.150706 0.006577 0.121776 0.164368 -0.150280 -0.062140 0.054332 -0.014451 -0.191532 0.089128 0.056298 0.145944 -0.036586 -0.057443 -0.015317 -0.044521 -0.024880 -0.221777 -0.023013 0.039907 -0.021537 0.030862 -0.086139 -0.070474 0.079145 -0.100766 0.070617
0.147882 -0.076026 0.081280 -0.009836 -0.048099 -0.129104 0.064785 0.006222 -0.209926 -0.020338 0.096351 0.083633 0.099753 0.061232 0.009180 0.217657 0.046874 -0.119868 -0.090349 0.073503 0.100313 -0.054091 0.056402 0.000676 -0.122591 0.005324 -0.176827 -0.007230 -0.105378 -0.048627 0.023928 -0.063275 0.039394 0.106752 0.067953 -0.166118 0.017292 -0.016145 0.029298 -0.005394 -0.165790 0.107597 -0.129982 -0.309492 -0.099182 -0.075354 0.046225 0.044578 0.012213
-0.146217 -0.096555 -0.097268 -0.189459 0.033662 -0.013916 -0.002568 -0.122182 0.033485 0.177203 0.011438 0.001315 0.008676 -0.263430 -0.068495 0.088202 -0.102594 -0.014199 -0.072229 0.115115 0.032466 -0.042745 -0.073725 0.129777 -0.140611 0.087872 -0.130231 -0.001737 -0.082449 0.151598 0.035076 -0.089599 0.010117 -0.127015 -0.031046 -0.113023 -0.061777 -0.151134 0.053304 -0.088791 -0.096120 0.154620 0.094369 -0.060116 -0.218147 -0.119745 0.027034 0.043449 0.004678
-0.063294 -0.042248 0.076086 -0.055227 -0.051747 0.021260 -0.099534 0.018011 0.025773 0.134471 0.022537 -0.148549 0.099077 0.106126 0.011841 -0.031917 0.066446 -0.152008 0.036228 0.056569 -0.053155 -0.057238 0.136105 0.191229 0.053890 0.002633 -0.012329 0.039906 -0.028017 -0.271186 -0.132300 0.003726 -0.140887 -0.046626 -0.050527 -0.124269 -0.090939 -0.084619 0.005099 -0.030851 0.004021 0.134539 0.130397 -0.048588 -0.054360 0.181237 0.251924 -0.060470 -0.056508
0.040595 -0.113058 0.091791 0.130071 0.020418 -0.220404 -0.055652 -0.012841 0.083296 -0.112902 0.128576 -0.066118 0.063162 -0.030856 0.094939 0.030963 0.074381 0.079251 -0.069821 0.117190 -0.014872 -0.075775 -0.045378 0.083166 0.106175 0.133113 0.036674 -0.138252 0.051054 0.114131 -0.022818 0.098167 0.095606 -0.227798 -0.005386 -0.021252 -0.054935 -0.067773 -0.140407 0.027577 0.044133 0.063842 -0.024212 0.158147 0.038779 0.004243 -0.101741 -0.076403 -0.079309
-0.094177 -0.158492 0.147190 -0.105381 -0.105840 0.060665 -0.106735 -0.284895 -0.005648 -0.006193 -0.067460 0.109076 -0.139251 0.007387 0.084841 -0.165165 -0.223161 -0.079912 -0.134120 -0.026512 -0.226860 0.108015 -0.022370 -0.171005 0.036269 -0.168644 0.021914 -0.054645 -0.035738 0.181025 0.140069 -0.018528 -0.160683 -0.005996 -0.111079 -0.101470 0.117617 -0.008171 0.041043 -0.195385 -0.104358 0.147212 0.009068 0.035350 -0.003387 -0.125153 -0.087515 -0.226212 -0.023217
-0.107197 0.036150 -0.015941 0.005869 0.092404 -0.015940 -0.026022 -0.022353 -0.071409 -0.074769 0.065700 0.094884 -0.105364 -0.113870 -0.014910 -0.047905 -0.064279 -0.102769 0.092063 0.054037 0.122624 0.009612 0.036602 0.070772 0.071830 0.040795 0.008534 0.133891 0.061027 -0.083631 0.141107 0.235515 -0.162025 -0.055031 -0.030059 0.080909 0.060144 0.095623 0.076972 0.050694 0.004126 -0.107273 -0.050599 0.218161 0.074178 -0.051103 -0.109456 0.019174 -0.066201
0.071070 -0.039013 -0.031302 -0.046014 -0.121431 -0.198459 0.035899 -0.242542 0.281146 -0.125609 -0.009778 0.023853 -0.015993 0.306967 0.107780 0.128805 0.081640 -0.014498 0.249824 0.082686 0.122106 -0.026865 -0.079524 -0.085662 -0.119750 -0.223122 0.054005 -0.192732 -0.078642 -0.102131 -0.058436 0.016419 0.016616 0.020451 0.137578 -0.165977 -0.127310 0.114356 0.035620 -0.065524 0.084463 -0.000641 -0.023597 0.027986 0.058872 0.041280 -0.070913 -0.039086 -0.070485
-0.048975 -0.166137 -0.042133 -0.051297 -0.153934 -0.055550 -0.013281 -0.059399 -0.122357 -0.017134 -0.001818 0.064884 -0.193525 0.000728 -0.088780 -0.015794 -0.051570 -0.040441 0.035515 -0.076269 0.108107 -0.017750 -0.052944 0.026413 -0.180085 0.145637 -0.162492 0.121674 -0.042669 0.091785 0.093701 -0.104566 -0.233130 0.028276 0.202154 -0.168774 -0.153763 0.087331 -0.105074 -0.275530 -0.194836 0.045615 -0.116522 -0.056081 -0.064811 0.064258 -0.101578 -0.055472 -0.016276
-0.009796 0.016921 -0.197036 -0.062930 -0.019056 -0.070970 0.006024 -0.047684 0.030233 -0.153173 0.105812 -0.014577 -0.101392 0.094178 -0.092763 -0.196082 -0.018687 -0.304385 -0.053962 -0.070648 0.000404 -0.092477 0.046885 0.049822 -0.014276 -0.236966 0.181568 -0.003447 -0.147131 0.038554 0.053659 -0.192691 -0.178021 0.111338 -0.014477 0.106785 -0.068669 -0.013079 0.110233 -0.085616 -0.092048 -0.059049 0.062064 -0.189275 0.061370 -0.014453 -0.223833 0.163299 -0.057787
-0.051892 -0.024793 0.062956 -0.004982 -0.060934 -0.048072 -0.346476 -0.208423 0.055640 -0.086462 0.028888 -0.033764 0.070797 0.010080 -0.030538 0.000910 -0.039258 0.088714 -0.114062 0.059595 0.011037 0.078336 -0.041930 -0.085484 -0.131072 -0.041477 -0.043576 -0.068128 0.087475 0.017454 -0.047877 -0.259008 -0.121204 -0.158873 -0.011196 -0.052890 -0.240918 -0.002554 -0.061861 0.147361 -0.043058 -0.030659 0.026738 -0.019647 -0.169827 -0.019291 0.229385 -0.089795 0.054774
-0.117523 0.047171 0.239076 -0.057707 0.027574 0.082778 -0.078178 -0.028357 -0.112678 0.040857 0.100229 0.161432 0.076457 -0.059890 0.002260 -0.117343 0.118203 0.204127 0.175797 -0.160175 -0.029039 -0.047720 -0.154556 0.098756 -0.075951 -0.092556 -0.007395 0.087135 0.132733 0.237590 -0.013807 0.075722 0.215756 0.085922 -0.170852 0.002145 -0.033897 -0.030939 0.011533 -0.035953 0.033081 -0.002094 0.016517 -0.007823 0.120784 -0.067928 -0.069279 -0.022085 -0.188714
-0.104052 0.285758 -0.129670 0.022050 0.003784 -0.020576 0.134315 0.005574 -0.187537 0.015947 -0.013273 -0.064507 0.109691 -0.109374 0.002032 0.019200 -0.039416 0.033174 0.050378 0.210730 0.017032 0.063582 -0.155760 0.067042 -0.043781 -0.172795 0.032269 0.006770 0.023287 -0.030370 0.010069 0.123737 -0.069863 0.024287 -0.015528 -0.033427 0.201921 0.047526 0.020244 0.117602 -0.129162 -0.097362 0.017351 -0.071230 0.004274 0.050567 0.250888 -0.076302 0.036304
0.193262 -0.042160 -0.081531 -0.183952 0.005292 0.116104 0.030959 -0.037848 0.071854 0.031076 -0.017096 0.068574 0.048096 -0.046777 0.062524 0.024567 0.050767 -0.064407 0.039584 -0.003513 -0.072312 -0.050883 0.072143 -0.051101 -0.077386 0.033245 -0.032510 -0.055065 -0.151696 0.063585 -0.095783 0.061394 0.021350 -0.073912 0.121562 0.062863 -0.011968 -0.076517 -0.063102 0.033020 0.063273 -0.000693 0.006629 -0.149878 0.012812 -0.193642 0.001777 -0.016328 0.081781
-0.100084 0.063963 -0.053365 -0.028094 -0.045328 0.164068 -0.111739 -0.228177 -0.058087 -0.168738 0.062439 -0.001046 -0.069582 0.198575 -0.036061 0.020653 -0.089323 -0.085771 0.079248 -0.500410 -0.083607 -0.013656 -0.006424 0.130236 -0.032333 0.122966 -0.050087 0.020983 0.051594 -0.217410 -0.213001 0.009682 -0.401937 0.048111 0.006363 -0.087113 -0.031246 -0.116733 -0.158084 0.049213 0.056586 -0.076280 -0.261515 -0.127662 0.013894 -0.061030 0.016292 -0.138132 -0.001384
-0.178037 -0.073785 -0.009691 -0.124780 0.013752 -0.380135 0.100096 -0.075977 -0.015255 -0.009622 0.170646 0.203356 -0.003401 -0.066614 -0.253258 0.034316 -0.050595 -0.080936 0.129260 -0.031303 -0.034712 -0.185712 -0.146760 0.065228 -0.114296 -0.040638 0.063199 -0.199299 0.141665 0.051403 0.023600 -0.078070 -0.146379 -0.082556 -0.175917 0.162090 0.076632 0.088475 -0.001186 0.128444 -0.068197 0.157960 -0.032080 -0.074287 0.072106 0.034091 0.018595 0.126231 -0.047509
-0.108452 0.222458 -0.096946 -0.008917 -0.008707 0.092222 -0.118804 0.059041 -0.086508 0.028421 -0.121647 0.039449 0.058914 -0.293100 -0.019767 -0.147595 -0.102455 -0.066690 -0.106764 0.090169 -0.199014 -0.051885 -0.042656 0.085446 0.004234 -0.032605 -0.183920 -0.063935 -0.084191 0.034136 -0.084366 -0.077786 0.027443 -0.000490 -0.040033 -0.129119 -0.023800 0.028694 0.033195 0.061980 -0.179789 -0.023189 0.050162 0.052269 -0.184194 0.024230 -0.084689 -0.050722 -0.178556
0.120183 -0.065377 0.153904 -0.001186 0.014743 0.051997 0.137343 -0.026010 0.138726 -0.181672 -0.161420 0.064154 -0.141074 0.078918 0.075056 0.056947 0.036843 0.087399 0.025842 -0.008319 -0.214853 -0.043593 0.067023 0.044130 0.086034 0.055354 -0.003999 0.128828 0.070542 -0.019356 -0.071064 0.036664 -0.141083 0.092433 0.157268 0.028459 0.160985 -0.199107 -0.125619 -0.039107 0.016373 0.066180 0.208970 -0.055927 -0.036661 0.018846 0.007640 -0.007760 0.037674
0.120473 -0.130844 0.080174 -0.012435 -0.055009 0.186891 0.032372 0.032303 0.005129 -0.044467 0.039048 0.076931 0.044936 0.056997 0.012164 0.051567 0.186708 0.043819 0.043604 -0.094107 0.064676 -0.036776 -0.027125 -0.050101 0.070277 -0.014276 -0.158932 -0.026144 0.130528 -0.095978 -0.117824 -0.061768 0.206045 -0.075173 -0.085685 0.104125 0.035603 -0.045989 -0.252394 0.022202 0.097190 0.174081 0.044846 -0.142431 -0.110500 0.278961 -0.256276 -0.114800 -0.106940
-0.200063 -0.000449 -0.004197 -0.096318 0.085073 -0.020268 -0.026015 -0.162164 0.016193 0.105576 0.073143 -0.145879 -0.072666 0.021862 0.163896 0.049343 -0.094254 -0.059462 -0.110533 0.066066 0.138161 0.029326 0.028970 -0.138108 0.080258 0.055357 -0.022081 -0.252189 -0.099430 -0.044394 -0.074418 -0.031127 -0.028052 0.119757 -0.111278 0.113107 -0.160186 -0.097031 0.159758 0.040397 0.038735 -0.101213 -0.151995 0.095108 -0.023112 0.168805 0.085302 -0.003125 -0.090395
0.018727 0.020028 0.106266 0.212239 -0.091849 0.023460 0.112510 -0.150636 -0.151809 -0.030326 0.074651 0.002581 -0.097179 0.050646 0.187696 -0.091868 -0.002234 -0.088146 0.000372 0.065315 0.236085 -0.058651 0.071632 0.209256 -0.098148 -0.203914 0.024341 -0.092728 -0.135329 0.107322 -0.148822 -0.216289 0.026179 -0.192759 0.068430 0.072772 -0.005731 0.139268 -0.120265 0.018337 0.141312 0.008377 0.070815 0.074345 -0.021610 -0.001959 -0.105755 0.202846 -0.047618
-0.132851 0.011029 -0.043812 0.043475 0.002354 -0.053116 -0.002608 -0.208553 -0.049913 0.146394 -0.109357 0.053853 -0.123369 0.041352 -0.076627 -0.111704 -0.178024 0.066583 -0.124404 0.032182 0.267190 0.050789 -0.144186 -0.008809 0.044075 0.071271 -0.135224 0.102955 -0.128374 -0.037911 0.015344 0.118856 -0.063725 0.106970 -0.106993 -0.033790 0.112133 -0.102696 -0.063101 -0.085607 0.130563 0.093481 -0.107469 -0.099731 -0.090483 -0.077084 -0.031329 0.136532 -0.030621
-0.176090 -0.159679 0.161330 -0.035151 0.006870 0.018312 -0.008289 -0.170854 -0.061345 -0.186976 0.057545 -0.051468 -0.187304 0.029455 -0.217285 0.031898 0.028374 -0.155607 -0.182174 -0.054479 0.117404 -0.060982 -0.303584 -0.066513 -0.038665 -0.230871 -0.248313 -0.151441 0.038292 -0.031108 -0.126092 -0.232795 -0.047523 0.042754 0.005468 -0.068760 0.037052 -0.036476 -0.083725 -0.157447 0.038394 -0.127802 0.049427 -0.065423 0.110043 -0.106551 -0.162437 -0.020313 0.001496
0.100992 -0.035432 -0.014262 -0.049512 0.173728 -0.065094 -0.041113 -0.127240 -0.105650 0.071488 -0.221610 -0.240469 -0.000840 0.070616 -0.138836 0.041469 0.067303 0.121022 -0.046913 -0.077170 -0.071381 0.073021 -0.129879 -0.138773 -0.041475 -0.136058 0.013322 -0.026955 0.047821 -0.035606 -0.249443 -0.315020 -0.123430 -0.019506 -0.068289 -0.088675 -0.213372 -0.092157 -0.019330 -0.119346 -0.092449 -0.021607 -0.182256 -0.140992 0.131416 0.048613 0.022944 -0.318929 -0.021217
-0.072389 0.090801 0.000729 0.163231 -0.085866 -0.142009 -0.010428 -0.311452 -0.250254 -0.114584 0.012743 -0.088575 0.121847 0.124691 0.080446 0.025651 0.057335 -0.173932 0.134801 -0.095169 0.061371 -0.018238 -0.141317 0.020202 0.029505 0.029434 -0.012943 -0.098551 0.195338 0.034272 -0.046375 -0.166149 -0.066188 0.077707 -0.044189 0.054836 -0.050134 -0.049008 -0.186052 0.028431 -0.002600 0.037120 0.040187 -0.080446 -0.109783 -0.062193 -0.004074 -0.088247 0.077838
-0.064533 0.078624 -0.028139 0.004138 -0.024725 0.119947 -0.257639 -0.227691 -0.060140 -0.140270 -0.039233 0.022025 0.043873 0.174898 -0.060255 0.188888 0.140461 -0.014286 -0.059280 -0.043863 -0.153864 0.008044 -0.136779 -0.037323 -0.139757 -0.103544 0.069986 -0.088797 -0.115247 0.104457 -0.194197 0.125515 -0.151173 0.096360 -0.019778 -0.074122 -0.004062 -0.110981 0.064300 -0.229363 -0.128690 -0.110753 0.009784 0.071582 0.047192 0.118417 -0.168315 -0.025989 0.013405
-0.050167 -0.191124 -0.014530 -0.017738 -0.050245 -0.064442 0.028263 -0.257928 -0.021732 -0.243308 -0.112832 -0.090370 0.159519 -0.090762 0.005532 -0.111244 -0.154283 0.035038 -0.033160 0.171733 -0.068396 -0.264010 -0.093346 -0.157610 -0.027548 0.119430 -0.041259 -0.193529 0.158412 0.036131 -0.087008 -0.173798 -0.024254 -0.214457 -0.147223 -0.054899 -0.163015 -0.121892 -0.042287 -0.036764 -0.018409 -0.228469 -0.051224 -0.039174 -0.007148 -0.108810 0.019043 0.117001 0.200676
-0.102585 0.129958 -0.078946 -0.020494 0.161316 -0.054300 0.220945 0.038710 -0.066962 -0.002932 0.181408 0.033278 0.077119 -0.148780 0.073468 0.100089 0.066018 -0.156084 -0.128410 -0.023581 -0.065171 -0.110456 -0.187744 0.117729 -0.290688 -0.056443 -0.133323 -0.034601 0.064118 -0.031665 0.040945 0.014564 0.078861 0.047264 0.018001 -0.089783 -0.244485 0.148034 0.200636 0.011208 -0.186466 0.177846 -0.203735 0.276436 -0.055619 0.061321 -0.103127 -0.055929 -0.176048
-0.117847 0.126052 -0.000534 -0.174940 -0.161907 -0.006299 -0.129024 0.142206 -0.126723 -0.023110 -0.076657 0.129585 0.167502 0.058370 0.035848 -0.137429 -0.029824 -0.154196 -0.002880 -0.026666 0.051138 0.180841 0.086449 -0.052568 0.042333 -0.000239 0.019588 0.034492 0.207745 -0.118183 0.026866 -0.109050 -0.008403 0.138448 -0.001122 0.025425 0.076809 -0.009305 0.050223 0.140896 0.175870 -0.187035 -0.030065 -0.080472 0.037642 0.209767 0.143656 0.130233 0.249959
0.117181 -0.035439 -0.006018 -0.085116 0.068525 0.115258 -0.131302 -0.056100 -0.066334 -0.087325 0.140790 0.057947 -0.133819 0.219600 -0.149581 -0.142430 -0.043261 -0.061475 0.044642 -0.082148 -0.137953 0.129612 0.075040 -0.036963 0.010328 -0.102493 0.033914 -0.082889 0.137989 0.070353 0.010837 -0.115997 0.228392 -0.103166 -0.004687 -0.071494 -0.040199 0.095617 0.043932 -0.025663 0.029871 -0.085138 0.150283 -0.124194 -0.095944 -0.056987 -0.008633 -0.032428 0.106142
0.049606 -0.101705 -0.002640 -0.079619 -0.137034 -0.097444 0.203169 -0.132004 0.188692 -0.049771 0.075282 -0.101758 -0.028166 -0.079844 -0.371838 0.120195 0.062631 -0.078561 -0.000194 -0.056203 -0.065111 -0.151630 0.145556 -0.085409 -0.277530 0.140816 0.068559 -0.008559 0.101701 0.033088 0.016462 -0.140386 0.068495 0.175373 0.023647 0.054918 0.129753 -0.021918 0.128313 -0.123370 0.147890 -0.058474 -0.073085 0.105129 0.101138 -0.114368 -0.053841 0.037861 0.099572
0.180751 0.076131 0.015734 -0.015387 0.079174 0.103110 0.098666 0.124789 -0.097742 -0.112876 -0.048867 0.025224 -0.013978 -0.069408 -0.069827 -0.029555 -0.002436 0.011931 0.083712 0.002495 -0.206202 -0.245026 0.010350 0.018686 0.013042 0.130957 -0.016595 -0.045486 0.116528 -0.273185 0.028634 -0.135696 0.222369 0.031009 -0.055030 0.200110 0.037031 -0.048675 0.075187 -0.021573 0.200978 0.105376 0.093233 0.045435 -0.145856 -0.090919 -0.062970 0.072113 0.094771
0.006194 -0.077875 0.020369 0.019567 0.190582 0.051911 0.046544 0.152939 -0.116377 -0.002795 0.014411 0.052418 0.075449 -0.099643 0.021533 -0.025392 -0.043851 -0.066441 0.030929 -0.151721 0.076333 0.037497 -0.094402 0.096080 -0.018592 0.080663 0.037551 0.071730 0.035523 0.151804 0.069761 0.024275 -0.060780 0.152433 -0.111139 0.240724 -0.116732 0.091134 0.073681 -0.077291 0.063953 -0.070611 0.115752 -0.123075 -0.172385 0.182218 0.098533 -0.049107 -0.058598
0.046454 0.067980 0.108089 0.128935 0.016200 0.235281 0.162379 -0.015293 -0.086048 -0.008184 0.045082 -0.087901 -0.035056 0.089195 0.112532 0.103279 0.029696 -0.139346 -0.031851 0.125335 0.073309 0.045124 -0.028600 -0.007603 0.120501 -0.308457 0.158266 -0.147721 0.075461 -0.084475 0.140896 -0.056815 -0.019080 -0.015466 0.060889 -0.059006 -0.080019 0.055695 0.056924 -0.028070 -0.206743 -0.083321 0.068834 0.061314 0.064516 0.024074 -0.074082 -0.136983 0.009363
-0.065358 -0.094899 -0.129506 0.026053 -0.044721 0.012389 -0.203468 -0.135652 0.034901 -0.240464 0.011599 0.052619 -0.120128 -0.167874 -0.095668 0.061405 0.178652 -0.144296 -0.157607 -0.190862 -0.036982 -0.032998 -0.304417 -0.310011 0.094576 -0.141388 -0.206295 0.069389 -0.133937 -0.095222 -0.135286 -0.294780 -0.120731 0.228872 0.144614 -0.019836 -0.071924 0.182876 -0.069439 -0.168630 -0.026881 0.017910 -0.213303 0.130395 -0.033910 -0.192883 0.144314 0.093991 -0.065867
0.047338 -0.101614 0.004416 0.039476 0.025379 0.001828 -0.121932 -0.061758 -0.156513 0.036824 -0.016559 0.008820 0.118843 -0.028024 -0.068465 0.100878 -0.158698 -0.133718 -0.098676 -0.061602 0.003352 0.013270 0.071380 -0.151164 -0.047577 0.000400 0.004293 0.044841 -0.075117 -0.066301 0.029549 -0.038923 -0.000954 -0.041249 0.023768 0.029160 -0.038094 -0.016670 0.103557 -0.231593 0.011572 -0.100922 -0.011495 -0.034621 -0.014111 -0.035326 -0.141238 -0.147387 -0.021841
-0.038767 -0.078607 0.139714 0.035369 -0.018760 0.119924 0.092999 -0.064421 -0.110544 0.004736 0.092986 -0.059023 -0.072883 0.003163 0.028010 0.017290 0.154504 0.034797 -0.023457 0.115491 -0.135730 0.202516 -0.188303 -0.041325 -0.012427 0.048228 -0.068362 0.179826 -0.096844 -0.113362 -0.100943 -0.022809 0.162242 -0.512660 0.040041 -0.147491 -0.062895 -0.092685 -0.188477 0.068952 -0.042791 0.029559 -0.131802 -0.121859 -0.051423 -0.132300 0.000135 0.111019 0.072476
-0.027917 -0.087671 -0.097977 0.033075 0.008671 -0.228000 -0.029396 0.005194 0.076644 0.200601 -0.113051 -0.033122 -0.104007 0.115359 0.105463 0.158368 -0.071930 -0.131074 -0.147424 0.015053 0.048745 -0.045467 -0.131407 0.011863 -0.144268 -0.073003 -0.033199 -0.006293 -0.088174 0.036050 -0.037325 0.083847 0.117606 0.066910 0.008274 0.251253 0.098289 -0.022240 0.046660 -0.012300 -0.066642 -0.115833 -0.229745 -0.076343 0.124151 0.006646 -0.125999 -0.047848 -0.096054
-0.005153 0.114619 0.077732 0.019629 0.019605 0.009311 0.187844 0.204188 0.059673 0.269871 0.077574 0.018226 0.107025 0.016435 0.080068 -0.048749 -0.067959 -0.017246 0.037553 -0.124096 -0.134376 -0.017311 0.018745 -0.007801 0.109716 -0.003711 0.079299 -0.014738 0.027920 0.102582 -0.190984 -0.146605 -0.120914 -0.015244 0.001820 -0.109081 -0.030511 0.045569 0.110779 0.040542 -0.043992 0.084069 0.110808 -0.016803 0.072490 0.030768 -0.034748 -0.140417 0.218987
-0.021317 -0.024732 -0.063557 -0.129910 0.074380 0.126007 0.112307 -0.069494 -0.002939 -0.132748 -0.058671 0.093381 0.014689 0.215203 0.055879 0.221663 -0.092643 0.058875 0.139919 -0.052314 -0.030038 -0.063551 0.139580 -0.001677 0.025351 -0.055215 0.068653 -0.073147 -0.140821 -0.075814 -0.186313 0.011886 0.083709 0.200235 -0.153495 -0.157220 -0.000611 0.089480 -0.197150 -0.198429 -0.024828 -0.174924 -0.225942 -0.231499 -0.018825 -0.009027 -0.156623 -0.116156 0.129966
0.054457 -0.096702 0.094246 -0.078873 -0.090713 -0.043591 -0.133583 -0.061842 -0.014937 0.088941 0.076608 -0.018270 0.067404 -0.161393 -0.154214 0.014488 -0.055494 -0.018593 -0.059188 0.142464 -0.123884 -0.113950 0.073897 0.078017 0.033659 -0.009655 -0.002035 -0.102390 -0.193608 0.045354 -0.186178 -0.053705 0.037827 0.030682 -0.049639 -0.085203 0.101055 0.140105 0.018030 0.059674 -0.119802 -0.065411 0.111950 -0.050140 0.093323 -0.017513 0.046659 -0.051013 0.152318
-0.107797 0.054674 -0.030639 0.080872 0.030645 -0.376533 0.023998 -0.057934 -0.033982 -0.054144 -0.036239 0.132419 0.014105 -0.122558 0.161203 0.054385 -0.098776 0.049408 -0.033559 -0.115796 -0.051787 -0.127118 0.188083 -0.024264 0.014303 0.009016 -0.084936 0.033774 -0.017138 0.081996 -0.073268 -0.083104 0.143640 -0.206022 -0.059992 0.062216 0.126133 -0.056129 0.086567 0.142521 0.031069 0.124197 -0.033970 -0.072471 0.071762 -0.098973 0.064766 -0.038638 -0.141030
-0.135023 -0.082159 0.044109 -0.054517 0.034084 0.055485 -0.065598 -0.045695 -0.137582 0.025033 0.072318 0.097269 0.068996 -0.162677 -0.129789 0.092211 -0.039917 -0.048956 0.143841 -0.094307 -0.112495 0.004458 -0.127305 -0.108834 0.002196 -0.057923 -0.146881 -0.033429 -0.038241 -0.030722 0.131983 0.032068 -0.144359 0.053740 -0.184861 -0.085803 0.009612 -0.148858 -0.094891 0.027642 0.061697 -0.085503 0.065877 -0.021184 -0.068102 0.036424 0.003866 0.130513 0.052519
0.030333 -0.082412 -0.142223 -0.131879 0.058975 0.171294 0.149157 0.068974 -0.199427 0.045520 0.027556 0.080432 0.088749 0.144226 -0.191582 0.033886 0.130512 0.111231 -0.097374 -0.002316 0.115607 0.076414 0.090095 -0.144842 -0.111407 0.096154 0.003773 -0.059555 0.028641 -0.140810 -0.142177 -0.073678 -0.115405 0.027700 -0.052977 -0.122906 0.081145 -0.040274 0.047834 -0.110085 -0.261029 0.144667 -0.003702 -0.104770 0.097194 0.003928 -0.102619 -0.020609 0.214372
-0.010053 -0.187067 -0.008373 0.185963 -0.176010 -0.029931 0.083207 0.077853 -0.007449 -0.032997 0.046007 0.066488 0.062500 0.093979 -0.044865 -0.124621 -0.221299 -0.083898 -0.033175 -0.031591 0.085860 0.151772 -0.108845 0.158081 -0.067785 -0.056557 -0.089308 0.109829 0.106644 0.002244 -0.032619 -0.200063 -0.123653 -0.014810 -0.006848 0.106144 0.103698 -0.054077 -0.041111 -0.050020 -0.031743 0.124280 0.029969 0.131204 -0.063956 -0.029038 -0.107224 -0.177138 0.059671
-0.060240 -0.115760 -0.077123 0.029650 -0.086498 0.035688 -0.219116 -0.163534 -0.001224 -0.206905 0.026789 0.003935 -0.046647 0.071922 -0.055756 0.009842 0.076668 -0.067885 0.020165 0.146016 -0.150789 -0.070782 -0.098492 0.077616 0.174341 -0.019504 -0.190723 -0.071335 -0.042394 -0.016731 0.092034 0.099632 0.026840 0.064392 -0.081721 0.060496 0.047918 0.081210 -0.020611 0.098207 -0.205109 0.003905 -0.230439 -0.013625 -0.136884 0.021022 -0.093770 0.004296 -0.119196
-0.021603 0.130078 -0.088428 -0.069397 -0.000728 -0.299168 -0.055236 -0.004530 0.097436 -0.063691 0.134902 0.191075 0.134203 0.171361 0.155029 0.084748 0.035880 -0.012746 -0.071675 0.272722 -0.042299 -0.150915 -0.105548 0.214900 -0.005131 -0.000396 0.069980 0.023113 -0.088556 -0.004517 0.093915 0.050876 -0.146732 -0.173637 -0.216512 -0.023477 0.027670 -0.068794 -0.021276 0.099865 0.083956 -0.181007 0.011612 -0.041155 -0.160536 -0.071743 0.042980 0.136583 0.018639
-0.139966 0.004468 0.018261 -0.039643 0.087143 -0.028190 -0.006422 0.026912 0.040827 -0.002121 0.088025 0.005834 -0.118438 0.126370 -0.069952 0.003352 0.054869 -0.057376 -0.096070 -0.023107 -0.178494 -0.069472 -0.058780 0.038793 -0.072702 0.013405 -0.105662 0.196553 -0.058093 -0.320613 0.106192 0.048712 0.158347 0.042188 0.158894 0.092815 -0.055165 -0.052093 0.080333 -0.030627 0.174363 0.016742 0.143045 -0.036938 -0.100524 -0.053784 -0.032032 0.099309 0.157110
0.054064 -0.064684 -0.238549 0.033067 0.192267 0.034507 -0.037466 -0.165489 -0.038172 -0.111812 -0.026732 -0.055821 0.060927 0.030427 -0.092188 0.064752 -0.075666 0.046932 0.180274 -0.232332 -0.028543 -0.122287 -0.105465 -0.053210 -0.047113 -0.018593 -0.075003 -0.078435 -0.045750 -0.110111 -0.067351 -0.068856 0.144098 -0.025839 -0.038141 0.201557 -0.086205 -0.083314 -0.136143 -0.080072 0.076605 -0.109683 -0.024745 0.072438 0.112776 -0.007711 -0.259103 -0.164494 0.040442
-0.060597 -0.015524 0.054595 -0.090039 0.039669 -0.044070 -0.057855 -0.003345 -0.003930 0.049119 0.030846 -0.203113 -0.083588 -0.174742 -0.093303 -0.116748 -0.008450 0.030080 -0.060378 -0.127792 -0.093849 -0.249059 -0.130784 -0.155691 0.080032 -0.184581 -0.010535 0.021467 0.122448 -0.171404 0.027106 -0.038096 0.076062 0.046559 -0.057420 0.015832 0.105061 -0.018650 -0.044880 -0.123542 0.068533 0.098839 -0.025069 -0.161579 -0.036550 0.107263 0.050067 -0.038211 -0.150669
-0.214476 -0.033574 -0.071826 -0.029692 -0.086955 -0.046951 -0.297224 0.150397 -0.235198 0.027592 0.124567 -0.047246 -0.042050 0.061722 -0.050658 -0.205445 -0.129764 0.065288 -0.084079 -0.142025 0.063729 0.034999 0.011316 -0.083536 -0.031956 -0.039009 0.135327 -0.095875 -0.124023 -0.020127 0.138792 -0.169443 -0.106292 -0.029192 -0.113362 0.015861 -0.073298 -0.029630 -0.053446 -0.104811 0.018976 0.037829 0.015157 0.031757 0.089298 -0.009659 -0.125431 -0.102802 -0.013600
-0.141314 0.022452 -0.056629 0.222745 -0.025686 0.126243 -0.155651 -0.067367 -0.013834 0.072355 -0.016397 -0.022452 -0.013479 -0.307025 0.131170 -0.177232 0.162198 -0.104972 -0.046076 0.149127 -0.183529 0.015144 -0.018737 0.001991 -0.098927 -0.025542 0.054905 0.208492 0.103622 0.070946 -0.168833 0.150659 -0.006025 0.061113 -0.124228 -0.141367 0.107299 0.105779 0.088920 0.056751 -0.084609 0.053129 0.074809 0.058844 -0.090350 -0.173723 -0.092911 0.027479 -0.037956
-0.191491 -0.305682 -0.131647 -0.127299 0.053643 0.083274 -0.021723 -0.064371 -0.192380 -0.003896 0.104533 -0.153039 -0.020010 -0.227835 0.027921 0.085133 -0.120562 -0.173933 -0.054099 -0.142583 0.186041 0.029361 -0.179965 0.086291 0.082184 -0.024329 -0.001325 0.100223 0.033183 -0.059590 -0.137319 -0.069347 0.119508 0.058441 -0.118035 -0.249606 0.133766 0.125231 0.004764 -0.280908 0.169922 -0.183633 -0.124606 -0.085978 0.039404 -0.124246 0.069260 -0.045025 -0.232160
0.074738 0.123484 0.107541 0.061679 -0.258518 0.038548 0.059398 -0.104812 0.081128 -0.164701 0.123073 -0.184596 0.025243 0.050791 -0.151396 0.138132 -0.108636 0.053499 -0.125115 0.044802 -0.105398 -0.157247 0.133457 -0.069190 -0.028591 0.097787 -0.057364 -0.053160 0.053533 -0.071294 -0.030131 0.121639 -0.141600 0.073748 0.021767 -0.065029 0.011239 0.033742 0.028365 0.017554 0.233607 -0.013654 -0.167193 0.047451 0.147555 0.098405 -0.059655 0.015845 0.129576
-0.194416 0.051463 0.174803 0.104850 -0.016213 -0.092742 -0.137740 0.072187 0.116774 -0.127573 0.100634 -0.072590 -0.133320 0.087665 -0.036149 -0.011392 -0.247829 0.069218 -0.169350 -0.026018 -0.009175 -0.198011 0.041474 -0.081930 0.069901 -0.060967 -0.115687 0.030308 -0.149788 -0.005903 -0.009534 -0.000281 0.042791 -0.006672 0.027912 0.009536 0.041582 0.117028 0.097805 -0.051039 -0.075453 -0.004786 -0.095705 0.028565 0.092882 -0.128208 -0.000131 0.183799 -0.209400
-0.046859 0.011166 0.204950 -0.005752 -0.137589 0.025511 -0.010119 0.077401 0.026155 0.025884 0.212844 0.032311 0.071518 0.094611 0.008069 0.044720 0.085512 0.059511 -0.109030 0.161006 0.205152 0.022071 -0.036194 0.184215 0.009379 0.025335 -0.119120 -0.241658 -0.083812 -0.083213 0.173150 -0.239318 0.015013 0.233266 -0.174028 -0.048541 -0.140620 -0.147814 -0.028937 -0.089447 -0.171883 -0.017086 -0.081182 -0.189076 0.120648 -0.169540 0.163065 -0.059147 0.092670
