-0.227739 0.026999 -0.171693 -0.128567 0.369677 -0.105645 0.034445 0.027649 -0.078724 0.241664
0.273146 -0.098460 -0.123593 -0.036264 0.107114 0.135027 -0.189785 -0.000088 -0.014271 -0.053365
-0.202381 0.057028 -0.183511 -0.214106 -0.040455 0.045535 0.325922 0.046421 -0.242891 -0.311460
-0.002490 -0.000592 -0.001698 -0.000045 -0.001080 -0.002341 0.551587 -0.000011 -0.002108 0.000690
0.012043 0.244408 0.281375 -0.135965 -0.285934 -0.317120 0.487709 -0.107080 0.187743 -0.064362
0.170277 -0.350440 0.316573 0.005260 0.115469 -0.311923 0.108173 -0.094165 -0.272633 0.511610
-0.266425 0.066756 0.229047 0.126624 -0.291544 -0.101821 -0.173963 -0.386968 0.233284 -0.016968
-0.050584 0.101843 0.009977 -0.083084 0.097782 0.183717 -0.327408 -0.351718 -0.194533 0.052769
-0.000018 -0.000304 0.000348 -0.002052 -0.003201 -0.001918 0.000341 -0.006000 -0.001447 0.667551
0.478686 0.058278 0.203108 -0.055025 -0.266476 -0.010783 -0.449130 -0.009352 -0.129170 0.247590
0.087540 -0.334105 0.266276 0.119083 -0.404275 -0.226090 0.259742 0.169944 0.168978 0.242409
-0.011388 0.270628 -0.043637 0.092070 -0.078530 -0.017827 -0.020138 0.253761 -0.091054 -0.126553
0.000365 0.000463 -0.001477 0.000825 0.700570 0.001039 -0.002213 0.003349 0.000149 -0.413965
-0.114447 0.568495 0.057681 0.098811 -0.277982 -0.208666 -0.330993 0.109389 -0.081646 0.235530
0.308338 -0.265183 0.628023 0.227623 -0.188645 0.253462 0.068775 0.245869 -0.004212 -0.007041
-0.335678 -0.023082 -0.329063 0.026336 0.573825 -0.341189 0.008621 -0.045989 0.085313 0.105596
-0.000785 -0.000294 -0.002109 -0.001512 -0.000837 -0.001015 -0.000007 0.706777 -0.000469 -0.006649
-0.017391 -0.117671 0.070886 0.002276 -0.030642 -0.380834 0.034845 0.334305 0.150464 -0.243805
0.170311 0.041606 -0.023133 0.243690 -0.019146 -0.077008 -0.259020 -0.184829 0.268328 -0.036154
0.098537 0.241766 -0.131608 0.310849 -0.195596 -0.310253 -0.109679 0.045570 -0.229069 -0.085726
-0.002641 -0.000559 -0.001390 -0.004110 -0.001507 0.564219 0.000238 -0.001964 -0.002879 -0.002972
0.041071 -0.075678 -0.021538 -0.024215 -0.385936 0.239606 0.012972 -0.134444 0.072255 -0.088807
0.523101 0.000094 -0.001294 -0.000104 0.000287 -0.000444 -0.001491 -0.000216 -0.000436 -0.000439
0.101262 0.062388 0.207970 -0.017305 -0.238898 -0.109556 -0.443087 0.002681 0.016154 0.069916
-0.001059 -0.305451 0.034027 -0.063357 0.110950 0.023346 0.557997 -0.373355 0.040885 -0.268325
-0.106979 0.026851 0.076741 0.111385 -0.245238 0.028374 0.084404 0.028304 -0.097240 -0.010389
0.253286 -0.079619 0.043900 0.092326 0.289269 0.145881 0.060198 -0.032774 0.202408 0.208032
-0.001773 -0.001857 -0.005180 -0.007068 -0.001158 -0.007166 -0.002768 -0.000033 0.918237 -0.006608
0.062878 -0.104921 -0.112037 -0.092700 -0.344603 -0.271178 0.075989 -0.236965 -0.275793 -0.014077
-0.353808 -0.146164 0.155743 -0.268786 0.070423 0.213334 -0.138989 0.353963 -0.114887 -0.504960
0.042700 0.272404 0.161792 -0.133086 -0.007637 0.052967 -0.195651 -0.019307 0.070753 0.065005
0.337112 0.002354 -0.340457 -0.087026 0.053871 0.226065 0.208887 0.165943 -0.159679 -0.599648
-0.043783 -0.285266 -0.054293 -0.243711 -0.368661 0.088871 -0.174491 0.180689 0.076144 0.236590
-0.116185 0.056159 -0.431529 0.123036 0.129455 -0.128830 0.098503 -0.128795 0.358157 0.274478
-0.397177 -0.135449 -0.078183 0.131708 -0.407803 -0.074733 0.031928 -0.251573 0.076385 0.033724
-0.057855 0.031903 -0.204211 -0.191602 0.066010 -0.296176 0.287631 -0.285233 -0.000493 -0.198318
-0.001164 0.000234 0.569383 -0.001323 -0.000268 0.000032 -0.002692 -0.001170 -0.001757 -0.000382
-0.084597 0.052043 0.100157 -0.198422 0.008037 -0.103454 0.198218 0.131499 0.222897 -0.096251
0.000048 0.740369 -0.002482 -0.001421 0.000371 -0.000259 0.000235 -0.001014 -0.002712 -0.000872
-0.185285 -0.603266 -0.213192 -0.092935 0.224407 0.119712 0.179866 0.072970 0.087256 -0.187745
-0.003545 -0.000456 -0.000385 -0.016956 0.000345 0.702590 -0.006840 0.000398 -0.005211 -0.003534
-0.151950 0.171598 -0.276857 0.030210 -0.090736 0.352354 -0.314954 0.103621 0.208141 0.048633
0.307724 -0.307949 -0.073305 0.189404 0.062260 0.013013 -0.201513 -0.028584 -0.039169 -0.098146
-0.142717 -0.009216 0.173158 -0.126674 0.150616 -0.062381 -0.052493 0.071586 -0.040552 -0.046444
-0.112597 0.207648 0.014300 -0.287921 0.104959 -0.137938 0.111184 0.024590 0.067664 0.037848
0.002191 -0.006349 -0.015551 0.464643 0.000410 0.003581 0.000487 -0.022193 -0.026990 -0.025167
-0.001831 0.000069 -0.003783 0.738605 -0.000033 -0.003809 -0.000370 -0.000096 -0.001949 0.000781
-0.285619 -0.300292 0.036844 -0.231437 -0.007282 -0.128771 0.031100 -0.161927 0.202026 0.154911
0.049352 -0.237959 -0.158729 -0.167849 -0.145026 0.046670 0.155643 -0.262240 -0.236341 0.266345
