0.067377 0.183681 -0.096143 -0.371165
-0.253403 0.214213 0.151254 -0.165809
0.134214 -0.008976 0.374174 0.247736
0.069501 -0.699951 0.136049 0.054169
-0.016245 0.043448 -0.570028 0.149163
-0.177204 -0.125046 0.160272 -0.192947
-0.053943 -0.146281 -0.365410 0.134739
-0.060832 -0.412527 0.623535 -0.099854
-0.152139 0.447169 0.191313 -0.375721
-0.282678 0.045793 0.311222 0.591958
-0.341480 -0.089108 0.054227 -0.397867
-0.438988 0.284055 0.189806 -0.138544
-0.318417 0.108349 0.055431 -0.010789
-0.518793 0.200786 0.314361 -0.165718
0.014828 0.306293 0.124614 -0.451659
0.194731 0.230255 0.054009 -0.329656
0.042170 0.223421 0.163705 0.075334
0.342462 0.089948 -0.174974 0.160611
0.218704 0.269419 -0.439397 0.257989
-0.080835 0.159227 -0.828486 -0.105703
0.270935 0.259709 0.393412 0.133326
0.030075 -0.100625 -0.548201 0.061650
0.107719 0.114424 0.207902 -0.306193
0.329650 0.062467 -0.259089 -0.318697
-0.210692 -0.141246 -0.275617 -0.281432
0.004070 -0.074139 0.143446 0.056568
-0.149209 0.100456 -0.064469 -0.393223
-0.414862 0.253005 0.187633 -0.016107
