0.422929 0.219720 0.197190 0.332671
-0.000241 0.325546 0.133527 0.014744
-0.514381 0.135083 0.048553 -0.256716
0.257212 0.140532 -0.561242 0.140867
0.218986 0.066628 0.123366 -0.061249
-0.003606 0.166976 0.023496 0.207132
0.481297 0.015232 -0.347591 -0.005610
-0.089600 0.070106 0.054732 0.164464
0.131131 -0.198480 -0.317322 -0.180233
-0.069499 0.229137 -0.079133 0.212625
0.137559 -0.158422 -0.079374 -0.122431
-0.362665 0.067519 -0.140480 0.126443
-0.160274 0.036921 0.094465 -0.004946
-0.354719 0.030949 0.113649 0.069383
0.067962 0.224364 0.295297 0.189497
-0.187119 0.148772 0.062937 0.436520
-0.308709 0.020294 -0.065714 0.051319
0.061370 0.287196 -0.060023 0.162300
-0.062595 0.023385 -0.240386 -0.255052
0.142702 0.398741 -0.126588 0.617220
-0.181441 0.222541 -0.168586 0.156353
-0.355817 0.178421 -0.127529 -0.235806
-0.001002 0.428403 -0.273575 -0.493323
0.238153 0.066035 -0.094586 -0.453816
-0.241295 0.257903 -0.021268 0.333241
0.252743 0.299839 -0.204568 -0.258208
-0.093738 0.173279 -0.293579 0.274820
-0.477871 0.129326 0.123655 -0.118365
