0.278844 0.085682 -0.021624 -0.256699
0.650643 -0.164884 -0.309513 -0.064167
-0.326432 -0.144223 -0.272062 -0.673570
-0.068394 -0.176844 0.316078 0.025658
-0.058018 0.084497 0.208134 -0.275837
0.207410 -0.241734 0.143256 -0.039855
0.371584 -0.074335 -0.146618 -0.372086
0.294059 0.117155 0.239530 0.245059
0.082070 -0.198370 0.006313 0.000658
-0.425014 -0.314256 0.249431 0.249522
-0.191277 0.042694 -0.623756 0.237890
-0.027103 -0.315742 -0.648014 0.172068
-0.515514 -0.035543 -0.270598 0.074686
0.202506 -0.485391 0.461146 0.416949
-0.091333 -0.169149 -0.118215 -0.218342
-0.018733 -0.069424 -0.205375 0.273336
-0.057870 -0.174085 -0.148560 0.143603
0.108108 0.099962 -0.169824 -0.025684
-0.102582 0.256204 0.112598 0.307394
0.072819 0.272293 -0.182233 0.261755
0.092261 0.098845 -0.133126 0.027080
0.124116 0.516773 0.368683 0.417530
-0.007747 0.008653 -0.440616 0.066275
0.234699 0.424275 0.224756 0.071919
-0.150955 0.133698 -0.093659 0.138053
0.492968 -0.136169 0.436165 -0.104748
-0.587971 0.035209 -0.288060 -0.224924
0.073170 0.229615 0.121909 0.334750
