-0.211632 -0.029962 -0.282975 -0.118101
-0.233431 0.034106 -0.445885 0.491730
-0.077003 -0.093352 -0.354583 -0.064261
-0.012933 0.124628 -0.044268 0.118472
-0.532414 -0.348306 -0.067964 -0.177510
-0.321227 -0.102852 -0.483673 -0.252413
0.097330 -0.262342 0.085388 -0.189255
0.044746 0.276896 0.254580 -0.215328
0.103771 0.000466 0.030950 -0.170670
0.119865 0.055629 -0.589110 0.296789
0.114029 0.086198 -0.320533 -0.284481
-0.366341 0.167492 -0.169795 0.194122
-0.013843 0.181296 0.361833 0.001588
-0.254976 -0.341490 0.280716 -0.419159
-0.219324 0.131541 0.028262 -0.236129
0.022526 0.055781 -0.199836 0.525106
-0.040928 0.155833 -0.173599 0.143612
0.584518 -0.145149 -0.362214 -0.435483
-0.096476 -0.222465 -0.246798 0.001049
-0.227852 -0.221166 -0.242972 0.022548
0.175972 -0.423308 -0.230491 -0.139743
-0.528710 0.232911 0.221503 0.429646
0.533078 0.377760 -0.090453 0.054710
-0.317400 0.063683 0.214841 -0.217490
0.028917 0.034757 0.177992 0.087083
0.227581 0.784251 -0.170549 0.052710
0.335307 -0.125838 0.251141 0.171201
0.252258 -0.082170 0.043992 0.062150
