-0.000158 0.004515 0.000842 -0.001012 -0.000424 0.001756 0.001344 0.002123 0.011429 0.000822 -0.000570 -0.000092 -0.005937 0.001028 0.001366 0.014451 -0.000540 0.000228 0.004408 -0.001316 0.001914 0.001571 -0.004596 0.001275 -0.000156 0.018866 0.000851 0.000684 0.005010 -0.006847 0.000039 0.013198 0.000315 0.001875 0.007690 -0.000231 0.000274 0.000319 -0.000206 -0.009229 0.002208 0.000844 -0.001251 0.013807 0.000655 1.114374 -0.010464
-0.026699 0.265477 0.072650 -0.049776 0.154834 -0.015582 -0.160580 0.104217 -0.106260 0.045907 0.008013 -0.022314 0.111072 0.033661 0.217075 -0.048656 0.164680 -0.099233 0.123146 -0.133306 -0.073047 -0.015521 0.027562 0.119436 -0.066312 -0.084152 0.009718 0.003247 -0.011292 -0.080466 -0.110025 -0.121808 0.042134 -0.072810 0.054441 -0.118682 -0.105217 0.086199 -0.292265 0.045614 0.030406 -0.003569 -0.077361 0.009087 -0.119710 -0.083266 -0.034971
-0.025512 0.134415 -0.002318 0.004776 -0.188279 -0.060318 0.131455 0.015112 0.061807 0.066149 -0.236785 -0.032883 0.208487 0.017292 0.029860 0.114521 0.202641 -0.110210 -0.113687 -0.017109 0.021563 0.022799 -0.047218 -0.044519 0.144056 -0.043625 0.066028 -0.229654 0.275084 -0.030977 -0.192898 -0.098432 0.081131 0.117816 -0.128281 0.184706 0.163053 -0.025322 -0.011103 0.062872 -0.120108 -0.158660 -0.098561 -0.314031 0.042870 -0.200536 0.116035
-0.000150 -0.000935 -0.003362 -0.002123 -0.000476 0.000188 0.000099 1.108826 0.000999 -0.009414 -0.000034 -0.000012 0.000016 0.000519 -0.000018 0.000588 -0.000022 -0.000055 0.000542 0.001400 0.000082 0.000187 0.000055 -0.000013 -0.000152 0.004841 -0.000013 -0.000077 0.000255 0.001499 0.000050 0.000209 -0.000027 0.000190 0.005199 0.000547 -0.000157 0.000051 -0.000028 -0.000016 0.000016 0.000152 -0.000103 0.001761 -0.000606 0.000625 0.001025
0.087975 -0.030532 -0.001996 -0.108401 0.040039 0.116329 0.076742 0.032801 -0.165799 -0.183627 -0.066848 0.177851 -0.159292 -0.021236 -0.163272 0.238743 -0.049357 0.109598 0.104896 -0.146559 0.209488 0.032717 -0.022768 -0.204263 -0.090940 0.014213 -0.176584 -0.249030 0.015759 -0.021983 0.183098 -0.014938 -0.036473 0.174015 -0.154420 -0.041404 -0.079855 0.058891 -0.074296 -0.139110 -0.083648 0.031469 -0.092364 -0.094007 -0.040852 0.014007 0.153023
0.038450 0.144212 0.081297 -0.236658 0.060149 -0.007303 -0.041550 -0.074088 -0.253947 -0.003118 -0.054948 -0.304976 -0.063177 0.049895 0.097505 0.146287 -0.508973 0.118285 0.093576 0.037257 0.004545 -0.088570 0.011568 -0.073551 0.073808 0.378149 -0.090042 0.102090 -0.101405 -0.017122 0.028843 -0.223073 -0.032352 -0.074966 -0.067527 -0.041032 -0.079406 -0.051891 0.018105 -0.101457 0.104911 0.253416 -0.013839 -0.017229 -0.006728 -0.281844 0.123852
-0.040281 -0.066556 0.147291 -0.044139 0.311997 0.006190 0.082728 -0.094747 -0.261159 0.346803 0.026421 0.109212 0.174343 0.134492 0.073459 -0.277335 0.289139 0.105124 0.058507 -0.155415 0.067768 0.326829 -0.039607 0.040391 0.114921 0.051510 0.087245 0.002035 -0.355231 0.065370 0.143116 -0.057720 -0.195571 0.048935 0.122155 -0.091660 -0.036167 0.096625 0.017026 -0.021023 -0.109222 0.054678 -0.010572 -0.012252 -0.153467 0.029378 0.091006
0.141588 0.115740 -0.106105 -0.109000 -0.104103 -0.089698 -0.033912 -0.255246 -0.005799 0.025631 0.182559 0.170712 -0.018220 -0.160524 0.092698 0.119725 -0.010860 -0.097846 -0.162142 0.127226 0.040102 -0.048080 -0.023199 0.073343 -0.211735 -0.102519 -0.147698 0.064380 -0.014373 -0.123011 0.276332 0.050855 0.013561 -0.082231 -0.244286 -0.334692 0.028732 0.283707 -0.080695 -0.031517 -0.107774 0.113920 -0.228831 0.192151 0.200939 -0.069890 -0.196557
0.289184 -0.023083 0.021600 0.009317 -0.173893 -0.384616 0.066338 0.007063 0.050306 -0.110968 0.140335 -0.077925 0.207800 -0.225739 0.089953 0.034143 0.073381 0.119348 -0.058792 -0.013657 0.113679 -0.097207 -0.081416 0.090984 -0.015509 0.068668 -0.016706 -0.086703 -0.230802 -0.250697 -0.180984 0.186590 0.066495 0.031873 0.075669 0.042511 0.195913 0.137106 -0.290625 -0.030403 -0.060471 -0.041189 -0.087227 0.185651 -0.053908 0.093185 0.011622
-0.025117 -0.171960 -0.011281 -0.166744 -0.008317 0.079767 -0.027550 0.141793 -0.148195 -0.086769 0.054977 0.003056 0.117720 -0.129499 0.098043 0.072061 0.236621 -0.287543 0.152626 0.031029 0.006727 0.180430 -0.096950 0.143204 0.137040 0.087388 -0.071389 -0.251841 -0.117069 0.070143 0.010840 -0.005262 0.126832 -0.269852 0.011425 0.245601 -0.049132 0.050050 0.087038 -0.109325 -0.133973 -0.070794 0.017281 -0.027058 0.078480 -0.174504 -0.093737
-0.015368 -0.000337 0.000100 -0.005901 0.001337 -0.010427 0.004986 0.000824 0.000555 0.004216 -0.004132 -0.000523 0.000289 0.005109 0.004176 -0.002281 -0.003312 0.011703 -0.000836 0.006541 0.003528 0.005761 -0.003739 0.015224 -0.025680 0.003649 0.005464 0.002139 0.003843 0.001540 1.062242 0.059840 0.029162 -0.000798 0.001126 0.000969 0.037626 0.000232 -0.004786 -0.001677 0.004802 0.002240 0.000317 0.001053 0.002517 0.002158 -0.001164
0.211869 0.015670 0.208805 0.093430 0.107100 0.264258 0.042241 0.126794 -0.066522 -0.083105 0.045834 -0.221962 -0.033134 0.055047 0.146064 -0.151628 -0.040870 -0.209422 -0.132508 -0.019055 -0.020998 0.040184 -0.115464 -0.107797 0.007164 -0.075046 -0.189429 0.210808 0.126616 0.115126 0.037357 -0.028820 0.035011 0.198736 0.038984 0.196349 0.094019 0.101221 0.176924 0.179193 0.042334 0.185864 -0.269848 0.074701 0.192348 0.037387 -0.128403
-0.001447 0.000472 -0.003950 -0.020908 0.000287 0.020400 -0.009874 -0.000072 0.012270 0.002317 0.000272 0.001532 0.002757 0.000491 -0.004334 -0.001833 0.007344 0.000216 0.009784 0.005837 -0.000713 -0.002587 -0.000065 0.000228 0.001820 0.000433 0.000743 -0.000043 0.956764 0.000392 -0.000087 0.000578 0.000611 0.002152 0.001175 -0.000032 0.001246 -0.005432 -0.000631 -0.000841 0.000605 0.004576 -0.000361 0.000092 0.000984 0.001274 0.002482
0.132989 -0.059724 -0.074464 -0.144206 0.118635 0.025536 -0.055248 0.067441 -0.143483 -0.107684 0.059583 0.189323 0.072434 0.157032 0.075506 0.056615 -0.114981 -0.120678 0.164119 -0.105384 0.149107 0.028565 0.026158 -0.116243 -0.131225 -0.041209 0.201099 -0.215269 -0.093274 0.165301 -0.376918 -0.059415 -0.006891 -0.124693 -0.085388 0.141959 0.121689 -0.099048 0.094700 0.104629 0.116391 -0.194766 0.053931 -0.053565 0.027289 -0.063261 -0.096235
0.106829 0.068105 -0.070783 -0.140180 -0.019651 0.137841 -0.071454 -0.070756 -0.005001 -0.197808 -0.108214 -0.262341 0.108509 0.112884 -0.125066 0.055840 -0.153781 0.160765 -0.154711 -0.109677 0.111954 0.035876 -0.128958 -0.201050 -0.005641 0.069354 0.109828 -0.056805 -0.038977 -0.069729 0.064315 0.034599 0.032820 -0.033990 0.280204 0.094877 0.121983 0.034513 0.039463 0.035669 -0.022103 0.071488 -0.099967 0.104754 -0.150608 0.012624 0.267399
0.134614 0.077734 0.020942 -0.067453 0.069554 -0.154710 0.104869 0.070811 -0.268827 0.077397 0.049710 -0.421667 0.242548 0.159101 -0.035386 0.129333 0.086663 0.027782 0.167524 -0.110566 -0.013401 -0.128859 0.068667 0.012883 -0.096263 -0.268907 -0.152371 -0.037194 0.082459 -0.032256 -0.130144 -0.017301 -0.188254 0.107233 -0.015398 -0.003568 0.027218 0.096028 0.035266 -0.028045 0.062403 -0.175804 -0.327316 -0.023062 0.018441 -0.060498 0.135326
0.050148 -0.096904 0.264767 0.006922 0.071303 0.156060 -0.197447 -0.003502 -0.018884 -0.269781 0.038269 -0.070458 0.001119 -0.224812 -0.017004 -0.037175 0.155977 -0.111654 -0.146017 -0.009258 -0.176473 0.191998 -0.066554 0.042272 -0.085633 0.114011 0.121732 0.063853 -0.041139 -0.056425 0.178700 -0.062320 -0.113371 0.099873 0.145472 -0.222151 0.296349 -0.204523 0.054689 0.015320 -0.046558 -0.076054 0.097328 -0.070712 -0.231574 0.274367 0.178572
-0.038888 0.015778 -0.006657 -0.003734 -0.013480 -0.033900 0.630657 -0.011231 0.007074 0.004995 0.008387 -0.001354 -0.060925 0.002438 -0.032895 0.018960 0.002563 0.019133 -0.002081 -0.009419 -0.015092 -0.310358 0.006536 0.024978 -0.039033 0.032190 -0.001590 -0.002154 -0.048692 0.001125 0.005030 0.008894 0.000768 -0.000522 -0.012164 0.026188 0.017908 -0.580070 -0.039632 0.005580 0.019723 -0.005928 0.007780 -0.010643 -0.007377 0.004830 -0.035392
-0.225141 0.144629 0.092878 0.080631 0.060441 -0.017676 0.150498 0.039439 0.156787 -0.042669 -0.233717 0.156233 0.182740 -0.082976 0.180992 -0.099994 -0.113928 -0.089178 0.272309 -0.118329 -0.217108 -0.018309 0.138737 0.068051 0.024051 0.024069 0.243928 0.004168 -0.030764 0.147139 0.162393 -0.170884 0.057084 0.083897 0.098145 -0.138247 -0.060821 0.059924 0.105441 0.068935 -0.151608 -0.202991 -0.183221 -0.153539 0.079760 -0.168008 -0.073921
0.037364 0.073538 -0.042421 -0.047105 0.353776 0.101493 0.197971 -0.088440 -0.314741 -0.035439 0.189399 0.178372 0.123947 0.115096 -0.145224 -0.075845 -0.135229 -0.088702 0.110607 -0.223382 -0.105150 0.171585 -0.139401 0.227243 0.129749 0.006516 0.021839 0.073746 0.153139 0.259245 -0.173315 -0.007675 0.011925 0.001896 0.071069 0.028521 -0.085766 -0.062147 -0.045496 -0.067172 -0.080938 -0.143230 -0.235708 -0.119953 -0.227991 0.040422 0.041691
0.058413 0.062394 -0.006742 0.141291 0.134529 -0.079436 -0.076538 0.063288 0.071064 0.102999 -0.048337 0.010449 0.153430 -0.217288 0.095659 -0.048005 -0.314779 -0.065820 0.116522 -0.093598 0.140442 0.051908 0.125708 -0.104334 -0.100370 -0.081128 -0.018846 -0.068789 -0.025261 -0.106151 -0.018750 0.003282 -0.044158 -0.074703 -0.133696 0.296775 -0.046094 0.114313 -0.136357 -0.075440 -0.369417 -0.304586 0.215845 -0.030470 0.032648 -0.160345 0.346972
0.125354 -0.002119 -0.088552 0.079907 0.091374 -0.145580 -0.058502 0.050742 -0.050396 0.115074 -0.136672 -0.004729 0.062727 -0.077736 0.110588 -0.085996 -0.005134 0.018983 -0.285918 -0.145355 0.060978 0.118345 -0.194753 0.030364 0.036026 -0.118531 -0.012798 0.060102 0.086689 0.024518 0.045602 -0.118814 -0.136232 0.047628 0.044018 -0.004699 -0.109429 0.034234 0.180620 -0.045725 -0.192966 -0.017283 0.022278 -0.155949 -0.088917 -0.101373 0.277638
-0.074276 -0.067324 0.188975 0.058513 0.003475 0.119093 -0.130090 0.031327 0.000753 -0.223816 0.005215 0.166831 -0.068050 -0.031793 0.070954 -0.113736 -0.185873 0.070080 0.164637 -0.004798 0.008127 -0.066877 0.045626 0.007159 -0.254785 0.102647 0.044473 0.146925 0.057682 -0.021662 0.009120 -0.058534 0.010784 0.007055 0.186074 0.016606 0.207239 -0.158731 0.081822 -0.092260 0.069248 -0.071697 -0.001211 0.032623 -0.235634 -0.019911 0.053446
-0.035814 0.001822 0.066617 0.193062 -0.009097 -0.124899 -0.020649 -0.115916 -0.100192 -0.070690 0.132168 0.166142 -0.143696 -0.187073 -0.015093 -0.107093 0.066384 0.113376 0.087387 -0.195856 -0.025471 -0.023735 -0.163741 -0.085780 0.088661 0.166601 -0.033892 -0.148052 0.051202 -0.103937 0.193217 -0.174406 -0.076435 -0.179284 -0.014581 -0.223746 -0.064032 -0.100299 -0.096224 0.156348 0.171122 -0.117745 0.199023 0.045078 0.049384 -0.014605 0.126090
-0.085345 -0.078434 -0.124280 0.062668 -0.032937 0.078967 -0.089165 0.118315 -0.044736 -0.038256 0.280911 0.272671 -0.124324 -0.097175 0.193916 -0.155855 -0.014163 -0.194797 -0.186529 0.007112 -0.101423 -0.035181 0.008289 -0.110247 0.117084 -0.124052 0.092447 -0.038779 0.253907 0.191285 0.195917 0.039121 -0.062711 0.106829 -0.028713 -0.217339 0.075519 0.038745 -0.364916 -0.236565 0.209564 -0.054974 -0.055053 0.055254 0.151412 -0.039348 -0.258222
-0.090388 -0.014411 -0.144571 0.010297 -0.159889 0.101442 -0.013257 0.106487 0.009867 -0.078516 -0.157181 0.056277 -0.135187 -0.096422 -0.093211 -0.261067 -0.065495 0.214254 0.093469 0.068197 0.056811 -0.005973 -0.192178 0.139724 -0.089993 0.118577 -0.138223 0.031610 0.049168 0.026813 -0.206629 0.053600 0.053834 -0.262271 -0.008563 0.138461 -0.001340 -0.144459 0.132342 0.041019 -0.083904 -0.036615 -0.010646 0.196443 -0.034674 -0.080228 0.100644
-0.068932 -0.040829 -0.251888 0.094407 0.179892 -0.141573 -0.154738 0.022849 -0.157359 -0.003837 0.276301 0.255418 -0.059837 -0.141248 0.128448 0.044398 -0.133221 0.039303 0.051957 0.194484 -0.027251 -0.052834 0.097939 0.101547 -0.156668 -0.037689 0.275797 0.239779 -0.113532 0.014606 0.140039 0.145923 0.146346 -0.295737 0.028504 0.006060 0.068305 0.064195 -0.010964 0.243021 0.007542 -0.140108 0.003293 -0.034717 -0.133150 0.227410 -0.102455
-0.006756 -0.002403 -0.002809 -0.000122 0.003782 -0.006886 -0.093195 -0.002159 0.002035 0.000675 0.020308 0.000156 -0.011044 0.001621 -0.005568 0.003654 -0.002479 0.008670 -0.000807 -0.001523 0.039092 -0.028682 0.001342 0.006453 -0.007325 0.006419 0.000063 0.000195 -0.008224 -0.000677 -0.003856 0.000171 0.002324 0.007301 -0.001204 0.004726 0.002061 -0.017566 -0.024249 0.002535 0.003734 -0.001913 1.193232 0.006889 -0.001187 0.000809 -0.044201
0.153352 -0.002790 0.115952 0.188083 0.015489 0.051196 0.124220 -0.033087 -0.186502 -0.159950 -0.072125 -0.282879 0.076643 -0.090465 0.195451 -0.036784 -0.024754 0.140848 -0.187824 0.019571 0.217239 -0.118046 0.025478 -0.101506 0.011837 0.171592 -0.245768 0.185388 -0.070732 0.189248 0.118021 -0.059275 -0.042485 0.143495 0.138749 -0.046224 -0.417376 0.080620 -0.186642 -0.127163 0.053123 -0.023204 -0.108022 0.096732 0.231177 0.053895 -0.150289
-0.196121 -0.123348 0.071542 0.023547 -0.005403 -0.010857 -0.192762 -0.232308 0.283178 0.148336 -0.316734 0.082555 0.124364 0.111649 -0.115785 0.133483 -0.036827 -0.017868 -0.093733 0.063856 0.170071 0.111180 -0.193407 -0.148187 -0.016073 0.181940 0.097797 -0.201625 -0.071443 -0.092836 -0.150499 -0.077763 0.123430 0.047913 0.055324 0.000784 0.051945 0.036626 0.046743 0.161413 0.023360 0.000267 0.069800 0.049441 0.033589 -0.153765 0.233748
-0.004779 -0.021087 -0.195941 -0.259833 0.041565 0.020726 -0.115663 -0.144685 0.108948 -0.078398 -0.107710 -0.108495 0.212274 -0.163004 -0.093578 0.140559 -0.047661 0.214145 -0.027782 -0.003773 0.016959 0.345192 0.195186 0.111666 0.062514 0.022160 -0.013641 -0.005147 -0.203559 -0.232381 -0.020752 -0.035782 0.162741 0.021913 0.246554 -0.131901 -0.109857 0.082457 0.061942 0.270581 0.053403 -0.057668 0.173564 -0.115208 0.178005 0.051298 -0.005567
0.141422 0.009441 0.303971 -0.112220 0.021547 -0.050323 -0.010777 -0.055663 0.164045 -0.071150 -0.133622 -0.088739 0.098960 -0.095892 -0.239265 -0.073641 0.171998 0.101980 -0.098742 -0.129148 -0.197076 0.082963 -0.014596 -0.054316 0.013907 0.069903 -0.164219 0.283754 -0.051588 0.294080 0.010113 -0.137342 -0.112071 -0.046948 0.021638 -0.059922 0.064766 0.008169 0.013174 -0.100621 0.031974 -0.039069 -0.003091 0.033592 -0.048054 0.145361 -0.082675
0.018240 0.033181 -0.050818 -0.071370 -0.143513 -0.080443 0.008445 -0.136596 0.042923 0.183368 0.206340 0.063296 -0.194584 -0.215683 0.126356 -0.060966 0.025237 0.127275 0.140846 0.188516 -0.073446 -0.084551 0.206125 -0.161817 0.031726 -0.109162 0.149303 -0.152464 -0.218680 0.279387 0.011445 -0.060610 0.119730 -0.089112 0.091091 -0.146554 0.048797 0.016203 0.068095 0.101645 -0.084181 -0.111835 0.057525 0.169698 0.092590 -0.265702 -0.113832
-0.127454 0.052220 -0.062633 0.075987 -0.109626 -0.027508 -0.077593 0.010699 -0.025998 0.060771 -0.040232 -0.280000 0.170188 -0.223467 -0.079477 0.150907 -0.061315 0.217172 -0.023354 -0.011524 -0.167544 -0.183672 -0.147212 0.068293 0.041258 -0.119375 -0.121411 -0.092181 -0.123026 0.215614 -0.015350 0.064667 0.034461 0.186869 -0.128903 -0.076214 -0.086729 0.137142 0.095654 -0.158913 -0.142424 -0.101672 0.074258 0.048451 0.043508 0.012578 0.006561
0.079385 -0.031075 0.246477 -0.051449 0.122125 0.123655 -0.003949 0.052076 -0.100386 0.048641 0.038160 -0.059972 0.053435 0.001781 0.215455 0.076346 0.156448 -0.091758 0.095154 -0.141429 0.128568 -0.252420 0.026087 -0.082914 -0.068764 -0.205278 0.028858 0.165223 0.002233 0.092598 -0.297893 0.003709 0.040316 0.387832 0.103653 -0.122168 -0.058158 0.017423 0.158316 0.125682 0.279541 0.195230 0.213743 0.110157 -0.196037 -0.042869 -0.106911
0.145738 -0.083892 -0.197020 -0.211028 -0.141780 0.015160 -0.236564 -0.028011 0.116745 -0.179582 0.116188 -0.138349 -0.034343 0.130687 -0.004780 0.104303 0.230494 0.039459 0.051859 0.016595 0.064894 0.020261 0.016698 0.016036 0.008185 0.010417 0.011346 -0.031067 0.125564 -0.252612 -0.141408 0.110731 0.112681 0.072810 0.105168 0.246467 0.164913 -0.152910 -0.251227 0.061018 0.075611 0.035096 0.236478 0.040022 0.108397 0.002022 0.038323
-0.118095 0.005212 0.047962 -0.134037 0.101517 -0.085455 -0.104634 -0.201594 0.235229 0.263201 -0.174195 -0.062363 0.055171 0.103899 -0.084510 -0.088857 0.052307 -0.051527 0.270398 -0.022479 -0.072058 0.095839 0.007562 0.037694 -0.005608 -0.047876 -0.297679 0.111594 -0.053411 -0.040069 -0.077611 0.169332 -0.282042 -0.123959 -0.011740 0.311794 -0.024951 0.077987 0.324415 -0.209978 0.079399 -0.259092 0.024885 -0.026618 -0.101172 -0.030488 0.020542
0.000178 0.886474 -0.001298 -0.001495 0.030455 0.002210 0.007588 -0.005973 0.000132 0.001690 -0.002789 0.000261 0.000307 -0.000014 0.000017 -0.022878 0.000007 0.000443 0.189713 -0.001645 -0.005109 0.297090 0.001334 -0.000395 -0.000657 -0.002250 0.000221 -0.000121 -0.002132 -0.011609 -0.001368 -0.003250 -0.000455 -0.001144 0.003367 -0.000981 -0.001439 0.003605 0.006322 0.008318 -0.009803 -0.000965 -0.001868 0.000925 0.000141 0.002801 -0.828198
0.339888 0.003088 -0.200723 0.285104 -0.111914 -0.223112 -0.035731 -0.176601 -0.212419 0.142594 -0.029937 -0.072618 0.091810 0.069833 0.107314 -0.043059 0.208145 0.131298 -0.063101 0.049639 0.281370 0.153223 -0.062590 0.081240 0.200463 -0.075331 0.105931 0.182896 -0.026563 0.177814 0.178083 -0.240781 -0.162293 -0.015428 0.106997 0.053906 -0.107386 0.040316 -0.177751 0.259576 0.052247 -0.019149 0.044730 0.218818 -0.093999 0.075637 0.115294
-0.217339 0.090506 -0.040755 -0.090764 -0.075676 -0.152716 0.390437 0.177119 -0.230567 0.004380 -0.095010 0.061251 -0.042364 0.211352 -0.096915 -0.178937 -0.024526 -0.000059 -0.087709 0.051347 -0.107348 -0.131546 -0.229991 -0.148470 -0.064186 0.050455 0.013985 -0.086044 -0.203133 -0.136656 -0.030696 0.026442 -0.120511 -0.001158 0.217756 0.171780 0.061210 -0.174424 -0.032765 -0.033576 0.105730 -0.023498 0.081995 0.030563 -0.081022 -0.222594 -0.093482
-0.018556 -0.128375 -0.039073 0.124794 -0.213024 0.093120 0.401681 0.047997 -0.177834 -0.053123 -0.043705 0.066207 -0.085614 0.130441 0.083691 -0.088961 -0.168341 -0.195428 -0.198695 0.288443 -0.074883 -0.265597 0.112149 0.152947 -0.266684 -0.359408 -0.112957 0.072616 0.147918 -0.160563 0.055962 -0.020099 -0.182079 0.034386 -0.020500 -0.152655 0.044045 -0.129726 0.064029 -0.178943 0.054075 0.124745 0.301657 0.078917 -0.055952 0.164544 0.119483
-0.071927 -0.053320 0.143575 0.156855 -0.098420 0.083376 0.012930 0.189299 0.145039 -0.115265 -0.090238 0.070419 0.141372 0.001556 -0.121410 -0.179625 -0.065918 -0.164636 -0.077121 -0.123465 -0.082955 0.213237 -0.003277 -0.251863 -0.053133 -0.121944 -0.155430 -0.016504 -0.071693 0.065502 -0.040041 0.078641 0.169221 -0.013120 0.133279 -0.226359 -0.006772 0.130470 -0.056943 -0.239815 -0.026592 0.025080 -0.226831 -0.132129 0.044189 -0.014407 0.127667
-0.235391 -0.272842 0.249927 -0.030778 -0.241077 0.178671 -0.036574 -0.074463 -0.085878 0.054472 -0.018877 -0.174888 -0.134532 0.060114 0.161610 -0.201869 -0.005054 -0.052494 0.139780 -0.034383 0.096212 -0.013419 -0.058362 -0.066681 -0.207088 0.146980 -0.323693 0.250215 0.053024 -0.111788 0.067736 -0.156744 -0.147573 -0.232289 0.238008 -0.085828 0.035238 0.060438 -0.036600 -0.040258 -0.202180 -0.035470 -0.086126 0.084499 -0.005924 0.004278 0.010881
-0.034210 -0.198245 0.174881 -0.010449 -0.093475 -0.047368 0.139299 -0.222569 -0.128046 -0.240548 0.036855 0.065203 -0.082262 -0.187087 -0.055683 -0.047402 0.135010 0.039126 -0.219685 -0.014867 -0.090222 0.041129 0.287842 0.184725 -0.033720 -0.029171 0.165833 0.235270 0.077511 0.124072 -0.053038 -0.153205 -0.004924 -0.038138 0.114136 0.180848 0.114342 -0.002360 0.131272 -0.145540 -0.204232 0.019332 0.142012 0.191372 -0.037977 -0.189278 0.091353
0.033273 -0.208684 0.178935 -0.138399 -0.121684 0.045038 -0.166320 0.347116 0.042954 0.110286 0.081157 0.165436 -0.189586 0.166433 0.062050 0.025281 -0.006776 0.195182 -0.026584 0.299577 -0.012189 0.138231 -0.035945 -0.052293 -0.069082 0.110652 -0.097985 -0.036909 0.024619 -0.006703 0.065505 0.046529 -0.087031 0.142862 -0.025310 -0.036469 -0.127273 0.023173 0.091829 0.028755 0.050579 0.091658 0.072164 -0.036857 0.123644 0.017624 0.036616
-0.008909 0.178263 0.061551 -0.058014 0.074622 0.125259 0.045618 -0.025220 -0.141068 0.027752 -0.095533 -0.109712 -0.085644 0.029792 0.093134 0.249964 -0.075155 0.080972 0.096942 -0.063134 0.193540 -0.034280 0.298329 0.094743 -0.045343 -0.198087 0.047613 -0.040925 -0.164862 -0.055179 -0.041822 -0.117308 0.058322 0.057434 0.169739 -0.243313 -0.109870 -0.113168 -0.000439 0.049180 0.109590 -0.034681 -0.072606 -0.020316 -0.342312 -0.252409 -0.095602
-0.001167 -0.000342 -0.003490 1.115743 0.000100 0.000684 0.000236 -0.000990 0.012705 0.001853 0.001027 0.005109 0.000009 0.002320 0.000247 0.000540 -0.000380 -0.000145 0.001370 0.010014 -0.000047 0.000063 0.000023 0.000002 -0.001227 0.000240 0.000004 0.000268 -0.009537 -0.000627 -0.000309 -0.000208 -0.000010 0.000472 0.001892 0.001846 0.002088 -0.000167 -0.000876 -0.000779 0.000074 0.011564 0.000342 0.000134 0.000600 0.000083 -0.001449
-0.000155 0.000764 1.024086 0.000577 -0.000125 0.000236 -0.001137 -0.000221 0.009816 -0.000520 0.002769 -0.000072 -0.002294 0.003591 0.000986 0.002081 0.000830 0.000105 0.009020 0.007077 0.001012 0.002251 -0.000209 0.001694 -0.000865 0.001230 0.002038 0.002518 -0.001758 -0.000551 -0.001626 -0.000888 0.001095 0.001376 0.000554 0.070041 0.011697 -0.001095 -0.000664 0.000942 0.000562 0.001454 -0.001370 -0.000083 0.000524 -0.000114 0.002219
0.068020 0.185960 0.031172 -0.077135 -0.037328 0.068937 -0.012035 -0.061458 0.084328 -0.019118 0.123682 -0.124062 0.261730 0.046440 -0.151613 0.305684 0.123782 0.061913 0.016502 0.065041 -0.246537 -0.244184 -0.027117 0.208138 -0.223677 0.053106 0.095108 -0.068448 -0.073181 0.098809 0.114597 0.063094 -0.056790 0.069186 -0.095688 0.088357 -0.072705 0.130624 -0.188534 0.189121 -0.020798 0.223785 0.124363 -0.037808 0.162379 0.044018 -0.172532
-0.000565 -0.035155 0.000158 0.000606 -0.042410 -0.004338 -0.011768 0.004577 0.001172 -0.003722 0.003784 0.000244 -0.001662 0.001077 0.000520 0.036629 -0.000487 -0.000230 0.026830 0.002296 0.005968 0.027548 -0.003537 -0.000586 -0.001828 0.005795 0.000906 -0.000227 0.000793 0.011484 0.000747 0.002027 -0.001128 0.001348 0.002344 0.001229 -0.000355 -0.006616 -0.008760 -0.010536 0.016289 -0.000500 -0.000202 -0.000900 0.000571 -0.008276 1.162860
0.017066 0.161317 -0.061730 0.028114 0.289785 0.004203 0.171083 -0.192705 -0.254771 -0.197098 -0.206218 -0.132578 0.000102 -0.113245 0.004987 -0.124907 -0.053998 0.243309 0.122661 -0.006858 -0.049739 0.113076 0.023129 0.034920 0.009145 -0.018877 0.211298 -0.251314 0.022228 -0.153286 0.267424 -0.313729 -0.119785 -0.018482 0.169434 -0.080273 -0.100505 0.013432 0.277862 -0.033559 0.007183 0.169604 -0.131429 0.086816 0.222235 -0.057090 -0.074617
0.002168 0.000986 0.001893 -0.002955 1.141571 -0.006087 0.000198 -0.000765 0.001150 -0.012427 0.002062 -0.000214 0.000238 0.002777 0.001957 0.000806 -0.001308 0.008568 -0.001304 0.000303 0.001282 0.002034 -0.005761 0.004482 -0.001439 0.003524 0.002977 0.001700 0.002891 0.001076 -0.005815 0.001589 0.003100 0.000517 0.047320 -0.000304 0.003074 0.003020 -0.002690 0.000124 0.003823 0.002902 -0.000149 0.001359 0.002534 0.000648 -0.007740
-0.132991 -0.088116 0.191183 -0.005463 -0.092694 -0.141936 -0.160216 0.034142 -0.037956 -0.104616 -0.348281 -0.165049 -0.308223 -0.152272 0.026677 0.030356 -0.083002 0.167492 -0.067799 0.055623 0.073781 -0.021784 -0.044068 -0.114949 0.151213 -0.038757 0.172570 0.076109 -0.273917 0.005680 -0.007371 0.041585 -0.047890 -0.073673 -0.187430 -0.126181 -0.104565 -0.027282 -0.166524 0.006964 0.239351 -0.277932 0.212959 0.082971 0.050525 -0.015215 -0.028498
-0.010228 0.000405 -0.000430 -0.000001 -0.000372 -0.000818 -0.000096 -0.000062 0.013499 0.000777 0.000422 0.003501 -0.006331 -0.000427 0.017302 0.000517 -0.000116 0.000187 -0.000281 -0.000301 0.001701 -0.001258 -0.001024 0.000246 0.000516 0.011337 0.000153 0.013552 -0.001617 0.000012 0.000747 0.001007 0.002182 0.000209 0.000116 0.002416 0.012778 -0.000109 0.000142 1.090498 0.000106 0.001353 -0.000070 0.000812 0.002807 -0.002611 0.000997
-0.146632 0.246091 0.032624 -0.064104 0.102820 -0.150360 -0.076186 -0.061186 -0.056248 -0.069814 -0.134469 -0.219764 0.172400 0.105328 0.136749 0.073853 -0.055668 -0.085687 -0.073698 -0.285504 -0.280769 0.038483 -0.009880 -0.032051 0.043219 0.111305 -0.215901 -0.060252 -0.072471 -0.040407 0.284639 0.122217 -0.197298 -0.076025 0.072389 0.123556 0.156927 0.049764 -0.149595 -0.003517 0.076506 0.045508 -0.318943 0.020822 -0.177208 -0.053914 0.345017
-0.115480 0.069534 -0.043558 -0.129268 0.066066 0.189494 0.043022 -0.037176 -0.219739 -0.003723 -0.042785 0.101103 -0.033851 0.001945 -0.097479 -0.238199 0.077905 0.072217 -0.074235 0.390766 0.068720 -0.142254 -0.023134 -0.026829 0.011658 -0.040224 0.043181 -0.008892 -0.072741 0.112580 0.074545 0.043717 -0.051684 -0.043765 -0.039522 -0.309819 0.059755 0.132139 -0.028023 0.044711 -0.043255 0.184897 -0.211002 0.000031 0.073729 -0.022080 -0.148731
0.142627 -0.146188 -0.152229 0.123257 0.138678 0.225867 -0.205687 0.058385 -0.078311 -0.164692 0.161452 -0.247557 0.120357 0.295306 -0.124090 0.064572 0.108645 0.038887 -0.201498 0.129118 0.085044 0.035690 -0.030061 -0.196598 -0.021028 -0.056364 0.227804 -0.302913 -0.001046 -0.051241 0.178653 -0.156922 0.015567 0.088778 0.009423 -0.150191 -0.012445 0.038465 -0.057787 -0.090195 0.065904 0.228443 -0.135328 -0.063559 0.091853 -0.136359 -0.187784
0.006590 0.001162 -0.128785 0.038680 0.193888 -0.053399 -0.029670 0.153055 -0.097637 -0.053579 0.142744 -0.024814 -0.121510 -0.053033 -0.247206 0.082136 -0.038052 0.145439 -0.121334 0.068876 -0.114192 0.184723 0.210531 0.143491 0.135482 -0.091321 0.043358 0.025922 0.134698 -0.016547 0.008950 -0.057914 -0.027638 0.364366 0.064705 -0.081216 -0.058023 -0.110536 0.246750 0.044142 -0.037328 0.156504 -0.055796 0.018078 -0.077916 0.112730 -0.101708
-0.070690 -0.017099 0.040831 0.121481 -0.166903 0.031103 -0.089223 -0.117074 -0.004946 0.144521 0.080310 -0.005024 -0.024268 0.052309 0.128433 0.061666 0.265354 -0.003385 0.019890 -0.089207 0.014102 -0.064712 0.373941 0.134477 0.051890 -0.036970 -0.141981 0.143334 -0.049701 -0.024930 -0.236834 0.269716 -0.163660 0.067267 -0.241703 -0.201830 -0.272346 -0.031824 0.037733 0.194728 -0.068257 -0.025391 -0.023381 -0.047881 0.098774 -0.027790 -0.082730
0.041419 0.010111 0.070165 0.130850 -0.316624 -0.045307 -0.145824 0.105942 -0.092986 0.109685 0.086100 0.125338 0.173611 -0.095282 -0.082550 0.222825 -0.218201 -0.040049 0.102132 -0.147925 0.006302 0.170397 -0.022729 0.080801 -0.150635 -0.083966 0.378154 -0.099176 -0.000500 -0.053618 0.157198 -0.019339 -0.041806 -0.079795 0.003976 0.138339 0.141462 0.130155 0.085840 0.179061 0.153625 -0.092688 -0.277888 -0.001156 -0.051196 0.115744 0.130591
0.000998 -0.115311 0.123413 0.357956 -0.138790 0.055383 0.043629 -0.023467 -0.097101 -0.100025 0.184537 0.341336 -0.034490 -0.141312 -0.237121 0.104971 0.117223 -0.185023 -0.101501 0.145710 0.002417 0.097923 0.187164 0.067108 -0.144051 -0.065765 0.303447 -0.023763 -0.063415 0.025816 0.178013 0.064560 0.101058 -0.040142 0.438090 -0.077137 -0.228296 -0.071880 0.050953 0.002115 -0.050684 -0.137780 -0.006843 -0.096427 -0.032714 -0.196632 0.051345
-0.060539 -0.090791 -0.016275 -0.048131 -0.015303 0.002016 -0.053648 -0.212154 -0.024214 0.007583 0.190540 -0.115519 -0.040937 0.047382 0.099955 0.129874 0.179002 -0.058032 0.214939 0.001459 0.110536 0.019133 0.136689 -0.235256 0.200117 0.013715 0.267230 -0.095521 -0.025515 -0.089769 0.088979 -0.116593 -0.104449 -0.060003 0.037558 -0.159060 0.130793 0.135323 0.068276 -0.239429 -0.124036 0.227496 -0.051771 0.022135 0.155626 0.005665 0.106282
0.058228 -0.065619 -0.168267 -0.051185 0.092071 -0.021539 0.009665 0.009401 -0.149657 -0.119079 0.157438 0.096450 -0.094210 -0.195473 -0.142305 -0.049098 -0.104459 -0.160239 -0.022863 -0.178626 -0.088184 -0.144445 0.084785 -0.138275 0.015993 0.125191 -0.074560 -0.079088 -0.030363 -0.144870 0.118330 0.052459 -0.181634 -0.104496 -0.039289 -0.158021 0.104367 -0.038322 -0.229505 -0.287406 0.122536 -0.099851 -0.122397 0.116875 -0.162563 -0.130676 0.240335
-0.248817 -0.268131 -0.065333 -0.229833 -0.032929 0.066490 -0.122610 0.186908 0.213540 -0.097527 0.170100 0.145553 -0.192287 0.123290 0.069276 -0.066860 0.146371 -0.139145 -0.198381 0.008449 -0.117616 -0.148676 0.144869 0.061299 0.176918 0.040008 0.041010 -0.192880 -0.001831 -0.128315 0.102056 0.020614 -0.127853 0.145029 -0.005933 0.056522 -0.089492 0.041394 -0.140587 -0.053261 -0.209711 -0.141510 0.068254 -0.068631 0.013102 0.103495 0.187302
-0.026979 0.104125 -0.008932 0.103015 0.002538 -0.142226 -0.018431 -0.026667 -0.018155 -0.178400 0.061514 -0.186758 -0.066712 0.189880 0.021781 0.176503 -0.143784 0.169623 -0.093271 0.053138 -0.121289 -0.004087 -0.019818 0.063739 -0.336143 -0.257086 0.057265 -0.045597 0.067537 0.036110 -0.089601 -0.163176 -0.051247 -0.146682 0.065149 0.026470 -0.047267 -0.349432 -0.128738 -0.165932 0.097140 0.011899 0.161616 0.048555 0.013491 -0.067098 0.211074
-0.126717 0.072063 -0.057550 0.027132 -0.060523 0.058960 0.125957 0.168848 -0.034985 -0.183785 0.030058 0.109188 0.227500 -0.160387 0.092029 -0.109504 -0.023060 0.258493 0.118329 0.020435 0.165173 -0.010401 -0.084697 -0.265474 0.021681 -0.024741 -0.101065 0.241238 -0.028513 0.099596 -0.151508 0.136136 -0.204230 -0.045188 -0.050147 0.099756 -0.106794 -0.162724 0.135541 0.018935 0.137493 0.109274 -0.165202 -0.376506 -0.075146 -0.112491 -0.236156
0.059855 0.058812 -0.092414 0.113638 0.191672 -0.027778 -0.300282 -0.015915 0.187620 -0.028766 0.036976 -0.091769 -0.024921 -0.063156 -0.131430 -0.199044 0.146538 0.079795 -0.097248 -0.093349 -0.076287 -0.014705 0.193258 -0.108165 0.101452 -0.103968 -0.055230 0.023434 -0.168074 0.097005 -0.181187 0.399449 -0.017819 -0.137478 0.009947 -0.090399 0.112458 0.255801 0.011031 -0.193772 -0.023241 0.165157 0.049825 -0.046241 -0.083819 0.056489 -0.076096
0.044666 0.031484 -0.004703 -0.116235 -0.056496 -0.054705 -0.052878 -0.094314 0.052654 -0.008317 -0.094797 -0.173833 -0.199506 -0.056964 -0.020505 0.250700 -0.086015 -0.002029 -0.332208 0.094391 0.087109 0.063353 -0.127708 -0.020066 0.060255 -0.077937 -0.217720 -0.212326 0.240052 0.032544 0.009970 0.253471 0.258709 0.161835 0.133078 -0.014502 -0.131534 0.213614 0.201777 0.123587 0.249080 -0.048363 0.066730 0.122034 -0.097559 0.135529 -0.071615
-0.113019 -0.112089 -0.100702 -0.247401 0.097073 0.025963 0.175566 -0.187189 0.052949 -0.342217 -0.035716 0.023378 0.033361 0.234123 -0.025397 0.027092 0.185056 0.190682 -0.045973 -0.164237 -0.098308 -0.004190 0.007907 0.095395 -0.092365 0.058251 0.148904 -0.126257 -0.152398 0.000335 0.014820 -0.068596 -0.070686 -0.171806 0.040136 -0.101366 0.356026 -0.192993 -0.127540 0.182861 -0.044706 0.187037 0.088086 -0.200381 -0.220062 -0.228664 -0.262821
-0.000143 -0.000390 0.000106 -0.001549 -0.007240 -0.001308 0.000106 -0.011508 0.006673 1.117576 0.000065 0.000128 0.000088 -0.000078 -0.000022 0.004146 0.000314 -0.000292 -0.000241 -0.000155 -0.000088 -0.000353 -0.000751 -0.000193 -0.000031 0.009839 0.003097 0.000663 0.001120 -0.000184 0.000274 -0.000174 -0.000137 0.000002 0.003221 0.000023 0.001090 -0.000091 0.000101 -0.000906 0.001098 0.034647 0.000000 0.000212 0.040998 0.000127 -0.001173
-0.093227 0.098774 0.187602 -0.238972 -0.097115 0.109332 0.034832 -0.078740 0.219643 0.060195 -0.297427 0.114594 -0.158162 -0.115792 0.012426 -0.073839 -0.013771 -0.035721 -0.050197 0.025498 -0.175231 0.039659 -0.345493 -0.067238 0.001297 0.051848 -0.186921 -0.075958 -0.004558 0.005491 0.045965 -0.070982 -0.106193 0.141055 0.041614 0.054020 -0.121089 -0.064318 0.062816 0.032217 0.024126 -0.088729 0.028188 -0.273194 0.042777 0.069672 -0.073574
0.046951 0.254443 0.028433 -0.194086 0.144220 0.158862 0.217159 0.075213 -0.387121 -0.151133 0.277041 -0.133329 -0.054071 0.018295 -0.135344 -0.070977 -0.022837 -0.095765 0.008010 0.069128 0.063513 0.110601 -0.108069 0.061832 0.093834 -0.079372 0.070194 0.015799 0.118426 0.050187 0.034796 -0.112596 -0.162025 0.142904 -0.092112 0.077164 -0.021834 -0.171082 0.076408 0.166032 0.277012 -0.130592 -0.019016 -0.148716 0.018875 -0.083041 -0.034998
0.119815 0.011812 0.096420 0.131444 0.042174 -0.061455 -0.008074 -0.028215 0.256109 0.121074 0.162628 0.176353 0.057706 -0.177793 -0.044621 -0.001683 -0.155611 -0.147288 0.056208 -0.120022 0.017323 -0.012002 0.106208 0.196689 0.090206 0.251603 -0.179522 0.070997 0.257343 -0.004657 0.056378 0.269089 -0.154063 -0.057413 0.074052 -0.188862 -0.004463 0.001499 0.206277 -0.056726 0.262175 -0.049065 0.142002 -0.119765 -0.236048 0.009414 -0.111637
-0.092773 0.002871 -0.107327 0.174415 0.177422 0.265801 -0.127335 -0.021686 0.001533 -0.100467 0.108638 0.020464 0.006214 -0.161062 -0.109254 0.081573 0.083548 -0.030221 0.033373 -0.034009 0.026501 -0.114858 0.099285 -0.023076 0.096932 -0.103556 -0.124337 -0.061361 -0.092438 -0.051706 0.000613 0.493738 -0.017475 0.067438 -0.001910 0.008688 -0.079870 -0.057041 0.100528 -0.015433 -0.131445 -0.079488 -0.007159 0.023549 -0.071306 -0.047477 0.058911
-0.142306 -0.345536 -0.006521 -0.013705 -0.111534 0.094626 0.164861 0.160447 -0.013191 0.021712 0.087141 0.079852 -0.107326 -0.008072 -0.029531 -0.168414 0.005042 0.135275 0.226879 0.002527 0.171512 0.129696 0.202631 0.257047 -0.117953 0.007932 0.113385 -0.016578 -0.004594 0.267872 0.071205 -0.112427 0.041947 0.010605 -0.303111 0.173703 -0.149132 -0.648538 -0.213705 -0.268835 0.251049 0.151019 -0.123531 0.102361 -0.021230 0.136450 -0.094462
-0.185765 0.159716 -0.145815 -0.079535 -0.314861 0.220712 0.003215 -0.026220 -0.153202 -0.038177 -0.119496 0.059163 -0.022472 -0.206574 0.115555 -0.065253 -0.135049 0.198733 0.201434 0.044575 0.054914 0.067185 0.051102 -0.132910 0.000287 -0.100127 -0.145616 0.122101 0.111064 0.090014 -0.169586 0.025608 -0.036966 -0.103179 0.046077 -0.143770 -0.140311 0.036281 0.074247 -0.022823 0.038057 0.077768 0.074076 -0.071817 0.229456 0.006121 0.028400
0.715592 -0.000221 -0.000612 0.000166 0.000204 0.000031 -0.002151 -0.000004 0.003023 0.000465 0.000866 0.003768 -0.000374 0.031562 -0.000072 0.000141 0.000712 -0.000228 0.000164 -0.000010 -0.000196 -0.000527 0.000020 0.000883 0.541991 0.001736 0.003519 -0.000012 0.000082 -0.000024 -0.000302 -0.000774 -0.000338 -0.000021 0.000080 -0.000234 0.011539 0.001077 0.001608 -0.002374 0.000033 0.001184 0.000162 0.008779 0.000512 -0.000150 0.000122
-0.044987 0.071861 -0.041730 0.127516 -0.202813 -0.128678 -0.064072 0.133370 0.186877 -0.115323 -0.298255 -0.238103 -0.003004 0.040915 0.297402 0.030826 -0.207800 -0.140473 -0.035008 0.174818 0.167338 -0.291477 0.191972 0.063428 -0.014540 -0.064122 -0.155367 -0.199696 -0.148848 0.130075 -0.140853 0.079159 -0.097625 0.011991 -0.135966 -0.077276 -0.087930 -0.090535 -0.129269 -0.017898 0.055956 -0.035494 -0.350314 0.089789 0.098013 -0.024753 -0.095443
-0.039983 -0.013582 -0.113720 -0.024751 -0.274168 -0.144294 -0.178904 -0.062581 -0.036938 0.138511 -0.014949 0.176353 -0.090945 -0.064364 -0.026607 -0.044353 0.052262 -0.067060 0.088389 0.004025 -0.043640 0.107760 0.062477 0.035378 -0.111664 -0.099852 0.014593 -0.035783 -0.102988 0.040240 0.142022 -0.159886 0.034715 0.234461 0.038589 0.201261 0.058714 0.193111 0.004252 0.046060 0.119286 0.088806 0.007104 -0.155089 -0.005156 0.017313 0.048560
-0.066811 0.083862 -0.008809 0.028125 -0.115495 -0.156204 -0.137311 0.042771 0.236632 0.031665 0.131328 -0.052385 0.001329 0.070568 0.099107 0.013735 0.040920 -0.008158 0.062573 -0.071383 0.126996 -0.034873 0.010824 0.058839 -0.171629 -0.002222 -0.073072 0.018405 -0.169803 -0.054421 -0.032436 -0.066690 0.092403 -0.074209 -0.192111 0.347376 0.079112 -0.014740 -0.179055 -0.293388 -0.166430 0.016233 0.139766 0.132519 -0.048809 -0.201381 -0.133559
0.079521 0.167108 0.028679 0.198360 0.070525 0.037549 0.070708 0.102930 -0.017483 -0.155161 -0.077493 -0.150427 -0.050426 0.142100 -0.093644 -0.095137 -0.025067 -0.050229 -0.276267 -0.146555 -0.076365 0.048662 -0.231922 -0.024078 -0.050081 -0.061094 0.050626 0.053035 -0.021378 0.097307 0.199579 0.207399 0.042225 -0.231268 0.141501 0.040936 0.051735 0.051715 -0.051129 -0.176124 -0.288522 0.128121 -0.265545 -0.119419 -0.054280 -0.068589 -0.061225
-0.065438 -0.119448 0.077613 -0.004293 0.139524 0.139374 -0.070565 0.028436 -0.088779 0.023835 -0.021691 0.074901 0.078266 -0.095403 0.104928 -0.051858 -0.043515 0.096104 0.344316 0.181516 -0.307151 -0.058544 0.089634 0.068702 0.064955 -0.080068 -0.109870 0.094287 -0.041772 -0.037141 -0.104524 0.092838 0.065583 0.096630 0.196014 0.058288 0.049881 -0.141120 0.137895 0.013135 -0.011173 0.022677 0.371637 0.100773 0.154145 -0.010779 0.164004
0.193680 -0.066910 0.151792 -0.161422 0.094703 -0.054680 -0.037409 0.026097 -0.081955 -0.008333 0.176842 -0.061680 0.018173 -0.194901 -0.379696 -0.054881 0.005770 -0.105797 -0.268978 0.127372 -0.005530 0.030151 0.063869 -0.028964 0.181443 0.141794 0.256950 0.106733 -0.127939 -0.044123 -0.032344 0.126736 -0.005578 -0.045230 0.054165 0.071092 -0.113544 -0.097558 -0.087943 -0.063498 -0.091400 -0.102162 0.126033 -0.072342 0.184439 0.029867 -0.038350
-0.096286 -0.090886 0.328789 -0.114064 0.325537 -0.043436 0.063067 -0.216023 -0.295498 0.165875 -0.101205 0.021896 0.009955 -0.112356 0.028418 -0.072178 0.043190 -0.066341 0.027845 0.086038 0.096687 -0.344749 0.111790 -0.140546 0.101192 -0.078050 -0.216387 0.107807 0.078120 -0.163954 0.020501 0.087535 0.050598 -0.107686 0.129869 0.024118 -0.063187 -0.091564 -0.032744 0.045718 0.078336 -0.007618 -0.213145 -0.064044 -0.085083 -0.201165 0.276831
0.130187 0.090824 -0.073528 0.116479 0.076069 -0.179635 -0.066475 -0.073597 0.056537 0.094922 -0.040670 0.013621 -0.065385 0.153855 -0.075184 0.175838 0.174405 -0.182700 0.038977 0.107021 0.008702 -0.048730 -0.196414 0.150478 0.092986 0.001469 0.031753 -0.112250 0.164567 -0.000499 -0.014197 -0.061168 0.088634 -0.267252 -0.025680 -0.141925 -0.051852 -0.168282 0.127126 -0.045614 0.090446 -0.116108 0.000718 -0.096331 -0.080621 -0.268240 -0.099284
-0.000126 -0.000846 -0.000690 -0.001157 0.002222 -0.009197 0.000806 -0.039577 -0.000213 -0.000573 -0.000320 0.000737 0.001201 0.001037 -0.000474 0.008021 0.000259 -0.000244 0.003511 0.027765 -0.000413 -0.000044 -0.000616 0.000501 -0.000502 0.004240 0.000603 0.000836 0.002818 1.040393 0.000081 -0.002053 -0.000887 -0.000282 0.007172 0.000714 0.000748 -0.000841 -0.001089 0.000096 -0.001090 0.000795 -0.000101 -0.001523 0.000527 -0.028620 0.047198
0.054765 -0.047494 -0.162270 -0.130529 -0.066427 -0.001613 -0.010839 0.034200 0.219655 0.214320 -0.066514 0.170781 -0.134963 0.023034 -0.038814 -0.023687 -0.110766 0.219382 0.011226 -0.000039 0.214642 0.242243 -0.146220 -0.102396 0.083770 0.208073 0.208787 -0.001220 -0.136539 0.252979 -0.010092 0.097832 -0.074081 0.058201 0.008715 -0.039052 0.240022 0.094638 0.004795 -0.028991 -0.032375 -0.149153 0.007891 0.212154 0.075544 0.079931 -0.144490
0.207658 -0.157862 0.181240 0.080467 0.027809 0.120315 0.024737 -0.107574 -0.014215 0.122766 0.073939 -0.003903 -0.030047 0.085278 0.086919 -0.040268 -0.064839 -0.049008 -0.076870 0.082862 0.013893 -0.240889 0.014484 0.024000 0.266859 0.229452 -0.151737 0.029822 -0.005238 0.143554 0.003521 0.083507 -0.117824 -0.114690 -0.008875 0.127863 -0.126683 0.123679 0.117286 0.273846 -0.143170 -0.185115 0.166645 -0.097837 -0.074662 0.110083 0.259609
-0.001897 0.001597 -0.022229 -0.008241 0.007428 -0.002361 -0.027113 0.000094 0.005057 0.001088 0.003856 0.001564 -0.000157 0.001425 0.000999 0.000846 -0.001227 0.002497 0.000298 0.060970 0.002017 0.001845 -0.000651 0.010414 -0.003224 0.001559 0.000920 0.000568 0.004120 -0.000630 -0.000985 0.004353 0.006673 0.002106 0.000427 -0.000091 0.010238 -0.001946 1.213488 -0.001721 0.001767 -0.000114 0.001568 -0.000246 -0.000308 0.001163 -0.006377
0.036032 0.245507 0.013952 -0.138265 0.003082 -0.108740 0.022676 -0.020917 -0.138986 -0.109563 -0.088212 0.079465 0.117045 -0.095599 -0.048390 0.069112 -0.221835 0.011515 0.131094 -0.007787 0.160181 0.251064 0.066613 -0.177714 0.019649 0.000364 0.122538 0.010624 0.236006 -0.000803 0.003731 -0.144679 0.183414 -0.292218 -0.089279 -0.061103 -0.180783 -0.128369 0.027178 -0.076138 0.084161 0.269425 0.058090 0.218899 -0.036679 0.008712 0.331294
-0.101450 0.201904 0.154663 0.117958 0.217406 -0.097467 0.279257 0.074911 0.105542 -0.084688 -0.031665 0.019712 0.113776 -0.106255 0.343795 -0.147527 0.069686 -0.028641 0.108485 -0.147821 0.131216 0.011253 -0.128284 -0.228297 -0.002231 -0.070959 -0.014162 0.043455 0.057942 -0.123252 -0.063043 0.106426 0.274638 -0.034469 -0.110672 -0.058615 0.078311 0.243339 -0.003365 0.304194 0.046656 0.145753 0.037145 0.178375 0.023929 -0.277706 0.325440
0.271888 0.064621 0.093120 0.178650 -0.148753 0.147639 0.205713 -0.041028 -0.043853 -0.054135 -0.149787 0.122392 0.093151 0.004487 0.135988 0.051589 0.187999 -0.247314 0.165116 -0.352828 -0.152853 -0.019323 -0.050974 -0.399181 -0.084310 0.003707 0.232247 0.005495 -0.476475 -0.204870 -0.127927 -0.086539 -0.176294 0.064366 0.070088 -0.109931 -0.102993 -0.088881 0.058611 0.169722 0.068624 -0.087195 -0.034029 0.147729 0.093132 -0.034321 0.062528
0.022686 0.085963 -0.046724 -0.135752 0.063582 0.104288 -0.022914 0.235726 0.056036 0.044282 0.297880 -0.244658 0.059753 -0.023071 -0.173063 -0.144160 0.291308 0.068375 -0.161082 0.107251 0.173068 -0.210784 -0.100898 0.131620 -0.012120 -0.024115 -0.017592 0.204010 -0.112413 -0.062996 0.069071 -0.190483 -0.093344 -0.124921 -0.049414 -0.145856 0.259234 0.116381 -0.094060 -0.038583 0.134579 0.226765 -0.073454 0.015408 -0.068308 0.223707 -0.103112
0.037802 0.088467 0.057122 -0.116561 -0.046698 0.120212 -0.077678 -0.217991 0.196989 0.002102 0.051460 -0.060827 -0.050373 -0.155844 -0.135700 -0.070086 0.169410 -0.092689 0.041481 -0.025804 -0.033393 -0.182461 0.093304 0.262637 -0.061481 -0.098886 -0.226622 0.042049 0.096453 0.055957 -0.104990 -0.021838 0.167335 -0.187921 0.389671 -0.028181 -0.199660 0.219273 -0.313114 -0.163934 0.067488 0.011965 0.120986 0.174801 0.040269 0.083551 -0.180199
0.038419 0.304294 -0.045993 0.160576 -0.072087 0.217742 -0.183471 0.016709 -0.125588 0.087722 -0.154124 -0.207425 -0.008645 0.072950 0.020568 -0.165910 0.110776 0.001938 -0.070436 -0.106183 0.054537 -0.184782 0.016752 -0.147874 -0.038221 0.059863 -0.236568 -0.063037 0.266998 -0.007893 -0.019082 0.037361 0.038853 0.061592 0.210111 0.146093 -0.090278 0.015582 0.070052 0.203561 -0.109949 0.165492 0.101378 -0.154837 0.161174 0.237599 0.071738
0.032329 -0.089315 0.061193 0.039068 0.109315 0.154557 -0.132043 -0.018724 -0.197975 0.003762 -0.141241 0.074014 0.110337 -0.043450 0.067594 -0.066161 0.095529 0.242749 -0.022083 0.099912 0.202980 0.008729 0.136248 0.108181 -0.049706 -0.016266 -0.182493 -0.165872 0.031990 -0.143063 0.141446 -0.140741 -0.096475 0.159260 -0.004608 0.233573 0.066147 0.336560 0.008994 -0.087269 0.224407 -0.037329 -0.037124 -0.146514 -0.233074 -0.024626 -0.075990
-0.031537 0.211793 -0.004477 0.153210 0.046639 0.162743 0.154780 0.084754 0.068468 -0.174156 0.284781 -0.031490 0.163470 0.123409 -0.091994 0.142343 0.190585 0.103199 -0.044211 0.078926 0.101901 -0.025633 -0.104638 0.230191 -0.075885 -0.190132 0.023103 0.050615 0.080592 -0.099858 -0.154389 -0.153516 0.013950 0.075703 0.053145 -0.017097 -0.130492 -0.021135 0.191239 0.354654 0.079867 -0.106340 0.172786 0.071306 -0.140900 -0.107526 0.004456
0.111269 0.237049 -0.137497 0.069444 -0.304454 0.246961 -0.151241 0.064182 0.258098 -0.022032 0.015483 0.211720 -0.226299 0.070460 0.035970 -0.002063 0.121339 -0.188999 -0.256366 -0.010017 -0.066560 0.105226 -0.176756 0.054608 -0.120202 -0.231886 0.109656 0.035043 0.174965 0.080942 0.058570 -0.081210 0.059219 0.138509 0.018789 -0.020839 -0.133043 -0.265850 -0.294908 -0.076531 -0.044729 0.031220 0.103812 -0.152036 0.071863 0.013811 0.072289
-0.000492 0.000152 0.002920 0.011254 -0.002078 1.168315 0.003978 0.000073 -0.002941 -0.002728 -0.000650 -0.000867 -0.005640 0.001030 0.017593 0.009624 -0.003833 0.000014 -0.005673 0.005437 0.001703 0.001343 -0.000495 0.000395 -0.003908 0.000161 0.000445 0.000295 -0.484457 -0.001629 0.000321 -0.002477 -0.000035 -0.002072 -0.000465 -0.000046 -0.000001 0.003479 -0.000241 0.000820 0.001715 -0.002321 0.000084 -0.000142 -0.000468 -0.004669 -0.003951
-0.022894 0.076790 0.234195 0.023189 -0.104024 -0.132718 -0.096214 0.060358 -0.214831 0.022032 -0.035034 -0.005676 0.010767 0.011580 -0.100490 0.070067 0.055469 -0.042739 0.055260 0.181456 -0.068203 -0.064899 -0.029402 -0.068081 0.302035 -0.009293 0.019654 0.163851 -0.154211 0.077642 0.035950 0.094813 -0.123147 0.090150 -0.031179 0.060827 -0.061653 0.067516 0.021070 0.002691 0.183887 0.054876 0.070143 -0.040861 -0.023732 0.029329 -0.077336
0.185956 0.103707 -0.050581 0.089861 -0.027280 0.140245 -0.029032 0.079063 0.006353 0.276717 0.058368 0.006335 0.096601 -0.098078 -0.155448 0.233017 0.011399 0.173930 0.006248 -0.067487 0.118563 -0.150567 -0.033717 0.104519 -0.124422 0.017912 0.083407 0.014125 -0.204640 0.098196 -0.059294 0.103953 -0.155029 -0.379419 -0.132806 -0.088577 0.088270 0.108233 0.126603 0.040085 -0.183463 -0.110206 -0.333432 -0.035580 0.181942 0.009569 -0.096338
0.177641 0.028364 0.166059 -0.073016 0.011973 0.016952 0.157889 -0.081731 -0.016500 0.038419 0.024428 0.042958 -0.210635 -0.081062 0.164065 -0.000539 0.049589 0.094651 0.087372 0.157266 -0.082870 -0.061059 -0.094816 -0.067718 -0.022052 0.179758 -0.025898 0.195744 -0.085839 0.138485 -0.013446 -0.006811 -0.273185 -0.139504 0.079554 0.080307 -0.048933 -0.203306 -0.201629 -0.049099 0.029832 0.059692 0.130778 0.055990 -0.387991 0.231243 -0.196766
-0.048323 -0.000587 0.002990 -0.000301 0.001514 0.006828 -0.010103 -0.000366 -0.002474 0.000010 -0.000141 -0.000421 1.099230 -0.002371 0.003664 0.002497 0.002376 0.000281 0.000528 0.002768 0.002626 0.014088 0.000239 0.000483 -0.035369 -0.001216 0.000065 -0.000599 -0.002586 0.000296 -0.002186 -0.000714 -0.000367 -0.000240 -0.000354 0.005291 0.004725 -0.011154 -0.000819 -0.084998 0.000792 0.000775 0.000211 -0.000585 -0.000461 -0.001320 0.001517
0.034951 -0.014253 0.004923 0.003747 0.012850 0.030189 0.531279 0.009794 -0.005063 -0.004310 -0.007547 0.001285 0.050774 -0.001151 0.030886 -0.015201 0.013908 -0.016757 0.002678 0.008966 0.014591 0.306278 -0.005576 -0.021387 0.033857 -0.027916 0.001614 0.001881 0.040505 -0.001193 -0.007511 -0.008074 0.001299 0.000385 0.010464 -0.022693 -0.015375 0.567954 0.032538 -0.004846 -0.016249 0.005535 -0.005711 0.009243 0.006386 -0.004174 0.032328
-0.128644 -0.145979 0.156620 -0.011208 0.051213 0.147405 -0.024057 0.063431 -0.034651 0.007732 -0.017159 0.235937 -0.215789 -0.255665 -0.112836 -0.009913 -0.175691 0.033122 0.039003 0.062486 0.140552 -0.088195 -0.169740 0.046004 0.083129 0.067953 0.131104 -0.135481 -0.022295 0.071773 0.006871 -0.158658 -0.076743 -0.193917 -0.052779 0.090628 0.146347 -0.078863 0.011320 0.125824 0.009855 -0.106910 0.234351 -0.025220 0.139693 -0.374485 -0.110353
0.214649 0.002117 -0.080287 -0.122702 -0.039757 0.099501 0.358568 -0.016120 0.342837 -0.144934 -0.008116 -0.030263 0.208403 -0.179757 0.164305 0.136499 0.189013 0.148353 -0.229041 -0.018970 -0.222918 -0.032533 0.329901 0.094489 0.017322 0.054829 0.044526 -0.059463 -0.142240 -0.158821 -0.179579 -0.195812 0.172745 0.034334 -0.188538 -0.076756 0.191797 -0.176363 0.015147 0.086290 -0.011147 0.166418 0.255377 -0.078097 0.127396 -0.245831 0.050440
0.016629 0.028206 -0.023516 -0.076588 -0.013182 -0.014440 -0.019176 0.019676 0.012483 0.088938 -0.006217 -0.057239 0.084101 -0.019195 -0.016927 -0.160185 0.014798 -0.023631 0.232545 0.189719 0.121437 0.127757 0.093071 0.080383 0.130604 -0.041335 -0.029519 0.039141 -0.019280 0.150167 0.095922 0.032981 0.107978 0.011605 -0.256026 -0.000486 0.173609 -0.043442 -0.052801 -0.048698 -0.041292 0.148715 0.155871 -0.052208 -0.032812 0.157486 -0.192536
0.063003 -0.036535 -0.068439 -0.220263 -0.125342 0.078176 -0.069670 0.245047 -0.053563 -0.157411 -0.148043 -0.243755 -0.015284 -0.021906 -0.088368 0.134743 0.117696 -0.037538 -0.122577 0.041335 -0.314597 -0.001752 0.012781 0.032708 -0.038659 0.042249 0.076569 0.221354 -0.029855 0.173757 0.282717 0.007895 0.180498 -0.158976 0.099974 0.098549 0.058396 0.055862 -0.169189 -0.032000 0.027621 0.189820 -0.048002 -0.182672 -0.074748 0.139740 -0.011383
0.004891 -0.067668 -0.029862 0.240095 0.019738 -0.032666 0.026549 -0.059336 0.014158 0.183438 0.145712 -0.039715 -0.103999 -0.139164 0.159084 0.148945 -0.035253 -0.041102 -0.076608 -0.137615 -0.038658 0.046332 -0.133289 0.206936 0.110017 0.077429 0.138054 0.062973 0.060121 -0.183577 0.163130 0.083430 -0.102159 -0.020681 -0.077228 0.280051 0.163787 -0.004386 0.194195 0.149876 -0.004618 -0.032110 0.082934 -0.003063 -0.130575 0.095421 -0.181808
0.380521 -0.375863 -0.087974 0.155913 -0.140098 -0.125502 -0.087158 0.002427 -0.004566 0.046067 -0.179474 -0.160330 0.026183 -0.126635 -0.029080 0.024180 -0.107489 -0.040563 0.136457 -0.119107 -0.062210 0.193521 0.230901 0.028619 -0.198049 -0.000790 0.047986 0.038685 0.026772 0.124576 -0.042059 0.048324 -0.004659 -0.234199 -0.123536 -0.165015 0.157289 0.055850 0.167575 -0.119771 -0.204612 -0.040498 -0.023778 0.110304 0.322550 -0.036073 0.082465
0.115710 0.068424 0.093725 -0.158904 -0.082031 -0.253327 0.024262 -0.001083 0.164345 -0.083992 -0.113780 0.212042 0.217883 0.054132 0.156490 0.324364 -0.102019 0.177907 0.211978 0.070299 -0.282772 -0.026544 0.466372 -0.096399 0.082736 -0.129445 -0.062953 -0.023541 0.115423 0.073992 0.156665 0.063180 0.047691 -0.054411 -0.254381 -0.095345 0.069698 -0.026166 -0.276153 -0.049941 -0.142811 -0.007588 -0.044065 -0.025172 0.009500 -0.089174 -0.062203
-0.006183 0.000001 0.000243 0.000014 -0.005540 -0.000213 0.000146 0.000082 0.000451 0.001427 0.012580 0.001359 -0.000035 -0.000043 -0.000086 0.001101 0.000338 0.009503 -0.000191 0.000149 0.003124 -0.000220 0.908185 0.035797 -0.002352 0.001265 -0.000004 0.002582 0.000292 0.000691 0.000828 0.000399 0.017791 0.000867 0.000559 0.000456 0.009981 -0.000189 -0.000029 -0.001550 -0.000108 0.000954 0.001623 0.038164 0.000055 0.001015 -0.001121
