0.009146 -0.016177 0.074033 -0.087021 0.077281 -0.067538 -0.114090 0.150795 -0.063932 0.091735 0.216739 0.033767 0.075007 -0.050538 0.068689 0.230429 0.056603 0.068494 -0.075467 0.049081 0.069650 0.098860 0.050171 -0.170823 -0.081032 0.107184 -0.028751 -0.094107 0.044179 0.014278 -0.021061 -0.079595 -0.092512 0.120185 -0.045761 0.158295 -0.053107 0.102815 -0.028823 -0.032450 0.111694 0.011815 0.009036 -0.024711 0.027063 -0.324113 0.076645 0.134605 -0.071083
-0.141816 0.021722 -0.039557 -0.049219 -0.049087 0.040232 0.064874 0.116809 -0.074598 -0.054962 0.015566 0.004481 0.107880 -0.187353 0.109249 -0.174358 -0.085459 0.009432 0.040743 -0.040486 -0.038018 -0.001785 0.010309 -0.210743 -0.018284 -0.229293 0.047015 0.018694 -0.128321 -0.124188 -0.146860 -0.049544 -0.021237 0.014551 -0.117537 0.154840 -0.011256 0.198008 -0.035427 0.163620 -0.094437 -0.076404 0.069575 -0.261047 0.045099 0.031469 0.036290 0.040067 0.060651
0.033217 -0.112973 -0.021963 -0.054207 0.087678 0.028301 0.100163 -0.013216 -0.006517 -0.163298 0.255549 -0.203064 0.072414 -0.077429 0.097378 -0.145856 0.072278 0.239136 -0.001435 0.012292 0.005664 -0.024766 0.105698 0.021398 -0.195282 -0.181070 0.070278 0.035103 0.173064 -0.136387 -0.044432 0.076852 -0.124081 0.080147 0.113613 -0.036463 -0.017284 0.057275 -0.136586 0.097344 0.049383 0.000368 0.072080 -0.151599 0.028430 -0.076161 -0.001059 0.008878 0.043790
-0.262965 -0.155591 -0.083287 -0.295364 0.137016 -0.062625 0.072599 -0.092032 0.055767 -0.023253 -0.046432 0.125430 -0.046603 0.000371 -0.015548 -0.045149 -0.135708 -0.050097 -0.016469 0.005250 -0.017268 -0.011050 -0.029951 -0.024780 -0.083075 0.039784 0.013699 0.009292 0.192302 0.121961 -0.011316 0.006982 0.108966 0.049420 0.172483 -0.048011 -0.042677 -0.073316 -0.329137 -0.121619 0.007825 0.164441 0.043535 -0.007562 0.168935 0.025654 -0.065423 0.109954 -0.049240
0.020150 0.123768 0.019446 0.139724 -0.109014 0.183396 0.003793 0.081284 0.103265 0.116991 -0.040608 0.156865 -0.034216 -0.083934 -0.196121 0.159029 -0.010719 -0.106779 0.013786 -0.070955 0.030871 0.030879 -0.042435 -0.050153 -0.004887 -0.145088 -0.165117 -0.054561 -0.182097 -0.022759 -0.014037 -0.023082 0.129979 -0.138750 0.084528 -0.016030 0.074994 -0.054188 0.157703 -0.169517 -0.007966 -0.099825 0.042992 -0.036023 -0.212661 -0.098027 -0.116912 -0.060670 -0.002687
0.009878 0.175432 -0.001579 -0.014785 0.024576 0.013647 0.004018 0.238382 -0.157457 0.227590 -0.031619 -0.102857 0.000659 0.085313 0.194460 0.086385 0.031863 -0.012256 0.062448 0.088329 -0.066500 0.098158 -0.077480 0.145506 -0.068001 -0.060193 -0.089081 -0.068951 0.098533 0.122521 -0.305985 -0.074662 0.096493 0.167472 -0.246300 0.281794 -0.032192 0.095650 0.034422 0.038170 0.033725 0.031442 -0.104912 -0.087953 0.087680 0.088658 -0.203278 -0.152747 0.123844
0.102068 -0.026675 -0.063351 0.147177 0.175751 0.099600 0.046623 0.043281 -0.186502 0.024353 -0.010378 -0.026954 0.135263 0.020196 0.099143 0.003997 -0.041441 -0.035797 -0.122365 0.013256 -0.131235 0.085503 0.047582 0.107425 -0.009787 -0.041280 -0.068353 0.120895 -0.008859 0.084336 -0.097805 0.085737 -0.091389 0.174260 -0.092870 0.099752 -0.047525 0.010311 0.112527 -0.118043 -0.181052 0.100621 -0.171716 0.035937 0.073907 0.109754 -0.080542 -0.045601 -0.006254
-0.169588 0.011668 -0.086250 -0.008188 0.001898 -0.102765 0.082581 -0.080554 -0.017326 -0.097265 -0.125476 -0.265022 0.178727 -0.023572 -0.032283 -0.021603 -0.105040 0.113943 0.103626 0.117461 -0.006120 -0.109940 -0.110369 -0.007320 -0.022249 -0.122757 0.050141 -0.068007 0.018516 -0.126325 -0.146974 0.010541 0.102984 -0.055696 0.206923 -0.123211 -0.078533 0.000199 -0.221195 0.062809 0.019341 0.072643 -0.045835 0.055388 -0.113566 -0.236501 0.042284 0.039021 0.038608
0.057446 0.073819 -0.079637 -0.067820 0.035880 0.162829 -0.069221 -0.001761 0.041870 -0.128237 -0.147582 0.049318 -0.051500 -0.093864 -0.053497 0.110329 0.008910 0.096271 -0.126315 -0.064539 -0.186223 0.025299 -0.161215 -0.074866 -0.044599 0.114759 -0.034017 -0.066149 -0.044460 0.115701 -0.025145 0.085376 -0.081507 -0.160160 0.200185 -0.051006 -0.143922 0.030873 0.126663 0.029048 -0.009457 0.051426 -0.021914 0.030088 0.042121 -0.035510 -0.010480 0.080225 0.018132
-0.017058 0.036995 0.006054 0.104939 0.013030 -0.083111 -0.034600 0.159186 -0.169911 -0.077737 0.023675 -0.071275 -0.199676 -0.025424 -0.066868 -0.045714 0.079471 0.003160 0.094225 0.003369 -0.137724 0.065805 -0.288869 0.123995 0.082695 0.144806 -0.091453 -0.009263 -0.013939 0.009813 0.153471 0.140630 -0.004750 0.057909 0.037053 0.025462 0.002419 -0.267477 0.040955 -0.060313 -0.057345 0.055018 0.026558 0.154542 -0.011799 0.003419 0.036105 0.206346 -0.074622
0.027144 0.096175 0.032033 0.073156 -0.120635 -0.061830 -0.045119 -0.033824 -0.253103 -0.055697 0.078772 -0.056868 -0.200090 -0.116484 0.021037 -0.065189 0.199691 0.115189 0.029841 0.030401 -0.076850 -0.051730 -0.097771 0.031736 -0.040637 -0.050370 0.123189 0.042838 -0.098879 0.073751 -0.064339 -0.053005 0.064695 0.093022 0.084029 -0.049573 -0.020985 0.188839 0.202500 0.033681 -0.063215 0.064277 -0.088906 -0.038264 0.000496 0.071871 -0.046826 -0.116161 -0.077992
-0.039225 0.187182 0.021455 0.113230 -0.092987 0.045120 0.045229 0.024008 -0.144645 -0.054347 0.124084 0.091566 -0.191089 0.140710 -0.077904 0.049485 -0.077181 0.074623 -0.182579 -0.052792 -0.182598 0.062710 -0.197893 0.094691 0.047544 -0.156867 0.025981 0.051249 -0.038837 0.203875 0.070434 -0.010335 0.061982 0.105985 -0.012642 0.123998 0.082334 0.037530 -0.059064 0.025493 -0.013233 0.021691 -0.196004 0.096487 0.014047 0.151757 -0.224211 0.135428 -0.137516
-0.044015 -0.144301 0.028827 0.022359 0.113471 -0.119842 -0.086497 0.154821 0.054374 0.126228 -0.039551 -0.053858 -0.048596 0.198366 0.305556 0.032955 0.063751 -0.088877 -0.044258 -0.026914 0.100596 0.039311 0.314502 -0.108589 0.070011 0.059132 0.022324 0.068583 0.101983 0.053857 0.059084 -0.080128 -0.050501 -0.110321 -0.062724 0.061507 -0.065783 -0.016205 -0.045738 -0.103495 -0.060491 -0.030484 -0.174730 0.022274 0.142015 0.111877 0.102676 -0.085863 0.149003
0.001258 0.122068 0.061359 -0.085704 -0.127162 0.051738 0.075433 0.054232 0.134672 -0.064731 -0.149768 -0.046105 -0.081770 -0.204149 0.087323 0.045982 0.084205 -0.209026 -0.102786 -0.043754 0.204477 0.153296 -0.006434 -0.051528 0.014712 0.052356 -0.067561 0.006269 -0.033111 -0.111492 0.032398 0.047492 0.025113 -0.007863 0.157610 0.093848 0.000494 0.066920 0.010507 0.070049 0.041965 -0.161833 0.110370 0.045093 0.106866 -0.041039 -0.097586 0.021336 -0.033142
-0.032976 0.165884 0.181498 -0.030302 0.113146 -0.070512 0.141292 0.051549 0.000239 -0.246566 0.029513 0.186078 -0.075190 0.085615 -0.205608 0.084918 -0.058631 -0.055074 -0.018622 -0.119584 -0.137168 0.120376 -0.058429 0.084842 0.045375 0.094712 -0.101354 -0.021530 0.009129 0.025469 -0.022101 -0.127877 -0.100244 -0.065804 -0.096958 -0.047014 0.018427 0.096404 -0.041223 0.114480 -0.041235 -0.083995 0.074140 -0.010778 -0.064476 -0.040602 -0.048868 0.076699 -0.124513
0.039062 -0.141611 -0.093181 -0.029449 -0.196138 0.028802 -0.100185 -0.015461 -0.009084 0.144281 -0.046797 -0.005900 0.042587 0.110510 0.022977 -0.110280 -0.151976 -0.014906 0.027132 0.001566 0.050466 0.037749 0.065141 0.254329 0.074598 -0.028493 0.180622 0.080922 -0.159366 0.111456 0.119609 -0.068394 0.132570 0.013276 -0.065642 -0.087491 -0.064783 -0.049913 0.124647 0.118747 0.068615 -0.025682 -0.037537 0.014083 0.078254 -0.048273 -0.098252 0.010429 -0.092073
-0.024562 0.034882 0.125804 -0.065233 0.111629 -0.121398 0.012474 0.027468 0.037862 0.004883 -0.351195 -0.007711 -0.123258 0.033901 -0.017624 -0.031170 -0.126887 -0.139279 -0.087021 -0.015872 -0.039384 -0.042546 -0.083462 -0.000450 -0.140573 0.029515 -0.124312 -0.150767 0.054807 -0.079483 -0.187550 0.087175 0.045060 -0.132272 -0.097895 -0.000474 0.143967 -0.110752 -0.215780 -0.045766 -0.074862 -0.219330 -0.157082 -0.099176 -0.002742 -0.041499 -0.101016 -0.018322 -0.009151
0.067869 -0.066828 -0.188106 0.048461 -0.072122 -0.066348 0.071855 0.048856 0.037673 -0.044625 -0.209191 -0.291758 -0.092800 -0.011028 -0.002531 0.001308 -0.021245 -0.048869 0.009655 0.107210 -0.174601 0.027060 -0.135088 -0.000083 0.110770 -0.091961 0.077667 0.160914 -0.171173 0.232956 0.094548 0.018011 -0.016280 -0.059324 -0.079945 0.125500 0.042826 -0.114836 -0.026374 -0.053662 -0.055805 -0.156692 -0.146422 0.024946 -0.040736 -0.019462 -0.096356 -0.266590 -0.078737
0.088865 0.183806 0.014694 0.149482 -0.082391 0.134664 -0.017178 0.082560 0.084880 -0.013435 0.003006 -0.065763 -0.211979 -0.030939 0.027638 0.082801 0.095144 -0.051394 -0.053201 -0.024193 -0.087863 0.082020 0.025102 -0.000414 0.076277 -0.057834 0.013275 -0.061619 -0.044276 0.032063 0.012140 0.039305 0.058134 -0.028423 0.023827 0.108983 0.155745 -0.047650 0.051053 0.133231 0.001160 -0.082374 0.126966 -0.372574 0.042275 -0.067297 0.142493 -0.018411 -0.080673
-0.155581 0.097627 -0.016075 -0.041600 -0.110103 -0.102156 -0.152863 0.059088 -0.080253 -0.054641 -0.079328 -0.105617 0.044167 0.151780 0.029513 -0.006559 0.009403 0.053361 0.072621 -0.233842 -0.064360 -0.118363 0.036692 -0.160617 0.162864 0.151375 -0.112305 0.084614 -0.077315 0.145110 0.020089 0.092068 -0.056471 0.068225 -0.004983 -0.056133 -0.110319 0.037252 0.143738 -0.063583 -0.137501 -0.265778 -0.003585 0.054730 -0.005798 0.007311 -0.036933 -0.098882 -0.017020
-0.254896 0.019339 0.167467 -0.009452 0.018308 0.100242 0.014861 -0.002367 0.021987 -0.076439 0.060880 -0.043550 -0.042374 0.025813 0.005741 -0.011785 -0.036265 0.028930 0.033617 -0.072438 0.069390 -0.000484 -0.047470 -0.109850 -0.002590 -0.077547 -0.087789 -0.011194 -0.073645 -0.099523 0.057638 -0.181038 -0.049564 -0.079418 -0.326100 -0.027758 -0.041761 0.010460 -0.133624 0.104913 0.001014 0.025438 0.126149 0.205171 0.008879 -0.148866 0.073582 0.081592 -0.010836
-0.017906 -0.122698 0.106732 -0.067222 0.098160 -0.080561 0.029355 0.066426 -0.052444 -0.222976 0.224289 -0.121049 0.086805 -0.146331 -0.062806 -0.007759 0.135914 0.175420 -0.063823 -0.089197 -0.056521 0.003959 0.109238 0.129232 -0.050638 -0.156119 0.100324 0.036045 0.027355 -0.049394 0.088579 0.084076 0.063252 -0.103116 -0.183960 0.120798 -0.014604 -0.053581 0.003640 0.100812 -0.074757 0.168783 0.007448 -0.125908 0.125827 0.089606 -0.080428 -0.050420 0.011462
0.057171 0.136626 -0.085226 0.149647 0.049878 0.139330 -0.078291 -0.033598 0.183197 -0.015503 -0.112172 0.116596 0.044747 -0.076646 0.059057 0.025598 0.074250 0.096528 -0.001978 0.074309 0.279335 0.042275 0.117789 0.177458 -0.078647 0.333527 -0.088093 -0.049061 0.000789 -0.087181 0.036792 -0.018921 0.219595 -0.041803 0.056420 0.026374 0.042494 -0.014758 -0.038573 0.123598 -0.042662 0.184297 -0.129300 0.249488 0.094802 -0.049007 -0.015421 0.120291 -0.096447
-0.013693 0.056386 -0.111836 -0.091950 -0.117829 0.050898 -0.087686 -0.023680 -0.137925 0.007771 -0.040261 -0.086965 -0.141077 0.080568 0.014802 -0.026113 -0.091863 -0.077753 -0.198964 -0.067794 -0.015136 -0.100334 0.146513 -0.142649 0.053052 -0.112431 -0.142208 0.090115 0.012126 -0.124227 0.040808 -0.073225 -0.020409 -0.045745 -0.297937 -0.083324 -0.142605 -0.143233 -0.004736 0.016456 -0.143137 -0.030246 0.076358 0.077420 -0.123928 -0.171238 -0.040303 -0.160520 0.024029
0.011639 0.054063 0.019591 -0.090034 -0.219463 0.022687 0.003189 0.129690 0.200412 -0.114711 0.078687 0.066492 0.001578 -0.148505 -0.050992 0.016208 -0.034634 0.054908 -0.107706 0.001656 0.028057 -0.062148 -0.085319 -0.062780 0.230313 -0.041181 0.097729 -0.085731 -0.055963 0.060443 0.131713 -0.239380 -0.031233 -0.016224 -0.001499 0.063216 0.029721 -0.252545 -0.001424 0.030373 -0.027572 -0.046743 -0.139334 0.012287 0.102313 -0.031858 -0.033313 0.163494 0.039213
-0.210557 0.021520 0.065123 0.049802 -0.010844 -0.050365 0.089675 -0.025567 -0.039869 0.029070 0.193784 -0.074563 0.012006 0.057458 -0.204267 0.064764 -0.029908 0.057533 0.036041 -0.248985 0.083511 0.090614 0.090190 -0.058191 -0.007227 0.057701 -0.228805 0.109345 0.150906 -0.179580 0.033036 -0.053658 -0.005444 0.013670 0.082742 0.147505 -0.213049 -0.079212 0.147480 0.073987 -0.188807 0.009087 0.055021 -0.133578 0.160811 -0.106482 -0.014603 -0.052655 -0.161521
-0.009220 0.007726 -0.076010 -0.012741 0.056139 0.154963 -0.190824 0.026142 0.043612 -0.029071 -0.059506 0.092901 -0.008559 -0.094331 -0.124012 -0.036017 -0.117375 0.036207 -0.065011 0.144082 0.004007 0.069097 0.134894 -0.174050 0.077308 0.028766 -0.132946 -0.055005 -0.001036 -0.115477 -0.109481 -0.044965 -0.061038 0.126994 -0.058256 0.165264 -0.067523 -0.315196 0.108278 -0.262975 -0.017032 0.073031 0.024122 0.169777 0.017807 -0.136887 -0.029625 -0.143369 -0.004107
-0.025652 0.175711 -0.106933 -0.112315 -0.105403 -0.024295 0.033716 -0.017166 -0.019728 0.038354 -0.002954 0.083089 0.029848 -0.065961 -0.082405 -0.097472 -0.086849 -0.040279 0.077977 -0.031923 -0.089567 -0.157055 0.094427 -0.158073 0.071434 -0.060324 -0.139198 0.160740 0.084459 0.089684 -0.001519 0.146353 0.015120 0.332669 0.006764 -0.028430 -0.086320 0.025492 -0.158313 -0.084617 0.105360 0.173679 0.183552 -0.112030 -0.068865 0.256574 -0.036272 -0.081843 -0.225078
-0.145940 0.127349 -0.137966 0.051267 0.053112 0.192907 -0.053507 -0.003646 -0.157159 0.267832 0.101429 -0.119922 -0.132050 -0.043682 -0.012127 0.070191 -0.016358 0.122331 -0.134778 0.054704 -0.155320 0.016615 0.303120 0.052755 0.055435 0.056355 -0.060234 0.056774 -0.005169 -0.192244 0.007890 0.187165 -0.033507 -0.026873 0.127594 0.142480 0.099475 -0.050431 0.165703 0.140275 -0.020334 -0.014259 -0.000983 0.129778 -0.074474 0.069827 -0.135079 -0.008807 -0.149552
-0.162399 0.114718 0.007012 -0.001474 -0.075644 0.255996 0.023866 0.135762 -0.192933 0.094690 -0.051329 -0.047842 0.135327 -0.150083 0.100955 0.165719 0.139526 -0.138158 0.048500 -0.046844 -0.006325 0.181534 -0.102235 -0.170978 -0.031263 0.083582 0.009511 -0.026451 -0.043452 0.008188 0.100988 0.180498 0.018171 0.094105 0.107748 0.079663 0.089004 0.046185 -0.025480 -0.048143 -0.086888 0.053973 0.065345 -0.042921 0.019120 0.131151 -0.008811 0.009444 -0.003365
0.020811 0.038202 -0.135541 -0.046986 0.104546 0.077471 0.054626 -0.000896 -0.081857 -0.027325 -0.174744 0.167650 -0.033652 0.069578 -0.052359 -0.016063 -0.075265 0.082987 -0.120732 -0.001174 0.054284 0.034294 -0.119969 -0.024633 0.029726 0.129655 -0.012229 0.085955 -0.091279 0.154926 -0.030614 -0.106898 -0.225797 -0.001514 0.092691 0.009979 0.072806 0.032597 0.047870 -0.051033 -0.098531 0.202120 0.011989 0.111969 0.025036 0.079708 0.070161 -0.047992 0.117986
-0.095760 0.016941 -0.088960 0.010717 -0.009987 0.002976 0.012817 0.046207 0.062565 0.145267 -0.053968 -0.091823 -0.020179 0.170683 -0.099879 0.108366 -0.231529 0.013019 0.057180 0.093816 0.184964 0.216939 0.204384 0.174011 -0.017385 0.024206 0.058262 -0.272725 -0.109079 0.015821 -0.013741 -0.044134 -0.002863 -0.072190 -0.024155 -0.109259 0.008549 0.168931 0.016228 -0.099053 0.034064 -0.062861 0.056051 0.004619 -0.010508 0.217480 0.014727 -0.107096 -0.088652
-0.068229 -0.032613 0.054162 -0.066254 -0.021110 -0.000878 0.036372 0.026054 0.116010 -0.018254 0.198237 -0.009804 -0.119279 0.157412 0.045606 0.063713 0.070382 -0.123348 0.140238 0.064666 0.058297 0.079056 -0.122649 -0.118498 0.047518 0.024162 0.038837 -0.196026 -0.106551 0.051228 0.067038 -0.030535 -0.037097 -0.090074 0.181106 -0.090847 0.013390 -0.158235 0.020652 -0.077409 0.011353 0.068362 0.086286 -0.032849 0.034380 0.110321 -0.195949 0.094900 -0.042478
-0.192968 0.034213 0.093772 0.099605 -0.074012 0.023607 -0.024637 0.092580 0.148668 0.170580 -0.026001 0.111937 0.056935 -0.116955 -0.093338 0.100859 -0.121009 0.125993 0.030166 0.102173 0.090440 0.064645 -0.003165 -0.096944 0.172411 -0.086032 0.019989 0.094323 0.088288 0.011005 0.076464 0.046691 0.083261 -0.019167 -0.023300 0.000268 0.090763 0.011756 0.068849 -0.004016 -0.019416 0.100198 0.122710 0.019117 -0.037543 0.120646 0.217519 -0.101713 0.050130
0.038019 -0.090434 0.110829 -0.062474 -0.066676 -0.116069 0.103732 -0.013772 -0.214537 -0.059782 -0.120653 0.032727 -0.007730 -0.039162 -0.045670 0.159536 0.105194 0.082616 0.156703 0.126166 -0.024601 0.010659 0.072838 0.026035 0.004653 0.142942 -0.232550 -0.156943 -0.115462 0.166520 0.119325 -0.078213 0.056738 -0.204332 -0.148209 0.038927 -0.045767 -0.073728 -0.253098 0.046812 -0.098996 0.025356 0.013259 0.001472 0.101783 -0.061656 -0.103168 0.048865 0.013248
0.029025 -0.029620 -0.023984 -0.064652 -0.189851 0.002789 -0.005198 -0.050370 -0.006462 -0.223758 0.042376 0.023050 -0.113868 -0.071436 -0.041427 -0.063855 -0.101734 -0.061487 0.123071 0.031693 -0.116951 -0.083438 0.077940 -0.070608 -0.026806 0.001795 0.172878 0.072282 -0.156349 0.111082 -0.006600 0.095326 0.096932 -0.181192 -0.025561 -0.147646 0.229603 0.150077 -0.092412 -0.066055 0.006703 0.067791 0.051161 0.037557 -0.087053 0.175658 -0.188751 -0.017979 -0.020915
-0.189982 -0.033482 -0.016885 0.156395 0.181806 -0.110934 -0.077808 0.056491 -0.083365 -0.020637 0.008674 0.116290 0.051250 -0.038748 -0.003306 -0.008775 -0.138827 0.066953 -0.234577 0.059306 0.015335 0.049477 0.061751 -0.029386 -0.050252 0.117265 0.092256 -0.071084 -0.042519 -0.289955 0.136239 0.013163 0.051230 -0.109155 0.086615 -0.079108 0.140663 -0.050605 0.059038 -0.053484 -0.113224 -0.041537 -0.001546 -0.124655 -0.052765 -0.081288 0.048563 -0.063957 0.015662
-0.023093 -0.085666 0.012437 0.065363 0.102749 0.047533 0.122976 0.044763 0.042950 -0.056021 0.026738 -0.049481 0.179601 -0.009925 -0.026986 0.002983 -0.004575 0.006313 0.107380 0.041468 -0.013568 0.097241 -0.086901 -0.110758 -0.046255 -0.330034 0.041625 0.002082 0.069984 0.143994 0.025330 -0.046927 0.080772 -0.075658 -0.021665 0.059608 -0.059526 0.027926 -0.060694 -0.127388 0.025362 0.128417 0.024375 0.042428 0.081652 0.140064 0.100548 -0.009656 -0.112572
0.031008 0.018528 -0.062596 -0.060151 -0.056037 0.136869 0.059145 0.004744 0.155197 0.145231 0.055842 -0.031804 -0.022595 0.233542 0.019149 0.148923 -0.105880 -0.071870 -0.090908 -0.043668 -0.035796 0.103356 -0.118499 0.158413 0.013510 -0.023184 -0.038868 -0.012587 0.084006 0.106538 -0.138050 0.341711 0.095893 0.109467 0.115631 0.080384 -0.037947 -0.077333 0.107248 0.064977 -0.096630 0.188197 0.069741 -0.085696 -0.020247 0.049574 0.013569 -0.157317 0.048286
0.067354 0.012421 -0.031726 -0.009273 0.061507 0.125164 0.045322 0.018636 -0.043349 0.032672 -0.046890 -0.192382 0.180315 0.029131 -0.053089 0.101222 0.038331 0.044455 -0.126984 0.008957 -0.037895 0.067055 0.074922 0.027646 0.036516 -0.053828 -0.134439 -0.079110 0.299350 0.049010 -0.081607 -0.239373 0.049087 -0.063526 -0.284322 -0.104931 0.040177 0.053921 0.163109 -0.086758 -0.049018 -0.123939 0.173908 0.082224 -0.013828 -0.010230 0.088486 -0.134655 -0.103745
-0.072318 -0.109540 -0.004630 0.195397 -0.069180 -0.096796 0.040517 0.073419 -0.265207 -0.186366 -0.101252 -0.017185 -0.027497 0.034743 -0.086693 0.097064 -0.004380 -0.056091 0.134143 -0.128832 0.108054 -0.008243 0.000799 -0.008909 0.115575 -0.241355 0.044673 0.115505 0.059503 0.165260 0.120160 -0.173886 -0.133102 -0.108655 0.072160 -0.019382 -0.142669 0.122804 0.010979 -0.041616 0.000986 0.079649 0.018367 0.186764 0.071768 -0.086838 0.144481 0.078194 0.024510
-0.152756 -0.123564 0.027324 -0.080094 0.046663 -0.149944 -0.084618 0.147732 -0.044573 0.075262 -0.160148 -0.000191 -0.190140 -0.010446 -0.038818 0.236320 0.001099 0.005825 0.113039 -0.202835 0.051694 -0.198734 -0.051693 -0.017859 -0.088872 0.011343 0.205272 0.058707 -0.086569 -0.209972 0.015368 0.149467 0.084044 -0.086956 -0.062108 0.247717 0.190954 -0.100937 -0.037270 0.113983 -0.027026 -0.056723 0.033072 0.016911 -0.046658 -0.092013 -0.228226 -0.024339 0.022711
0.096736 0.102205 0.008429 0.072071 -0.011943 -0.060191 0.022105 0.080920 0.250194 -0.061105 -0.034820 -0.013901 0.147093 -0.002041 0.097763 0.005217 0.090123 -0.130234 0.007892 -0.025337 0.059308 -0.037039 -0.096695 0.019644 0.036366 0.024966 0.051167 -0.092607 0.177816 -0.220755 -0.191709 0.051218 0.058888 -0.109688 0.000849 -0.051210 0.010769 0.008672 0.003151 -0.110887 0.078762 0.004605 0.055991 0.029805 -0.121982 0.074288 0.026549 -0.026416 -0.063576
-0.103430 0.074811 0.093946 0.049930 -0.001761 0.112611 -0.004275 0.015967 0.008973 0.003417 -0.103514 -0.030304 -0.027029 -0.006658 -0.047874 0.073747 -0.084057 0.109878 0.201715 0.071355 -0.149354 0.082078 0.021006 0.111935 0.076887 0.121475 -0.103654 -0.089951 -0.056987 -0.046283 -0.052473 -0.029489 0.063244 -0.001695 0.085785 -0.018827 0.022644 -0.293167 0.031168 -0.063400 0.164207 -0.088823 -0.134968 -0.149386 0.073214 0.033275 -0.033176 -0.089798 0.081788
-0.007041 -0.006875 0.008818 0.208640 0.021127 0.059984 -0.209955 0.081335 0.025068 0.011379 0.073026 0.008272 -0.022147 0.207135 -0.103129 -0.004884 0.107605 0.081991 0.144494 -0.127043 0.066492 -0.108632 0.042245 0.059957 0.030439 -0.245285 0.017474 -0.104367 0.062431 -0.004051 0.090188 -0.044719 0.096998 0.091778 -0.048739 0.104117 0.037462 -0.053384 0.208288 -0.117990 0.010480 -0.232270 0.149548 -0.211858 -0.055058 -0.119515 0.058985 -0.131518 -0.276747
-0.031903 0.063954 0.140219 0.078526 0.131213 -0.184738 0.126816 0.106027 -0.051585 -0.129608 0.051677 -0.031137 -0.071407 -0.024449 0.133594 0.066614 -0.078306 0.051519 -0.127417 -0.103953 0.038300 -0.094253 0.056986 0.042765 0.039999 0.140585 0.039598 -0.012262 0.079740 0.046314 0.124404 0.188777 -0.145243 -0.012232 -0.195503 -0.077072 -0.028528 0.036078 0.067869 0.007138 -0.260907 -0.051050 -0.059087 -0.116266 0.026574 0.184149 0.085939 -0.029384 0.020191
0.164598 0.159045 -0.027563 -0.118789 -0.128516 -0.109998 -0.167860 0.033289 0.112505 0.013185 -0.020471 0.125966 0.107286 0.038525 -0.246426 -0.048038 0.125733 -0.158120 -0.158996 -0.090709 -0.029788 -0.007988 0.068960 -0.129467 0.093489 -0.132746 0.132774 -0.044712 -0.125497 0.034782 0.019609 0.129126 0.121631 0.133769 0.194204 0.125740 0.005287 0.034528 -0.116035 0.049674 -0.052141 0.140733 -0.095911 -0.101384 -0.038567 -0.081220 0.199576 -0.106908 0.052638
0.098068 0.111885 -0.004633 -0.003855 0.045579 -0.067500 -0.161497 -0.055510 -0.154499 -0.076353 0.182520 0.041228 -0.003402 -0.050388 -0.195871 -0.019945 0.060376 0.100272 0.136132 -0.069955 -0.065871 -0.018649 -0.074334 0.099825 -0.036773 0.033814 0.060769 0.009737 -0.087221 0.023223 0.044390 -0.084698 -0.152634 -0.251059 -0.174520 0.082257 -0.092840 -0.154158 0.109725 -0.043973 -0.107117 0.051282 -0.044926 0.042185 0.037636 -0.002302 -0.131516 0.016593 -0.079119
-0.066380 -0.082330 0.039253 -0.160927 -0.002180 -0.003340 0.057076 0.055215 -0.244356 0.004132 0.017299 -0.023695 -0.071412 -0.026007 0.055803 0.012844 0.174015 0.028053 0.014040 0.052783 -0.010731 -0.053984 -0.062325 0.054799 0.058205 0.104001 0.086015 0.034160 -0.034431 -0.106934 0.168084 0.040464 -0.074490 0.074878 -0.040476 -0.003366 -0.014825 -0.061071 -0.194432 0.066521 -0.104404 0.010101 -0.094479 -0.027105 0.009911 0.078394 -0.028788 0.020747 -0.107932
0.116891 -0.106983 -0.013432 0.054793 0.134030 -0.079700 0.129743 0.127340 0.138093 -0.021762 -0.052251 -0.014944 -0.110932 0.055123 0.137020 0.164966 0.063852 -0.052922 0.093335 -0.002375 0.074379 0.175055 -0.206516 0.174969 -0.013706 -0.179873 0.273358 -0.093345 0.082983 -0.025045 0.028967 0.038179 0.012542 -0.108866 -0.133483 -0.044957 -0.062296 -0.065715 -0.049968 0.089231 0.092771 -0.048152 -0.021041 0.179084 0.110717 0.118508 0.043918 -0.055297 0.010930
0.120160 0.006370 -0.237639 -0.021721 -0.012833 -0.026679 -0.011305 -0.071419 0.012480 -0.233624 -0.077451 0.094056 -0.072721 0.008898 -0.109888 -0.259730 0.004770 0.005549 -0.092208 -0.019558 -0.028710 -0.005643 -0.040385 0.023424 -0.003883 -0.112208 -0.108865 -0.079686 0.022744 0.098596 -0.038405 -0.185554 -0.055602 -0.026833 -0.176420 0.076028 0.045750 0.128264 0.010960 -0.164437 -0.049809 -0.026328 0.013005 -0.077097 0.049778 -0.000362 -0.072006 -0.092939 -0.089540
-0.010655 0.029701 -0.028787 0.166362 -0.021923 0.052347 0.146407 -0.066954 -0.123335 -0.226124 -0.070246 0.032383 -0.025199 -0.069263 0.022581 -0.017163 -0.042047 0.033643 0.101489 -0.102962 -0.165404 -0.024748 -0.060380 -0.182848 0.130987 -0.243327 0.092705 0.159873 -0.074417 0.003245 -0.010340 0.018075 -0.026095 -0.185337 0.017304 -0.100665 0.014491 0.287288 0.078082 0.156077 -0.026716 0.062531 0.231476 0.119723 0.025534 0.001319 -0.039051 -0.038782 -0.135758
0.128558 -0.002785 -0.046742 -0.158146 0.138944 0.010553 0.006429 -0.013524 0.106051 0.062604 0.010976 0.077093 0.095366 0.001600 0.046343 -0.004489 -0.045096 0.025277 -0.122693 -0.027837 0.010930 -0.048019 0.005208 -0.000141 0.042212 0.136108 0.095283 -0.001175 0.018911 -0.162252 0.157437 0.023642 -0.169920 -0.085990 -0.182051 0.040307 -0.091321 -0.058936 0.192240 0.078621 0.077320 0.079220 0.096746 0.136589 0.020455 0.019349 -0.104905 0.080662 0.031871
-0.048430 0.028657 -0.038276 0.033737 -0.120812 -0.056489 0.115278 0.026707 0.038990 0.027115 0.049204 0.199904 0.192057 0.113814 0.084828 -0.125388 0.028353 -0.005203 -0.021499 0.096958 0.081167 -0.035771 0.008778 -0.050910 -0.053522 0.057871 0.266516 0.107872 -0.090157 -0.164821 -0.052886 -0.098803 -0.044202 0.166728 -0.075348 0.097551 0.167655 0.120826 -0.032508 -0.041475 -0.075359 -0.053907 -0.109669 -0.075131 -0.050825 -0.098672 -0.078189 -0.116193 -0.036554
0.103979 -0.177416 0.030080 0.095731 -0.096506 -0.092239 -0.093997 0.059102 0.198954 0.078610 0.050230 0.059694 -0.070678 -0.220288 -0.051114 0.322335 0.007632 0.073943 -0.030097 0.034737 0.004670 0.039871 -0.038323 0.166392 -0.035416 0.256636 0.163813 0.019015 -0.112591 0.082152 0.135265 -0.068811 0.042973 -0.124696 -0.154526 -0.262693 0.065495 -0.081094 0.081616 -0.167111 -0.164757 0.087480 0.013027 0.061351 -0.019286 -0.098115 0.110263 -0.051580 0.174366
0.093124 -0.102912 -0.128880 -0.073857 -0.188876 0.005977 -0.317798 -0.005348 -0.027952 -0.014286 0.097110 -0.173679 0.164808 0.017416 -0.232737 0.010039 0.137684 0.141920 -0.030702 0.003126 -0.209319 0.019852 -0.149336 -0.030111 -0.046666 0.060393 -0.050393 -0.084332 -0.256057 -0.011930 -0.016457 -0.008297 -0.034282 -0.049195 0.097511 -0.182185 -0.015559 -0.133732 -0.037402 -0.016658 -0.156255 0.106384 -0.087735 0.106485 -0.065593 -0.200439 -0.004751 -0.152475 -0.031553
0.008070 0.087952 0.097889 0.085410 0.233300 -0.014131 0.092143 -0.223445 0.084323 0.042618 0.091298 0.041419 0.079677 -0.027727 -0.003129 0.108885 0.011246 -0.200870 0.031949 -0.048941 -0.048972 -0.070739 0.049907 0.049282 0.159365 0.002544 -0.079797 0.052272 -0.032915 0.024964 0.090036 0.050080 -0.246152 0.030226 0.031931 -0.017386 0.105383 0.159636 -0.059696 -0.141210 -0.046029 -0.016242 -0.152657 0.020278 -0.049783 -0.081526 0.010177 0.005255 -0.134024
0.057379 -0.046203 0.003091 0.088666 -0.080407 0.009362 -0.185094 -0.073268 0.155921 -0.109394 0.060742 -0.013566 -0.048877 0.044157 -0.156754 0.044464 -0.006148 -0.112810 -0.163533 -0.080288 -0.090019 -0.006865 0.029297 0.008928 0.094421 0.011514 -0.088015 0.180718 -0.081351 0.079137 -0.047863 0.008240 -0.076447 -0.147965 -0.213245 -0.088993 0.015315 -0.105957 0.153408 0.094872 -0.065024 0.102914 0.142810 -0.123981 -0.021769 -0.138689 0.087826 0.060435 -0.082775
-0.004064 0.029409 0.008964 0.009914 0.055599 0.025245 0.113903 0.044168 0.165140 -0.007936 0.083934 0.101620 -0.015282 -0.025855 -0.118215 0.075865 -0.067859 -0.069863 -0.086732 0.159376 0.097754 0.124833 -0.095487 0.064511 -0.093254 0.226632 -0.235587 -0.138587 -0.056495 0.053506 0.048466 0.062498 0.087519 -0.122792 0.015282 0.027450 -0.149578 -0.049802 0.018125 0.050248 0.119775 0.004123 0.034628 -0.101073 0.133797 -0.091343 0.094427 0.220486 0.071310
-0.096494 -0.071567 0.022748 0.037696 -0.085356 -0.018068 -0.217657 0.111241 0.082963 0.131427 -0.145204 0.123893 -0.210935 0.082759 -0.114387 -0.046172 -0.038366 -0.026420 0.061800 0.049370 0.162302 -0.203205 0.122738 0.145339 -0.079177 -0.169487 -0.032557 -0.079978 -0.103045 -0.096488 0.089549 0.118877 0.042549 0.038689 0.095566 -0.215186 -0.022036 0.088206 0.052012 0.123878 -0.061977 -0.130057 0.083453 -0.040134 -0.148289 -0.204790 -0.027704 -0.102550 -0.169538
0.056810 0.006891 0.121107 0.092990 -0.013907 -0.195017 0.092077 0.081689 0.186030 0.020826 0.050081 0.053029 -0.144073 -0.051635 0.134660 -0.112857 -0.093000 0.077781 -0.071427 0.146000 0.072465 0.023018 -0.016824 0.186321 0.040280 -0.136012 -0.168805 0.024078 0.011429 0.022261 0.008651 -0.011759 0.076810 0.195357 0.117235 -0.135157 0.194450 0.079118 0.041314 -0.062953 0.115878 0.144568 0.167769 0.046681 0.131232 0.018473 -0.001583 0.013462 -0.127466
0.011241 -0.016178 0.180473 -0.070627 0.154326 0.109895 -0.097206 0.147294 -0.043450 0.042465 -0.035767 0.050008 -0.183970 -0.017924 -0.052219 0.232560 -0.146643 -0.117455 0.129328 0.149848 -0.151286 -0.060005 -0.021548 -0.053930 0.022370 0.197383 0.006100 -0.034435 0.161856 -0.096942 -0.015333 -0.020948 -0.133988 -0.053216 0.009826 -0.026063 0.056644 -0.107339 0.171101 0.086842 -0.120911 0.049444 -0.023593 -0.172683 0.081025 -0.107915 -0.005303 -0.036196 -0.179885
0.010521 0.136952 -0.120158 0.036134 -0.049882 -0.068293 0.011069 0.119980 -0.040452 0.024658 0.058281 0.096535 -0.093690 -0.085337 -0.037966 0.028317 -0.045977 0.066628 -0.077308 0.119022 -0.079396 -0.054107 0.080376 0.037518 0.146067 -0.155189 -0.033088 -0.002631 0.110017 -0.061054 -0.053668 -0.048161 0.027925 -0.233190 0.084992 -0.103341 -0.068342 -0.215562 0.016760 0.065219 -0.056747 -0.024970 -0.094417 0.079650 -0.053368 -0.181555 0.279883 -0.094985 -0.118077
-0.040123 -0.090936 0.091946 -0.064533 -0.180711 -0.003906 -0.072168 0.028892 0.143631 0.200465 -0.062140 0.114108 -0.058267 -0.093553 -0.045430 0.057020 0.167838 0.053044 0.059153 0.029657 -0.000985 -0.013118 -0.044663 0.215139 -0.078590 -0.073956 -0.123866 0.080320 -0.031745 0.135740 -0.041674 0.121887 0.027786 0.193245 0.046598 -0.139696 0.137067 0.128621 -0.052501 -0.190075 -0.039766 -0.050179 0.034004 0.105594 -0.134468 -0.053393 -0.058400 0.034972 -0.105403
-0.059961 0.022652 0.043314 0.129903 0.059042 -0.005871 0.032459 0.141066 -0.149400 -0.065128 -0.039914 -0.019475 -0.004708 0.008107 0.038666 0.121027 -0.015735 0.071604 -0.086109 -0.021351 -0.074213 0.034336 -0.034545 0.048911 -0.270810 0.031920 0.110324 -0.005011 0.055415 -0.060787 -0.087831 0.004723 0.044701 -0.134982 0.069351 0.053592 0.150982 -0.049062 -0.253723 0.000216 0.053647 0.076339 -0.003582 -0.073876 0.052190 -0.039315 -0.109411 0.090404 -0.015350
0.191975 0.043071 -0.055854 0.042070 -0.122763 -0.035677 -0.033942 -0.027009 -0.013740 -0.116958 -0.102573 0.050317 -0.159285 -0.143034 -0.025930 0.069077 -0.209554 -0.029124 -0.029103 -0.113458 0.115090 0.084144 0.017182 0.178272 -0.267691 0.179574 0.013130 -0.065716 0.011328 -0.002220 -0.100063 0.021324 0.030691 -0.090747 0.088929 -0.153416 -0.249672 0.024164 -0.221520 0.011608 -0.079378 0.016532 -0.091858 -0.083783 0.024984 -0.351920 0.046231 -0.112003 -0.052532
-0.007991 -0.010310 -0.001098 -0.055250 0.025419 -0.023383 -0.070391 -0.189715 0.171208 -0.014939 0.156910 0.016602 -0.087921 0.042835 0.062935 0.077583 0.065604 0.097898 0.065543 0.083788 -0.143468 -0.194009 -0.107938 0.017128 0.115325 0.000048 0.065758 0.023679 -0.233095 0.028428 0.019863 0.064419 0.086600 -0.052904 0.009121 0.025248 -0.138981 0.020388 -0.090186 0.200825 -0.012669 -0.069965 0.005518 -0.077724 0.031531 -0.204735 0.061452 -0.004102 0.006781
-0.104513 -0.012727 0.145927 0.061029 0.076733 -0.138260 0.010625 -0.009200 -0.067764 0.103160 -0.175869 0.028574 -0.108023 -0.070651 0.003504 -0.066241 0.014151 0.047435 -0.056311 -0.143158 -0.043549 -0.215074 0.098135 -0.116356 0.053705 0.096082 0.056966 -0.058677 0.009793 -0.086630 -0.127933 -0.144883 -0.224799 0.036188 -0.150348 0.131666 -0.033850 -0.076746 -0.044265 0.029590 0.040514 0.057212 0.109732 0.053180 -0.026221 0.167567 -0.115344 0.081227 0.100859
-0.075905 -0.088191 0.065903 -0.133414 0.120994 -0.029415 0.164011 -0.019476 0.016282 0.009700 0.019689 -0.079072 0.028789 0.125007 -0.012180 -0.029289 0.002908 0.089162 -0.017531 -0.015551 -0.004278 -0.196312 -0.032852 0.097700 -0.014427 -0.061567 0.081327 0.069936 0.089127 0.039765 0.270448 -0.033802 0.153786 0.012493 0.064696 -0.048307 0.050172 -0.211853 -0.163232 -0.072754 0.048800 0.125950 -0.049208 0.069976 0.027309 -0.079011 -0.034525 0.002578 0.009052
0.097951 -0.015210 -0.009432 0.006560 -0.013310 -0.151242 0.121301 0.052726 0.137121 -0.121438 -0.023460 0.049282 0.103244 0.068222 -0.250139 -0.028091 -0.035908 0.128216 -0.139200 -0.067367 0.013877 0.010867 -0.108401 -0.039634 0.037954 -0.093869 0.042322 0.056042 -0.013729 0.052716 0.161203 0.127209 -0.058277 -0.103645 -0.024050 -0.029085 0.118756 -0.121123 -0.127202 -0.014159 -0.056677 0.130392 -0.012578 0.189817 -0.119236 0.077199 0.079448 0.257585 0.121289
-0.032783 -0.007468 -0.006477 0.018572 -0.107759 0.021148 0.036698 0.046441 -0.234646 -0.053914 -0.054413 0.160874 -0.151110 -0.129645 -0.033883 -0.076523 -0.055810 -0.070733 0.061861 -0.013045 -0.063552 0.063975 0.112034 -0.015746 -0.252017 0.030350 -0.059369 -0.096103 -0.099692 -0.173623 -0.029590 -0.023452 -0.057317 -0.110761 0.039778 -0.149716 0.063646 -0.073278 -0.017222 -0.043082 0.001793 -0.130836 0.022406 -0.090345 -0.363028 -0.179632 -0.029634 -0.059785 -0.114670
0.094597 -0.137616 0.036838 0.126841 0.026549 0.031448 -0.064872 -0.104279 0.040628 0.026738 -0.116953 -0.040442 -0.045394 0.271104 0.065691 -0.070229 0.053054 0.013603 -0.046723 -0.047078 -0.155411 0.034776 -0.043510 0.110793 0.041095 -0.173321 0.135396 -0.015706 -0.102560 -0.020935 0.004664 -0.091901 -0.178050 -0.044767 0.075332 -0.052724 -0.237144 0.041265 0.105993 -0.141973 0.081068 -0.002556 0.038092 -0.095383 -0.095303 -0.048221 0.010974 0.131588 0.112678
-0.042004 -0.051494 0.200105 -0.113485 0.097041 -0.128692 -0.042179 0.174148 -0.007227 0.186690 0.184330 0.096975 0.066223 -0.032126 0.090414 -0.035397 0.017497 0.036284 0.045293 -0.140084 0.049956 0.016139 0.096188 0.071574 0.063660 0.116515 0.332508 0.003143 0.185503 -0.089945 -0.101270 -0.062084 -0.007111 -0.160098 0.001515 0.027269 -0.181541 0.100583 0.021287 -0.064161 -0.010103 -0.008432 -0.061236 0.126455 0.056352 -0.110075 0.071120 -0.008375 -0.079966
0.027977 0.175347 -0.154587 0.190369 -0.037103 -0.112321 -0.035448 0.044986 -0.155914 -0.021842 -0.032657 -0.085241 0.136881 -0.093340 -0.177856 0.008291 0.099340 0.019631 -0.097265 -0.204241 0.006011 0.001651 0.069541 -0.183139 0.164076 -0.019765 -0.098690 0.075717 0.030511 0.111082 -0.075681 0.051590 0.130980 -0.130890 -0.037575 -0.057059 0.179197 0.101663 -0.075579 0.047344 -0.010763 -0.010424 -0.056994 0.039340 -0.082627 -0.177774 -0.010603 0.009650 0.009311
0.125559 -0.038153 -0.046622 -0.085610 0.170961 -0.138016 -0.065649 0.060679 -0.097578 -0.081864 0.066053 0.040151 -0.010169 0.047974 -0.026374 0.177589 -0.187969 0.109694 -0.083676 -0.111802 -0.057012 -0.139669 -0.082322 0.134107 -0.030939 -0.056488 0.126058 0.053816 0.039326 0.082934 0.100033 -0.051693 -0.108150 0.048795 -0.070377 0.178156 -0.112333 -0.072127 0.041973 0.064626 0.022974 0.147892 0.054008 0.144426 -0.007989 -0.065575 -0.144843 0.062055 0.018167
-0.114857 0.115107 0.066135 0.056725 0.014724 0.017660 -0.084503 0.034930 -0.002258 0.113805 -0.287094 -0.142737 -0.138895 -0.010399 0.005715 -0.056961 0.006115 -0.087120 -0.044171 0.026360 -0.035020 -0.284110 -0.002889 -0.069973 0.095376 -0.208961 0.113169 0.000975 0.036479 0.008781 0.046353 -0.096512 0.047606 0.075622 0.053429 0.037045 0.108013 -0.048426 0.045951 -0.011574 0.032128 -0.032930 0.049910 -0.214436 -0.028232 -0.127100 -0.241469 -0.005671 0.037705
-0.023376 0.033472 -0.015166 -0.112589 0.076555 0.054212 0.035983 0.057784 0.080444 -0.054706 0.047506 -0.059463 -0.120537 -0.186287 0.086823 -0.001800 0.066688 0.032476 -0.040157 -0.115671 0.101459 0.057527 0.117888 -0.072637 -0.160320 0.060013 0.103252 -0.004676 0.099547 -0.021075 -0.069698 0.228771 0.133711 -0.086964 0.060179 0.013888 0.021107 0.022686 -0.242869 0.051682 -0.075102 -0.081938 0.252073 -0.004072 -0.017279 0.014007 -0.049125 -0.014094 0.034624
-0.059434 0.086014 -0.097059 -0.113939 -0.091961 -0.022942 0.033724 0.145230 -0.058431 0.158113 0.000097 0.097388 -0.157175 0.095175 -0.060537 -0.239143 -0.003324 -0.049021 -0.065511 0.059674 0.076802 -0.042636 -0.014782 0.049645 -0.016495 -0.168200 0.001865 -0.041893 0.115101 0.033175 -0.060144 0.069497 0.159452 0.009591 -0.048161 -0.067642 0.002701 -0.030198 -0.004808 -0.035187 0.077461 -0.048068 -0.040981 -0.005131 0.011919 -0.114587 -0.010349 -0.013897 0.135921
-0.037367 -0.096274 0.112031 0.061704 -0.003139 -0.003700 0.086794 0.020979 -0.061108 -0.247513 -0.118745 0.024172 -0.041230 -0.076771 0.026498 -0.047513 -0.207443 -0.006155 0.000282 -0.054661 0.186372 0.010775 -0.097318 0.034744 0.011487 -0.112273 0.063355 0.064857 -0.061506 -0.032105 -0.057539 -0.004138 0.069551 0.008254 -0.092829 0.001944 0.025819 -0.119541 0.055922 -0.058214 -0.120729 0.163036 0.199838 -0.002373 0.008766 0.100686 0.145233 0.101104 -0.008890
0.093707 0.053896 0.202643 -0.019554 -0.290549 -0.127258 -0.218541 0.056534 -0.092321 0.004894 0.205048 0.086031 -0.029960 0.167610 -0.035075 0.096670 0.056451 -0.061134 -0.025703 -0.234918 -0.059853 0.167514 -0.034469 0.110450 -0.073835 -0.052319 0.048956 0.062724 0.001584 0.006978 -0.038765 -0.062153 -0.142995 0.113164 0.023108 -0.042387 0.053025 -0.073248 0.038767 0.058528 -0.018338 0.055725 0.026843 -0.106241 0.159500 -0.024785 0.207958 0.072002 0.096808
0.021513 0.129900 -0.005815 0.010106 -0.038291 0.022366 0.077422 0.027310 0.107813 -0.100591 -0.050236 -0.041813 -0.073500 0.141247 0.046713 -0.149757 0.048690 -0.045586 0.093152 -0.082816 -0.018571 0.068368 -0.053646 -0.086940 0.036449 -0.143469 -0.290272 0.089483 0.016819 0.051543 0.039430 -0.053306 -0.207825 0.083579 -0.099890 0.106563 -0.020183 0.011385 0.124267 0.053971 -0.001218 0.048395 -0.003083 0.036506 0.038075 0.167243 0.072533 -0.101968 0.032741
0.142716 0.085999 -0.283542 -0.150388 0.130739 0.047097 -0.046662 0.041185 0.036716 -0.205051 -0.179791 -0.025693 0.120133 -0.043455 0.027843 -0.090858 -0.043775 0.027279 0.155308 -0.029702 -0.024954 0.021155 0.010241 0.139914 -0.226137 -0.101392 0.064347 -0.157110 0.085514 0.043486 -0.009449 0.059469 -0.121405 -0.021259 -0.013515 -0.077179 -0.092718 -0.165473 -0.101844 0.026630 -0.245129 -0.022176 -0.059126 0.029785 0.160087 -0.296155 0.018076 0.013389 -0.055003
-0.012004 -0.026844 0.053345 0.108095 0.029666 0.042332 0.060811 0.075576 -0.239127 -0.053155 0.029127 0.036081 0.030176 -0.055678 -0.000817 -0.044037 -0.036363 -0.001803 0.081037 -0.139157 0.021702 0.085612 0.058297 -0.023154 -0.175028 -0.219912 -0.047075 -0.050881 0.073537 -0.070641 -0.006035 -0.130189 -0.058083 -0.112730 -0.172847 -0.057730 0.137696 -0.030130 -0.165762 -0.030363 -0.024716 -0.004474 0.117591 0.045855 -0.018530 0.033856 -0.006568 0.048228 -0.144705
-0.044898 -0.064785 -0.113195 -0.090169 0.121422 -0.094460 0.084405 -0.062444 0.099790 -0.084670 0.029600 0.063672 0.005677 -0.063440 0.064245 -0.016349 -0.085176 0.089308 -0.095490 0.073678 -0.110696 -0.019435 -0.218524 -0.080253 0.021145 -0.093332 0.083343 0.108787 0.050800 -0.019638 -0.021660 -0.006324 0.069697 -0.096348 0.072537 -0.114138 -0.147953 0.070051 -0.018525 0.059814 -0.172461 0.068839 -0.015580 0.088140 -0.067313 0.022866 -0.134637 -0.042165 -0.242861
0.080660 0.024706 -0.073290 -0.094410 -0.129852 -0.000280 -0.102865 0.000003 -0.071942 -0.169936 -0.056126 -0.043822 0.007943 -0.012512 -0.058587 0.105523 -0.009532 0.011019 0.111872 -0.083441 0.177826 0.055385 -0.056699 -0.009319 0.000096 0.014207 0.114940 0.093071 -0.079707 0.022302 0.069506 -0.019547 -0.030226 -0.089274 0.027913 -0.014778 0.036842 -0.017426 -0.200488 0.044445 0.025345 0.055833 0.123017 0.210957 -0.022370 -0.228315 -0.003352 -0.105839 0.171779
0.144707 -0.084448 0.050927 0.099530 0.108670 -0.062902 0.134001 -0.118061 0.108467 -0.015405 -0.093543 -0.147413 0.081817 -0.072263 0.153616 -0.110081 -0.104583 -0.026355 0.043294 0.128375 0.005346 0.043939 -0.204090 -0.024468 0.108100 0.019851 -0.132445 0.082764 -0.140086 -0.007905 0.021010 -0.183481 -0.027430 0.021831 -0.013171 0.013155 -0.255604 0.150089 0.222847 -0.003920 0.108703 -0.004811 -0.017782 0.023085 -0.136497 -0.036724 0.128563 -0.012969 0.088347
-0.254502 -0.095686 0.095486 0.038299 0.011611 -0.104934 -0.019774 0.059219 -0.142367 0.099125 -0.068939 0.045568 -0.183230 -0.047694 0.173744 -0.064823 -0.030882 0.061263 -0.089399 -0.099855 0.053765 0.004557 -0.093272 -0.190646 -0.039792 -0.069059 0.071442 -0.043275 -0.033840 -0.068365 0.120954 -0.276911 -0.082671 -0.022477 -0.312536 -0.286914 -0.035871 -0.063687 -0.025211 -0.015350 -0.152343 0.044525 -0.149161 -0.014415 -0.032267 -0.019472 -0.105735 -0.023609 -0.012161
-0.077143 0.115571 -0.174109 -0.006966 0.056145 0.185480 0.044075 -0.002342 0.170457 0.049680 0.182279 0.022659 -0.163064 -0.046304 -0.123388 0.011650 -0.005953 -0.062919 0.185371 0.095958 -0.194343 0.140862 0.057457 -0.049002 -0.112347 0.016034 -0.111526 -0.030681 -0.087948 -0.098246 0.199641 -0.116367 -0.038398 -0.032313 0.084282 0.103319 -0.051122 0.003427 -0.083023 -0.126450 0.015277 0.134343 -0.082961 0.109270 0.045418 -0.038582 -0.138196 0.140864 0.147590
-0.053066 0.156455 -0.104909 -0.037653 -0.014323 -0.104649 0.140252 0.169020 0.029797 0.073981 -0.223395 0.073469 -0.111460 0.023403 -0.008926 -0.063872 0.068295 0.035286 -0.068230 -0.080666 -0.162631 -0.170681 0.015243 0.047771 -0.066294 0.088961 -0.012325 -0.060106 0.176097 -0.138994 -0.006549 -0.083225 -0.180133 0.090445 -0.107845 -0.012343 -0.049573 -0.166191 -0.111252 0.057222 0.006538 0.115000 0.086442 0.032844 -0.028446 -0.023059 -0.179255 -0.064992 -0.069977
-0.072551 -0.114703 -0.115627 0.043202 0.048479 -0.078048 0.028006 0.035149 -0.028587 -0.043967 -0.046724 0.051571 -0.085264 0.018929 0.068698 -0.062516 0.019399 -0.039510 0.055043 0.088899 0.157299 -0.152731 0.122024 0.069150 0.041910 -0.043213 0.083971 0.056018 0.141937 -0.034236 0.036958 0.030454 0.006245 -0.083024 0.019721 0.183247 -0.066625 -0.115653 0.039184 -0.030456 -0.086282 -0.137871 0.062335 -0.054447 -0.002040 -0.052114 -0.054682 0.019630 0.004781
-0.051877 -0.099328 -0.119706 -0.025306 0.148228 0.005705 -0.075565 0.058806 0.022623 -0.034078 -0.088644 0.037443 -0.012257 0.056760 -0.061312 -0.055263 0.093488 -0.006511 -0.054068 0.124987 -0.051143 -0.068401 -0.084572 0.078979 -0.057410 -0.160633 0.118934 -0.041850 0.081118 0.041995 -0.173360 -0.002604 0.027807 -0.077875 -0.076812 0.076414 0.109610 0.020486 -0.158237 -0.086193 -0.085609 -0.046553 -0.170751 0.076996 -0.057571 -0.171438 0.131725 0.117745 -0.212042
-0.201130 -0.096504 0.014351 -0.193032 -0.155247 0.020370 0.018514 0.039796 0.143779 -0.082545 -0.013515 0.037550 -0.061150 0.021814 -0.015205 0.030876 0.041116 0.033381 -0.014246 -0.108531 -0.107069 -0.014387 -0.342264 -0.020554 -0.153057 0.112519 -0.082003 -0.039702 -0.057950 -0.201410 -0.183824 -0.104089 -0.184884 -0.066324 -0.120665 0.038429 -0.036943 0.014324 -0.373932 -0.054173 -0.075697 0.071479 0.100289 0.068622 -0.004543 -0.031758 0.053301 -0.104272 -0.042654
-0.126672 0.075175 -0.145411 0.067279 -0.017558 0.066657 0.030853 -0.073543 -0.026533 0.031555 -0.047153 0.100199 -0.074549 -0.111205 -0.053306 -0.131616 0.316354 0.071961 0.038302 -0.167047 -0.077053 -0.154575 0.095102 -0.050151 0.061578 0.129072 0.052003 -0.027891 -0.175895 -0.033593 -0.134619 0.103898 0.188833 0.026984 0.022543 0.033357 0.134165 0.058396 -0.035712 -0.200339 0.026218 -0.081833 -0.066074 -0.190465 0.082873 0.060581 0.133232 0.035608 0.118791
0.206210 -0.067861 -0.041018 -0.001221 -0.028172 -0.098057 0.064449 -0.017863 -0.166927 0.172653 0.232804 -0.013106 0.026341 -0.082370 0.014759 0.021719 -0.046298 -0.071774 -0.118020 -0.111065 0.100873 0.008660 0.102197 -0.137319 -0.039630 0.009838 -0.153302 0.170739 0.025385 0.111931 -0.029578 0.179446 -0.147994 0.038795 -0.057781 0.029216 -0.072868 0.013009 0.199103 0.019168 -0.013730 0.154495 -0.060154 0.170638 0.052987 0.112489 0.119463 0.043902 0.096195
0.208222 -0.132396 -0.069209 -0.402544 -0.090186 -0.222555 0.024579 -0.137927 0.021404 -0.123657 -0.150360 0.089159 0.067803 0.050178 0.041807 0.033330 0.165459 0.023910 0.066195 -0.051048 -0.150746 -0.259178 0.002620 0.026231 -0.073459 0.065199 -0.070641 0.124483 0.024883 0.024053 0.063301 0.161645 0.156374 0.214095 0.010381 -0.175949 -0.342464 -0.014241 -0.082368 -0.108247 0.015257 0.108138 0.022549 0.218325 -0.056309 0.174474 0.120262 -0.076604 0.105767
0.089333 0.058607 -0.080113 -0.028385 -0.078157 -0.002086 -0.129490 -0.040162 0.082580 0.113800 0.011307 -0.027338 0.094281 0.006673 0.013390 -0.184925 0.023251 0.080518 0.086340 -0.024600 0.029265 -0.056790 -0.040227 0.012500 0.102451 0.120491 0.017748 -0.106452 -0.046127 0.085180 -0.112301 -0.075146 0.015524 -0.105830 -0.055755 0.139657 -0.020508 0.169312 -0.139125 -0.183204 0.137133 -0.050419 -0.005651 0.241119 0.038058 -0.160006 0.064004 -0.090765 -0.025013
-0.078648 0.016168 0.090259 -0.006707 0.108505 0.060404 0.135425 0.157943 0.081226 0.033334 0.063286 -0.057200 -0.103778 -0.094365 -0.111018 -0.094111 -0.025369 0.054555 -0.135774 -0.027295 0.024893 0.026771 0.114057 -0.132340 0.190560 0.021174 0.010909 -0.032308 -0.036879 -0.022766 -0.131582 0.149923 0.096698 0.125999 -0.002842 0.001255 -0.058816 -0.200628 0.105988 -0.023256 -0.151095 -0.160413 0.044986 0.183690 -0.039190 -0.126628 -0.142250 -0.159922 0.198417
0.024108 -0.077201 0.067684 -0.010329 -0.052183 -0.157816 -0.052368 0.006971 -0.028875 0.061943 -0.061961 -0.022773 -0.130272 -0.105629 0.102670 -0.076536 -0.117224 0.097410 0.024304 -0.006067 0.152630 -0.122478 -0.065004 -0.086907 0.007640 -0.032586 -0.138134 -0.003843 -0.003035 -0.018480 0.033603 -0.000743 0.107458 0.084104 0.001385 -0.099254 0.053599 -0.207937 -0.009319 -0.118513 -0.077724 -0.003019 0.094559 0.114876 -0.213585 0.127967 0.097768 -0.052557 -0.031634
-0.210965 0.076273 0.079485 0.067107 -0.033477 0.055616 -0.000498 0.174174 -0.182297 -0.126425 -0.080617 0.002489 0.040218 -0.087307 0.035519 0.047323 -0.118490 0.114793 -0.023250 0.043272 -0.034086 0.080025 -0.134317 -0.055370 -0.046874 0.010413 0.012569 0.002823 -0.022981 -0.083483 -0.107431 0.041928 0.125630 0.062360 0.043324 -0.222685 0.173388 -0.036926 -0.015432 0.034211 0.067024 0.184749 0.052389 0.142684 0.002876 0.186402 -0.070599 -0.065964 -0.061371
-0.005741 -0.169846 0.117758 0.126316 -0.006289 -0.013799 0.025101 -0.001099 0.100114 -0.141120 -0.124436 0.005917 0.030294 -0.001192 -0.125126 -0.005069 0.044093 0.044124 -0.127009 0.045179 -0.068939 -0.178580 0.128612 -0.114912 0.043389 -0.080949 -0.300630 -0.172674 0.062090 -0.114292 0.055708 0.031415 0.011219 -0.033416 0.067102 0.093462 -0.117779 0.121324 0.001690 -0.014594 0.079385 -0.156370 -0.246773 -0.053183 0.091612 -0.214682 0.107042 0.045569 0.099504
-0.058937 -0.015892 -0.206447 -0.219425 0.169921 -0.055709 -0.031397 0.019655 -0.163487 0.189707 0.074746 0.145629 0.187723 0.175817 -0.015106 -0.115635 -0.158305 0.082789 -0.194104 0.025954 0.024054 -0.107718 -0.069545 -0.034165 -0.218790 -0.071388 0.109757 -0.234172 0.013917 -0.120537 0.061476 0.141867 0.208007 -0.108856 0.142222 -0.053694 0.009361 -0.048003 0.054226 -0.025835 0.221785 -0.121049 -0.083249 -0.058112 0.020697 -0.033084 0.302858 -0.014338 0.222167
0.105620 0.118834 -0.024441 -0.100260 0.083741 0.114822 -0.102616 0.033181 0.040344 -0.004907 -0.099445 0.115507 0.114274 0.048696 0.101539 0.005155 0.065937 0.032427 -0.023446 0.030130 0.158466 0.088928 0.170761 -0.056364 -0.077813 -0.039480 -0.113886 -0.003446 0.168609 0.009576 0.098611 0.009507 -0.066121 0.039487 -0.185203 -0.034589 0.060897 -0.062594 -0.122683 -0.130682 0.097753 0.063492 -0.064740 0.047070 -0.050103 0.027301 -0.003774 0.050793 0.142326
-0.006399 -0.104771 0.065557 -0.144497 -0.019144 0.034624 0.035182 0.047711 0.151101 0.018794 0.022727 0.050654 0.095112 -0.019328 0.176966 -0.069191 0.107248 -0.022809 0.022142 -0.005031 -0.020023 0.119340 0.129368 -0.171720 -0.109558 -0.121574 0.053054 -0.038421 0.107938 0.023363 0.034159 0.006996 -0.082323 -0.007707 0.031369 0.155779 -0.060191 -0.042912 0.016236 -0.009004 0.065303 0.103902 0.065136 -0.029711 0.112798 0.039066 0.074124 -0.088289 -0.070882
0.033404 -0.011411 -0.201408 -0.009213 0.216836 -0.057078 0.083162 0.017277 0.109335 -0.076758 0.230972 -0.087847 0.024097 -0.022110 -0.142555 -0.080236 -0.014376 0.075953 -0.029394 0.122670 -0.025274 0.034956 0.105316 -0.016361 -0.085614 -0.160170 -0.108133 0.025919 0.121119 -0.166045 0.025000 0.107408 0.069638 -0.013540 0.123725 -0.132360 0.022693 -0.076340 -0.007316 0.114465 0.186027 0.133118 -0.073033 -0.049233 0.105913 0.125016 0.147498 0.015025 -0.088165
0.063017 0.083248 -0.066063 0.011823 -0.001709 0.089547 0.014453 0.070697 0.084811 -0.034222 0.032197 -0.098931 -0.072752 0.106702 0.059300 -0.051143 0.047067 0.050204 -0.154331 0.144777 -0.032687 0.075562 -0.294650 -0.105504 -0.025950 0.065223 0.072918 -0.000472 0.041318 -0.165849 -0.117584 -0.002875 0.008312 -0.114030 -0.087086 -0.116147 -0.088012 -0.111591 0.024474 0.107027 -0.097955 0.006631 0.008184 -0.120289 0.051625 -0.113777 -0.149827 -0.179151 -0.010870
-0.026224 0.042704 -0.056319 0.098028 0.103613 0.136325 0.087429 0.036511 -0.112715 -0.147210 0.063526 0.005846 -0.108215 0.078491 0.108920 0.120661 -0.020930 -0.208036 -0.050830 0.072149 0.324682 -0.124226 -0.139572 -0.033102 -0.015742 0.028015 -0.088063 0.142176 0.117306 0.176451 -0.037501 -0.009513 -0.050104 0.035583 -0.049754 0.210179 0.027165 0.036019 0.239978 -0.024416 -0.068351 -0.202739 0.007558 0.056572 0.075420 -0.114215 -0.129663 -0.001765 0.005271
0.075392 -0.032401 0.043073 -0.150880 0.008383 0.062192 0.117844 0.079720 -0.005401 -0.138683 -0.135671 -0.114697 0.123433 0.079560 0.006301 -0.147886 -0.115260 -0.109175 0.200795 -0.009258 -0.029820 0.147145 -0.067250 0.099639 -0.108091 0.044147 -0.245129 -0.183367 0.064016 -0.063411 -0.055919 -0.060867 0.050221 -0.080080 0.123697 -0.066210 -0.182129 0.091930 -0.111873 0.080577 -0.058089 -0.142274 0.010432 -0.139028 0.058065 0.126358 -0.232680 -0.059535 0.024656
-0.022024 -0.020040 0.027536 -0.139865 -0.021830 0.033922 -0.117473 0.129657 0.153306 0.108727 -0.031526 0.004362 0.050595 -0.025057 -0.005337 0.008949 -0.218122 0.059361 0.087208 -0.096832 0.090325 0.185108 0.066637 0.061470 -0.082757 0.146028 0.053494 0.209469 -0.030714 0.011190 -0.025529 0.034804 -0.344937 0.022593 -0.044391 0.055917 0.081312 0.018713 -0.026787 0.081133 -0.151581 -0.081466 0.026839 -0.147448 -0.024593 -0.024383 -0.061934 -0.050869 0.079618
-0.065358 -0.020531 0.107102 -0.070409 -0.029414 0.051618 -0.016418 0.104762 -0.106640 0.060724 -0.034740 0.012371 0.039680 0.037555 -0.120922 0.144824 -0.069667 0.097471 -0.055027 0.015921 0.232748 -0.179626 -0.013805 -0.195151 -0.008141 0.076919 0.174750 0.071871 0.062876 -0.148216 -0.033663 -0.092377 -0.044816 0.077493 0.079972 -0.031590 0.205454 -0.118832 -0.173761 0.102776 -0.078807 -0.037971 0.090320 0.036242 -0.105941 0.129123 0.195060 -0.039497 -0.052820
-0.043734 -0.098022 0.056703 -0.065895 0.131628 -0.186731 0.002578 0.011290 0.085675 0.016439 0.116424 0.034781 0.076944 -0.065287 -0.060990 0.008630 -0.003185 0.055242 -0.120237 0.008374 0.108709 -0.046459 0.216407 0.026376 0.074712 -0.106337 -0.127476 0.221956 -0.044878 -0.017398 0.015598 0.029557 -0.023993 -0.048094 -0.041953 0.191655 0.285405 -0.084454 -0.047486 0.001698 -0.011237 0.016326 0.112271 0.118045 -0.005648 0.014907 -0.058334 0.018179 0.039691
0.001464 -0.076767 0.016378 0.073384 0.023550 0.139910 -0.027063 -0.024704 -0.007033 -0.135851 -0.016047 0.009391 -0.005735 0.094975 -0.014808 0.039685 -0.100600 -0.017755 -0.132914 0.238838 -0.047592 0.122178 -0.056048 0.040710 0.040671 -0.032531 0.020296 0.004859 -0.106197 -0.035246 -0.143415 -0.075150 0.000074 -0.021857 -0.007093 -0.006404 0.027640 -0.007686 0.070142 -0.188997 0.055503 0.071867 0.008319 0.036912 0.029912 0.054758 -0.046365 -0.073079 0.010163
0.101042 -0.094989 0.102665 -0.245009 0.121400 -0.055509 -0.033935 0.055870 0.099446 -0.142426 -0.001866 0.016284 0.049807 -0.052750 -0.087112 -0.000563 -0.075955 0.048436 0.003947 0.091837 -0.101871 0.027276 0.052609 -0.011136 -0.004735 -0.054769 -0.147534 0.056016 0.148360 0.176507 -0.152154 0.121364 0.027735 0.100286 0.043848 0.189665 0.210545 0.064853 -0.137177 -0.180296 0.037932 0.130885 -0.084013 -0.095418 0.099231 0.012424 0.015158 -0.018814 0.044611
0.149978 -0.081658 -0.128866 -0.094544 0.129809 -0.090914 0.013003 0.022663 0.147247 -0.041826 0.072814 -0.156860 0.015687 -0.102968 0.027869 0.179502 -0.123286 -0.053876 -0.056330 0.014013 0.023249 -0.034753 -0.077101 -0.037624 0.048223 0.068131 0.127292 0.103995 0.061458 -0.026215 -0.158439 -0.156450 -0.110973 0.007163 -0.132683 0.113559 -0.016415 -0.020287 -0.007107 0.134354 -0.140862 0.129492 -0.131314 -0.000525 -0.002861 -0.080641 0.005319 -0.076327 -0.000611
0.025782 0.133212 -0.141192 0.057282 0.025311 -0.094007 -0.046318 0.250649 0.109689 -0.049828 0.070308 0.038911 0.026826 -0.111907 -0.020518 0.016017 -0.265735 0.062197 0.019358 0.060650 -0.168066 0.060538 -0.209260 -0.033941 -0.094216 0.140530 0.067962 -0.077181 0.195353 0.077577 -0.115599 0.095580 0.155983 0.091278 0.025594 0.078269 0.108169 0.047022 -0.039375 0.057717 0.138028 -0.176222 0.173946 -0.109794 0.030500 -0.068873 -0.058373 0.196820 0.118672
-0.032037 0.096902 -0.186607 -0.150185 -0.149093 -0.012971 0.026453 -0.068170 -0.046971 -0.036431 0.071520 0.010052 0.052868 0.048092 0.068173 0.050754 0.047169 0.112178 0.027209 -0.130351 0.010190 -0.082481 0.048685 -0.118694 -0.015715 0.104399 0.070953 0.044962 -0.086271 -0.194098 0.249544 0.004559 -0.128559 0.019065 0.124667 -0.107533 -0.250652 0.062362 0.179066 -0.093991 0.132272 -0.038102 -0.029107 0.063114 -0.060342 0.175018 0.035780 0.072943 0.051835
0.014814 -0.257882 0.037872 0.119173 -0.128953 -0.147535 -0.122439 0.127419 0.059411 -0.079948 -0.109658 0.014335 0.047862 -0.201816 0.098396 -0.125454 -0.002041 -0.025977 0.097830 -0.114262 0.076425 -0.351814 0.137064 -0.016937 0.153838 0.081069 0.018616 0.046333 0.012066 0.071725 0.055588 -0.016677 0.011757 0.018281 -0.124455 -0.120950 0.050342 0.121778 0.136820 0.022000 -0.058463 -0.430118 0.025375 -0.361711 -0.047251 -0.133120 -0.017205 -0.018358 0.070439
0.067173 0.022777 -0.080234 0.245042 -0.030246 0.137179 -0.062910 0.002817 -0.128672 -0.091552 0.090908 -0.231078 -0.091520 0.050057 0.001251 -0.028339 -0.154828 -0.159899 0.130153 -0.106892 -0.073840 0.074942 0.009350 0.172544 -0.012130 -0.035356 0.015472 0.106409 0.096410 -0.138135 0.068358 -0.074546 0.150457 -0.056548 0.064451 0.070137 0.129414 -0.073897 0.204872 0.021820 -0.063923 0.101725 0.109760 0.092782 0.064620 -0.000120 0.021773 -0.046387 -0.034389
0.058143 -0.240203 -0.077442 -0.066908 -0.075628 -0.021067 0.083796 -0.022251 -0.085940 -0.048008 -0.134602 -0.087474 -0.293784 -0.003338 -0.098360 0.099386 -0.064751 0.007566 -0.049905 -0.029628 -0.051638 0.082841 0.091633 0.099031 0.005270 -0.010883 0.047821 0.050151 -0.067179 -0.226331 -0.171207 -0.006608 -0.083330 -0.083615 -0.057844 -0.043848 -0.112864 0.004895 -0.019407 -0.007616 -0.022056 -0.043147 -0.197101 -0.132196 0.091828 -0.016513 0.009307 0.077420 0.164078
0.122766 -0.025300 -0.077904 -0.035606 0.051485 -0.033133 -0.020633 -0.068599 0.050032 0.213515 -0.232684 0.114343 0.091646 -0.078899 -0.133635 0.034938 -0.048261 -0.024662 0.026555 0.092332 -0.092603 0.096688 -0.097263 -0.004932 0.002350 -0.169887 -0.107362 0.032286 0.124697 0.191021 -0.104013 0.044126 -0.008391 0.027170 -0.101273 -0.039435 -0.328598 -0.044161 -0.127436 -0.041351 0.043409 0.081318 -0.104805 0.127039 0.065249 -0.033012 0.240704 -0.018801 -0.055858
-0.059108 -0.103526 -0.099751 -0.044916 -0.173548 -0.000820 -0.065436 -0.103545 0.007647 -0.011810 0.019560 0.194797 0.012588 -0.074520 0.020521 0.138867 -0.029758 -0.173316 -0.072022 -0.163040 0.088397 0.006836 -0.028380 -0.020884 0.137111 0.103872 -0.011836 0.192017 0.020056 0.125249 -0.031644 0.030946 -0.180340 0.074936 0.037187 -0.099752 -0.171662 -0.108019 0.081811 -0.037044 -0.142191 0.017741 0.047465 -0.150425 0.050111 0.045263 0.076552 -0.200325 -0.004165
-0.106262 0.121798 0.176326 -0.002569 -0.140921 0.114453 0.068820 0.074013 -0.004955 0.042705 0.074989 0.034013 -0.056984 0.092695 0.060635 0.103086 0.165476 -0.025440 -0.202291 -0.000733 -0.055068 0.141461 -0.124874 0.075785 0.119591 0.024967 -0.153584 0.034978 -0.068680 -0.088425 -0.113011 -0.043021 0.025778 -0.035830 0.247616 -0.121671 0.012419 -0.075149 0.149975 0.157519 -0.085925 0.179221 0.009064 0.175374 0.074377 0.066889 0.019648 -0.056280 -0.030164
0.043978 -0.061000 0.049595 0.060874 -0.075758 -0.146917 -0.090381 0.035069 0.056495 0.072328 -0.181254 -0.115620 -0.044940 -0.045727 -0.016695 -0.024683 0.115898 0.092647 -0.032467 0.197001 0.105586 -0.268361 0.190750 0.062164 -0.054671 0.009232 -0.082785 -0.034935 0.017862 -0.202031 0.061020 -0.069506 0.102342 -0.126765 0.122679 0.134418 0.160254 -0.063907 -0.018299 -0.114723 0.013628 0.066729 0.078910 0.010440 -0.129359 -0.114537 0.094922 -0.050194 0.025721
-0.122192 0.065593 -0.012493 0.106561 0.048765 -0.085037 0.014545 0.059066 -0.002677 0.099118 -0.030556 0.008189 -0.090177 0.000185 0.009281 0.055718 0.077920 -0.278486 0.006913 0.139939 0.168089 -0.256563 -0.158805 0.034564 0.066699 0.037229 -0.081209 0.032492 0.061495 -0.190233 0.060664 0.122115 0.008006 0.067012 0.056970 -0.090974 0.088854 -0.116418 -0.008797 0.009293 0.158940 -0.094059 -0.103860 -0.241650 -0.029562 -0.183006 -0.072127 -0.202236 -0.202005
0.032694 -0.055321 -0.099213 -0.087543 -0.010309 -0.036197 -0.294636 -0.111784 0.048404 0.039510 0.032753 0.157458 0.059894 0.014114 -0.087561 -0.015086 -0.113368 0.197536 0.090221 -0.120274 -0.043924 -0.149060 0.082640 -0.140608 0.040492 -0.107554 -0.069203 -0.034965 -0.191199 -0.157461 0.009589 -0.109571 0.004423 -0.012305 0.105464 -0.021411 -0.070831 0.001550 0.117528 -0.200301 0.036002 0.095097 -0.029733 0.183154 -0.122741 -0.372188 -0.104747 0.054062 0.045444
0.038779 -0.044751 0.064125 0.045880 0.261940 0.015115 0.140130 -0.030989 -0.033800 0.191096 0.124761 0.069945 0.032351 -0.084147 -0.077103 0.055656 -0.061378 0.063742 0.089285 -0.068440 -0.069208 0.032357 0.046654 0.210843 -0.056119 -0.001881 0.075099 0.058711 0.002287 0.072002 -0.076885 0.075878 0.147913 0.207236 -0.168916 0.032208 -0.037027 -0.079352 0.016642 0.111085 0.064050 -0.072981 -0.015729 0.171867 -0.008183 0.125859 -0.138859 -0.078638 0.063522
-0.027233 0.124500 0.147785 -0.186423 -0.035420 0.107362 -0.056976 0.039739 0.130091 -0.056247 -0.078296 -0.058857 -0.076369 0.009293 0.014228 0.141377 -0.043046 -0.051958 -0.173311 0.011335 0.046412 0.058461 -0.112824 0.000823 0.063190 0.039784 -0.046961 -0.069505 -0.074568 0.059076 0.083951 -0.160949 0.151478 -0.072964 -0.146030 -0.032745 -0.028264 0.035095 -0.114656 0.066829 -0.010346 -0.011497 -0.163699 0.126067 -0.117960 -0.078976 0.007358 -0.078725 0.122262
-0.021997 0.089310 -0.037358 0.001734 -0.088275 -0.268173 -0.020044 0.010474 0.075628 0.202140 0.015638 -0.134889 -0.099039 0.059593 -0.142107 -0.151093 -0.249120 0.114373 -0.056109 0.068030 -0.009140 -0.062942 0.007207 -0.248104 -0.086254 -0.001913 0.163311 0.065562 -0.013139 -0.086383 0.000782 0.097335 0.142407 -0.058643 -0.111862 -0.008612 0.004578 -0.047103 -0.036511 0.027560 0.089909 0.000897 0.021542 0.049118 -0.063460 -0.173361 0.109989 0.104406 0.034085
0.044692 -0.075880 -0.020920 -0.056445 0.062907 0.010685 0.067708 0.058940 0.029237 -0.197851 -0.026860 0.034418 0.113689 0.019723 -0.023792 0.017891 0.032874 -0.005607 -0.085711 -0.088119 0.153968 0.000057 0.059894 -0.046054 -0.165230 0.139836 0.059984 -0.044544 -0.029855 0.012166 0.083022 -0.011216 0.129154 -0.104673 -0.006802 0.063896 0.063576 -0.062000 -0.012556 0.012316 0.090972 -0.140256 -0.234089 -0.187615 0.040853 0.035543 -0.094648 -0.208378 -0.169429
0.095690 0.137096 0.051174 0.024361 -0.039574 0.006480 0.095244 0.045348 -0.034521 -0.045384 -0.011961 -0.117326 0.045298 -0.044358 0.092437 -0.010642 -0.066407 -0.047045 -0.037170 -0.260825 0.106439 -0.105072 -0.061941 -0.051800 0.084166 0.113736 -0.037875 -0.117034 -0.070656 0.069209 0.047523 -0.127911 0.022891 0.132797 -0.147801 -0.045201 -0.018538 -0.070668 -0.249778 0.049313 0.190766 -0.087433 0.141125 -0.147159 0.081435 -0.009662 -0.071731 0.126736 -0.068231
-0.157054 0.097480 0.052164 -0.054818 0.088663 -0.040688 0.047271 -0.000997 0.128796 -0.052031 0.105925 0.120796 0.135717 -0.116290 -0.067103 0.046546 -0.062753 0.002823 0.043991 0.079498 -0.019061 -0.057061 0.050805 0.034104 -0.007961 -0.026174 -0.078611 0.028767 0.187805 0.057527 0.107009 0.034506 0.028879 -0.006456 0.035427 -0.002371 0.032910 -0.028019 0.289007 0.044744 -0.021202 0.215842 -0.216554 -0.006263 0.213695 0.140124 0.255150 0.087812 -0.098686
-0.046011 -0.127173 -0.191394 -0.044379 -0.021991 -0.070266 -0.032191 -0.084435 -0.109431 -0.157893 -0.142695 -0.068639 0.004152 0.077175 0.119056 -0.131607 0.058251 0.030674 0.003840 -0.021503 0.091554 -0.172146 0.058489 0.033363 -0.029600 0.025828 0.123599 0.060850 0.089196 0.014581 -0.082566 -0.052803 0.007273 -0.120537 -0.081067 0.100221 -0.067177 0.041044 0.129410 -0.030464 0.094663 -0.050556 -0.035489 -0.062518 -0.083911 0.166451 -0.094325 0.044510 -0.012362
0.086794 0.076049 -0.031397 -0.002151 0.060285 0.055720 0.066491 0.077191 -0.017478 -0.009638 -0.012840 -0.149609 -0.017560 -0.091346 0.149310 0.045766 -0.075925 -0.102304 -0.072919 -0.088707 -0.050847 0.032313 0.133803 -0.163357 0.095482 -0.034897 -0.197251 0.022621 0.120042 -0.024690 -0.113559 -0.025507 -0.137845 0.017036 -0.024788 0.217816 -0.055380 0.101374 0.108458 0.054879 0.192119 -0.064022 -0.002956 -0.158642 0.113627 -0.050047 -0.013101 -0.023557 -0.088570
-0.053811 -0.022083 0.146250 0.044245 -0.029472 -0.072276 0.089463 0.132624 -0.169849 0.004427 -0.007407 0.045434 0.016831 -0.134352 -0.022512 -0.196489 -0.099503 -0.050827 -0.120801 -0.041562 -0.110692 -0.106130 -0.079096 0.080333 -0.010202 -0.168200 -0.025917 -0.088479 -0.054380 -0.138770 -0.137015 -0.194899 0.070220 0.031987 -0.070242 0.213442 0.152674 0.012737 -0.034211 0.095428 -0.106260 0.031557 -0.121180 -0.129384 -0.050141 -0.047758 -0.060232 0.082106 -0.062237
0.093615 0.051436 -0.025157 -0.045617 -0.109468 0.063464 -0.122675 -0.142070 -0.046562 0.121733 -0.139989 -0.115948 0.046662 -0.048080 -0.051630 -0.022016 0.012579 0.017344 -0.159370 0.112971 0.113177 0.028462 0.055064 0.171963 -0.060360 0.236590 -0.045911 0.054806 0.083114 -0.006955 0.029927 0.058348 0.039168 -0.107163 0.032956 -0.033120 0.004033 0.048946 -0.079390 -0.154721 0.084339 0.129960 0.012578 0.098570 -0.044108 -0.180370 -0.077212 -0.058542 0.012420
0.017060 0.139009 0.098426 -0.072659 -0.134269 -0.079485 -0.026304 0.048889 -0.206559 0.017785 0.089770 0.109813 0.109728 0.105573 0.047826 0.014545 -0.209592 0.143557 0.002088 0.139381 -0.034681 -0.032842 -0.055331 -0.137910 -0.245848 -0.173950 0.151188 0.027461 -0.114971 0.120654 -0.052470 0.092881 0.120615 0.011373 0.114702 -0.073238 -0.030509 0.019788 -0.291677 -0.148420 0.079769 -0.025960 -0.058518 0.040016 -0.015157 -0.063569 0.056375 0.108732 -0.063980
-0.033640 0.092310 -0.073787 0.134351 0.043928 -0.027020 -0.007533 0.001082 -0.001107 0.023227 0.020799 0.037566 0.071623 -0.058676 -0.085365 0.163229 0.083222 0.044383 0.050177 -0.127793 -0.075166 -0.012883 -0.050654 0.017406 0.049650 0.181950 -0.155223 -0.036598 -0.075118 -0.058283 -0.033085 -0.008651 0.119446 -0.003253 -0.146132 -0.059212 0.053385 -0.077124 0.106776 0.063999 -0.001365 -0.094809 0.116528 -0.013027 0.017031 0.048597 -0.202993 -0.029126 -0.108785
-0.160364 -0.013145 0.123810 -0.124234 -0.008058 -0.167838 -0.173098 -0.108882 0.104822 -0.126797 -0.047854 -0.005670 -0.039778 -0.137631 -0.004376 -0.221200 0.076264 -0.058684 -0.079839 -0.016389 -0.040781 0.135289 0.005497 0.052118 -0.110602 -0.043742 -0.261370 0.128979 -0.047056 -0.140362 -0.142943 0.064933 -0.157518 -0.046612 -0.089692 -0.192743 0.035357 0.000967 -0.139675 -0.035524 -0.000813 0.031082 -0.013179 -0.108695 0.189570 0.099257 0.101030 0.010021 0.145435
-0.064173 -0.115418 -0.180890 -0.060945 -0.007231 0.109604 -0.022415 0.060666 -0.071599 0.133001 0.002086 -0.099337 0.024399 -0.219027 0.051088 0.130110 -0.033843 -0.123456 0.008604 -0.108648 0.009054 0.060867 -0.093123 0.021404 -0.043333 -0.044351 -0.029433 0.045062 -0.041344 -0.108626 -0.129181 -0.139886 -0.044887 -0.107631 0.019090 0.083082 0.079963 -0.173288 -0.109703 -0.008198 0.016822 -0.048638 -0.094286 0.094922 -0.045483 -0.021591 -0.076571 -0.004275 -0.139007
0.075788 -0.148829 -0.161054 0.090777 0.135142 0.019172 0.014143 -0.018477 0.007636 0.087763 0.169562 -0.003689 0.037037 0.038770 0.012176 0.030757 0.059351 0.097234 0.011498 -0.029382 -0.036227 0.074655 0.088399 0.012309 0.029732 0.050909 0.142989 0.021999 0.058350 -0.083777 -0.004799 -0.168804 -0.143449 0.015709 0.039830 0.112136 0.001994 -0.232686 0.104428 0.126113 -0.080208 0.035139 0.052885 0.043834 0.056538 0.029037 0.014611 0.062665 -0.108256
0.038866 -0.067956 0.030238 0.147763 0.122061 -0.005702 -0.016278 -0.023372 -0.038455 0.054281 0.030266 0.071427 -0.026298 -0.052384 -0.036576 0.042769 -0.047072 -0.100510 -0.062623 -0.137536 0.020000 -0.025204 -0.053857 -0.098117 -0.003323 0.041602 -0.032572 0.002616 0.078216 0.052306 -0.128563 0.050721 0.265782 -0.101927 0.146592 0.019433 -0.007197 -0.039281 -0.244248 0.208578 -0.002714 0.129503 -0.023764 0.066553 0.067544 0.118075 0.097558 -0.012026 -0.047910
0.022601 -0.049110 -0.022334 -0.186291 0.252711 -0.027418 0.028796 0.022626 0.086436 0.068437 -0.079362 0.072737 -0.047045 -0.162093 -0.029620 0.027071 0.078827 0.020953 0.148657 -0.266394 -0.006423 -0.217117 0.089096 -0.001735 -0.152743 0.032319 0.021178 -0.008240 0.122531 0.078930 -0.164540 -0.066601 -0.043821 -0.002379 0.264509 0.028791 -0.172593 -0.076979 -0.119013 -0.085253 0.148897 -0.269603 -0.087240 0.010865 -0.024501 0.016563 0.122419 0.173542 0.034948
0.019329 -0.044544 -0.063226 -0.060448 -0.001423 0.029626 -0.063147 -0.049683 -0.055941 0.053693 0.008915 -0.229949 0.087185 -0.043753 0.000597 -0.167984 0.035773 0.042092 0.048724 0.061086 -0.097481 0.078513 -0.062594 -0.043713 -0.062243 0.165652 -0.050446 -0.036516 0.073925 0.102066 -0.079338 -0.050153 -0.024791 0.007395 -0.025925 0.048890 0.141772 0.293519 -0.139465 0.096890 -0.055148 0.055232 0.023678 -0.174710 0.009342 -0.076764 -0.070229 0.029265 -0.012896
0.054829 0.149585 0.165361 0.129238 0.030869 -0.091881 -0.016517 -0.016941 -0.113017 -0.000823 0.112841 -0.052108 -0.038990 0.023154 -0.051443 0.090131 -0.036929 0.016593 -0.053562 -0.013318 0.018114 -0.021483 -0.024528 0.197321 0.089026 -0.036587 0.023136 0.142548 -0.021107 0.024479 0.310589 0.106988 0.020595 -0.110929 0.052058 0.160948 -0.154464 -0.219938 0.276580 0.024472 0.074667 0.190119 -0.057885 -0.009251 0.075459 0.048610 0.017816 0.038518 -0.175377
0.002168 0.047913 -0.007935 -0.039192 -0.113615 0.085343 -0.041645 0.021359 0.235746 0.031862 0.005462 -0.078851 -0.103177 -0.035395 -0.092379 -0.049396 0.109945 0.130550 0.043911 -0.018177 -0.059807 -0.037146 0.153787 -0.006136 0.020877 0.030243 0.081853 0.138900 -0.032920 0.007043 0.019087 0.094454 -0.031713 -0.019257 -0.083830 -0.116532 -0.099011 -0.098050 -0.048307 0.112006 0.045045 -0.100512 0.041933 -0.023003 -0.108676 0.107821 -0.054318 -0.080347 0.053396
0.027733 -0.116936 0.015702 -0.227348 0.047391 0.030000 -0.021247 -0.003074 -0.060454 0.116895 0.105834 -0.143068 -0.017156 -0.041475 -0.020379 -0.079211 -0.107867 -0.027309 -0.064401 -0.114829 -0.011287 -0.008277 -0.037268 -0.002448 -0.155389 0.014852 -0.083652 -0.021940 0.045910 -0.057040 -0.098609 0.011860 -0.033527 0.005223 0.005433 0.001354 -0.307838 -0.056017 -0.066526 -0.096925 0.061321 -0.000728 -0.165628 -0.060011 -0.004069 -0.093265 -0.012870 -0.020156 0.055136
-0.133656 -0.040067 0.130047 0.132863 -0.152791 0.160940 -0.023101 0.074043 0.007817 -0.065681 -0.181271 -0.272388 -0.089969 0.068895 0.190682 0.005624 -0.064175 -0.160868 0.143755 -0.033109 -0.052965 0.113104 0.068205 -0.026093 -0.073778 -0.169486 -0.048634 -0.118399 -0.057301 0.075546 -0.015287 -0.152594 0.132547 -0.038837 -0.027534 -0.095700 0.032446 -0.139793 0.084898 0.004292 -0.287037 -0.062219 0.180484 0.084786 -0.180116 -0.157722 -0.055695 -0.097746 0.054058
-0.037215 0.027182 0.029580 0.097284 -0.050101 0.006416 -0.015910 -0.060843 0.176019 -0.143765 0.097170 0.132946 -0.025566 -0.124527 0.101611 0.018620 -0.087253 -0.005320 0.018886 0.058165 0.114386 -0.083319 -0.062738 -0.173174 0.213012 -0.035332 0.016100 0.188306 0.026922 0.001474 -0.060335 0.099311 -0.105223 0.090429 0.083891 -0.134483 -0.163635 -0.018726 0.308385 -0.224611 -0.113321 -0.088028 0.094600 -0.062694 0.000134 0.063274 0.049558 -0.010279 -0.004508
0.100285 -0.027429 0.096077 0.003751 -0.054346 -0.069368 0.063082 0.056553 -0.146861 -0.023241 0.191491 0.074244 -0.050569 0.201409 -0.106247 0.187306 -0.109907 0.044160 0.093201 -0.047370 -0.110299 -0.035218 0.076579 0.056728 0.211638 0.191692 0.054911 -0.006638 -0.133704 0.028497 -0.034768 0.112046 0.060701 -0.157255 -0.244668 0.122044 0.000272 0.001384 -0.016192 -0.019127 0.054443 -0.131765 0.030990 -0.061361 0.186703 -0.030725 0.014818 -0.050152 -0.022140
-0.164412 -0.070231 -0.231213 0.075447 0.018798 -0.091613 -0.044432 0.029109 0.067012 -0.056182 0.106260 0.052775 0.032650 -0.011569 0.000967 -0.080796 -0.119325 0.100316 0.070157 -0.002220 0.077538 0.012348 0.077064 -0.058604 -0.088455 0.033274 -0.062825 -0.079814 -0.015501 0.080561 -0.074452 0.082553 0.049431 -0.060823 0.093991 0.021217 0.007090 -0.045155 0.034107 -0.174714 -0.062689 0.057400 -0.174732 0.101695 0.051036 -0.027550 -0.025478 -0.068765 -0.202675
-0.018814 -0.089430 -0.022980 0.004769 -0.024690 0.019424 0.008483 0.055527 -0.295380 0.056162 -0.117050 0.036572 -0.088142 -0.059127 0.066209 -0.072928 -0.105931 0.134514 0.023976 -0.021762 -0.019542 0.044967 -0.045162 -0.204130 -0.032335 -0.048162 0.082882 -0.036070 -0.069841 -0.062859 -0.072894 0.011691 0.038292 -0.033933 0.023752 -0.171871 0.066317 -0.123115 -0.096858 -0.072004 0.023889 0.002137 -0.017537 0.073190 -0.004159 -0.059587 -0.116360 -0.147072 0.144061
-0.172267 0.131132 0.006664 0.075470 -0.160063 0.112840 0.048901 0.066096 -0.089175 0.015358 0.047569 0.119894 0.057169 -0.097081 -0.029461 -0.151684 -0.250367 -0.062233 -0.091060 -0.022765 0.032498 0.013559 0.207522 -0.034780 0.039100 -0.066156 -0.040189 0.110369 -0.103786 0.116801 0.006868 -0.042751 -0.008381 -0.109191 -0.100101 0.085016 -0.088210 0.012016 -0.052589 0.065873 -0.049981 -0.020954 -0.053633 0.029283 -0.054744 0.209576 0.021208 -0.146681 -0.117806
-0.090772 0.024357 0.058687 0.044864 0.048547 -0.122126 0.020996 0.036290 -0.046684 -0.027173 -0.162699 -0.028331 -0.153011 -0.153210 0.125705 0.091968 0.091740 0.207900 -0.050505 -0.027250 0.093511 0.081219 0.058255 0.044722 -0.006214 0.245686 0.253796 -0.066683 0.030040 0.090240 0.120376 -0.012931 -0.017341 0.117076 -0.033110 -0.019958 -0.072223 0.125467 0.171850 -0.048965 0.080657 -0.116779 -0.015952 0.117844 0.079765 -0.001124 0.110075 -0.142171 0.062983
-0.027995 -0.045733 0.000580 -0.062404 -0.092503 0.041501 0.114368 -0.016071 0.052726 0.152580 0.112311 0.047041 -0.068543 -0.052001 0.002109 0.021538 -0.130168 0.149597 0.135524 -0.044036 0.052777 0.117484 -0.056893 -0.020943 0.246780 0.058604 0.130002 0.060426 0.189946 0.124305 0.209143 0.020636 -0.154755 0.051708 -0.107734 0.035516 0.002573 0.043271 -0.041370 0.252742 -0.105874 0.132782 0.028931 0.088137 0.075842 -0.032524 -0.054176 -0.097514 0.201839
0.077285 0.148080 0.079468 0.085516 -0.131999 0.033838 0.203569 0.122016 0.142511 0.058582 0.098671 0.042786 0.031561 0.019912 -0.070557 0.010637 -0.044997 0.003307 -0.081671 0.081108 -0.031221 -0.081350 0.108018 0.027282 -0.035358 0.106299 0.107428 -0.018482 0.074698 0.051342 -0.102420 0.081576 0.087611 -0.059682 0.208352 -0.214159 0.006876 -0.155024 0.156756 0.152170 -0.152287 -0.180490 0.072731 -0.171124 0.014521 0.117555 0.141385 0.032518 0.093955
0.173220 -0.136721 -0.070367 -0.025589 0.054704 -0.118021 -0.096660 -0.031070 0.216354 -0.018026 0.062204 0.046651 -0.146700 0.087734 0.002791 0.106920 0.099462 -0.208500 -0.095315 -0.022666 -0.049771 -0.002666 -0.100269 0.106309 0.068179 -0.143640 0.135424 0.087051 -0.051900 0.039240 -0.038592 -0.082837 -0.039501 0.094212 0.001139 0.022195 0.100495 0.118830 0.192039 -0.086528 -0.023554 -0.047966 0.121213 0.038640 0.058228 -0.095444 -0.058589 -0.026484 -0.077412
-0.012530 0.003345 -0.218240 0.046100 0.169565 0.034880 -0.082258 0.045813 -0.022526 -0.086955 -0.026219 0.202693 0.208991 0.009378 -0.067625 0.102694 0.178900 -0.014579 -0.090656 0.086618 0.085680 -0.019298 0.120822 -0.032902 0.093618 0.063236 0.059312 0.014273 0.067278 0.038381 -0.069686 0.081847 -0.009632 0.027948 0.127397 0.149503 0.033484 -0.151319 0.051459 -0.061562 0.020563 -0.017610 -0.020138 -0.052058 0.040381 -0.178748 0.069968 0.143151 0.126925
0.088477 -0.021816 -0.017326 -0.007311 0.046011 0.100118 -0.003765 0.078707 0.077440 -0.092050 -0.043629 0.009775 0.026319 -0.091825 0.143298 0.059203 -0.118163 -0.131816 -0.090119 -0.023405 -0.057572 -0.014077 0.140838 -0.123677 -0.113489 0.117153 -0.206953 0.088615 0.159245 0.033662 -0.007627 0.075811 0.083300 -0.133087 0.004610 -0.132610 0.060806 0.077933 0.039244 -0.071489 0.106351 0.008455 -0.082426 0.046290 -0.086588 0.036242 -0.034508 0.019225 -0.034786
-0.045732 -0.016256 0.125697 0.148049 -0.059745 -0.050095 0.051811 0.059381 0.153858 -0.094781 -0.060662 -0.146469 0.016480 0.024555 0.040344 0.096416 0.153642 0.152316 0.137752 -0.103639 0.065597 -0.182279 -0.112514 0.070222 -0.094060 -0.034406 0.053320 -0.085914 -0.064544 0.031947 -0.165055 0.120151 -0.152715 -0.045961 0.002647 0.100776 0.176209 -0.197052 -0.179228 0.004896 -0.153910 0.096753 -0.126436 0.028968 -0.041173 0.058001 -0.083578 0.080679 -0.077117
-0.035872 -0.036005 0.055733 0.130819 -0.031128 -0.036885 -0.107360 0.107478 0.179425 -0.011030 0.009736 -0.083586 0.071797 -0.171963 0.073932 -0.038695 -0.075382 -0.019332 0.019725 -0.074703 -0.130091 -0.173105 0.063415 0.040526 0.215198 0.149299 0.045269 -0.049894 0.018203 0.072122 0.046808 -0.015233 -0.086956 -0.096877 0.019570 -0.104159 -0.165931 0.026110 0.023278 0.044356 -0.124545 -0.017446 0.127952 -0.171484 0.041379 -0.043068 -0.097323 -0.122122 -0.100265
-0.039460 0.022391 -0.050960 0.021414 -0.052685 0.087528 -0.022503 0.188458 -0.040133 0.005670 0.092834 -0.002248 -0.066613 -0.073608 -0.020474 -0.048763 -0.022113 -0.100240 -0.079749 0.011558 -0.080199 0.033469 -0.010321 0.008889 0.051494 -0.138980 -0.288241 -0.027051 -0.065414 -0.023039 0.033646 0.092092 -0.009225 0.135115 0.036504 0.001901 -0.047255 0.020115 0.006981 -0.050540 -0.048659 -0.059452 0.054306 -0.000100 -0.096922 -0.096449 -0.111318 -0.037058 0.002142
-0.109102 -0.083340 -0.015747 -0.059737 -0.158295 -0.027030 0.019779 -0.051501 -0.010978 -0.045672 -0.187080 -0.040357 0.003252 -0.143978 -0.002129 -0.186894 -0.117775 -0.012967 -0.125202 0.029268 0.104291 -0.198253 0.169145 -0.190051 -0.111301 0.099504 -0.159481 0.002509 -0.220896 0.103676 -0.090930 0.117966 0.025359 0.116319 0.063334 -0.126585 -0.106746 -0.214091 0.037372 0.133690 0.057812 -0.041557 0.074476 -0.139195 -0.043089 0.225091 0.050382 -0.123318 -0.036165
-0.100411 0.015295 0.016452 0.182323 -0.111290 0.132530 -0.011993 0.045316 -0.106649 0.004947 0.123010 0.085112 -0.025279 -0.069497 -0.033981 -0.004997 0.011125 0.164505 0.113496 -0.045581 0.040621 0.121096 0.023613 0.029648 0.007695 0.075094 -0.186681 -0.004710 0.006666 -0.040115 0.019463 0.021123 0.032030 -0.022030 -0.058124 -0.146074 0.103887 0.140996 -0.072223 -0.127369 0.167745 -0.055969 0.030118 0.057065 0.029999 -0.041337 0.166650 0.065410 -0.094794
-0.097806 -0.042776 0.136354 -0.211052 0.026032 0.007901 -0.070789 -0.012794 0.019737 -0.110092 -0.043063 -0.148381 0.029081 0.047000 0.042682 -0.100476 0.149389 0.074753 -0.167207 0.002889 0.045366 -0.080235 -0.205741 -0.046998 -0.078538 -0.149085 0.035011 0.048587 0.071307 -0.003244 0.200723 -0.036739 -0.137141 -0.205815 0.012436 0.110737 -0.085051 0.018024 -0.308262 -0.027825 0.099310 0.051656 -0.051616 0.073437 -0.071553 0.010179 0.012783 -0.347297 0.036297
-0.002590 0.028851 -0.005211 0.095933 -0.015087 0.148288 0.000008 0.052140 0.169040 0.066828 -0.027258 0.098100 -0.215874 0.081306 0.076736 -0.026983 -0.053652 -0.036872 0.067912 0.128237 0.004269 0.186102 -0.044433 0.057474 -0.094083 -0.034835 0.028079 -0.080792 -0.032424 -0.066277 0.122192 0.039597 0.064747 0.032233 0.091621 -0.043927 -0.011677 -0.032207 -0.036981 0.005228 0.019019 0.041284 -0.137599 -0.114356 0.228269 -0.052810 -0.003520 0.138145 -0.138091
0.086365 0.049355 0.001934 0.070353 0.021940 0.100670 0.047609 0.084022 0.127159 0.078525 -0.043326 -0.254276 0.136542 0.025494 -0.066363 -0.048903 -0.183661 0.029400 0.233877 -0.085620 -0.126402 0.094556 -0.039949 -0.138647 -0.116386 -0.138198 0.135125 0.015447 0.016996 0.005864 0.028557 -0.114694 -0.109516 -0.093066 -0.178541 -0.175187 0.068782 0.054702 -0.030848 -0.131907 0.003434 0.055433 -0.083607 -0.181168 0.088702 -0.000998 0.173397 -0.103352 -0.057973
-0.056172 -0.068181 0.043754 0.129668 -0.040779 -0.038660 0.020034 0.028492 -0.035645 -0.097510 -0.069116 -0.052603 0.234127 0.119797 0.119343 0.059511 -0.027795 0.128234 0.248750 -0.250002 -0.035097 0.081278 0.022994 0.017178 -0.159922 -0.112806 0.097542 0.028430 -0.171465 0.088215 -0.062097 -0.115939 -0.013469 -0.016725 0.164062 -0.335225 0.176146 0.051165 -0.088954 -0.145256 0.162223 -0.057163 0.138533 0.026995 -0.087984 0.078802 0.061100 0.203853 0.104890
0.009834 0.044730 -0.140584 -0.119317 0.006783 0.021001 0.039949 -0.055140 -0.151821 -0.178189 0.019281 -0.118925 0.057558 0.304793 0.106474 -0.014922 0.089665 0.091876 -0.025023 -0.087851 -0.084422 0.045158 -0.157806 0.144617 -0.139191 0.014334 0.116320 0.079266 -0.111342 0.016733 0.074953 -0.079525 -0.079627 -0.030938 -0.018026 0.107541 -0.166103 -0.009454 0.131625 0.055403 -0.285171 -0.043859 -0.058358 0.159076 -0.086056 -0.061626 -0.016388 -0.045856 -0.163430
0.036383 -0.117644 0.038508 -0.051304 0.020704 0.063043 0.077511 -0.000908 -0.078835 0.069775 0.071769 -0.041615 -0.096965 0.035308 0.179673 -0.089195 0.169373 0.021214 0.016346 0.111062 0.069644 0.200324 -0.009107 0.093021 -0.042666 -0.102846 -0.135521 0.040954 -0.026532 -0.102841 0.020686 -0.071230 0.025681 0.081729 0.195826 -0.018764 -0.052990 0.049682 0.080480 0.020773 -0.008449 0.015473 0.089265 0.204379 0.030740 0.180407 -0.008965 0.091188 0.002701
-0.118021 0.043865 -0.022555 0.104712 0.006911 0.150782 0.056592 -0.056649 -0.072897 -0.021307 -0.004423 0.073351 0.164539 -0.000565 0.035553 0.054619 -0.058014 0.085986 0.033125 -0.089434 -0.088612 0.054453 -0.056241 -0.077272 0.274168 0.053798 0.034202 0.209337 -0.134850 0.101335 -0.030721 -0.006096 -0.057702 0.207885 -0.085639 -0.015003 -0.085205 0.024095 0.066964 0.027881 0.065985 0.036437 -0.156330 0.050318 0.059240 0.146209 0.004605 0.079793 0.185571
-0.074616 0.017281 0.228412 -0.060078 0.176887 -0.050966 0.096131 0.031437 -0.103873 0.042561 -0.054619 0.079976 -0.049966 0.002790 -0.111373 0.044980 0.122281 0.117744 0.216519 0.073509 -0.113689 0.015466 0.163563 0.067979 0.035749 0.078320 -0.154883 0.014912 -0.014163 0.061872 0.014438 -0.120379 0.042626 -0.181006 -0.121548 0.055267 0.124428 -0.054340 -0.019729 0.032195 0.113556 0.004184 0.032395 0.187597 -0.040793 0.115063 -0.057975 -0.098623 -0.067743
0.023939 0.032785 0.073697 -0.123614 0.062711 -0.021467 -0.026377 0.078675 0.028412 0.020645 -0.004871 -0.037919 0.112292 -0.161743 0.004728 0.011433 0.152597 0.110739 -0.153575 -0.122472 0.024010 0.002847 -0.045527 0.017471 0.075831 0.058571 0.105176 -0.003843 0.035522 0.102907 0.095440 0.061550 -0.057359 0.021931 0.180237 -0.003660 -0.285897 -0.090417 0.122513 -0.015615 -0.026297 -0.121443 -0.009683 0.084911 0.044298 -0.024397 -0.048026 0.018192 0.034737
0.040181 -0.016031 0.089104 0.185746 -0.088628 0.046051 -0.150127 -0.067451 0.012242 0.040094 0.008066 -0.108077 -0.151317 -0.171403 -0.123403 -0.197256 -0.132314 0.035705 0.029894 0.130551 -0.032525 -0.000281 -0.032411 0.064278 0.097906 -0.125670 0.002877 0.024218 -0.030267 -0.145426 0.201658 0.057364 0.247623 0.156531 -0.007609 -0.121545 -0.028614 0.011715 -0.085357 -0.084285 -0.047015 0.125412 0.137636 -0.032568 0.134214 0.041204 0.027701 -0.000968 0.139620
0.116449 0.045619 0.008333 -0.164974 0.028562 -0.097122 0.112439 -0.046990 0.239633 0.101757 0.106525 -0.001465 0.174557 -0.093406 -0.102226 -0.060947 0.011155 0.031305 0.008125 -0.032059 -0.075364 0.077917 -0.040924 0.104055 -0.204822 -0.116273 -0.011523 -0.038304 0.109824 0.031017 -0.173252 -0.047814 0.139735 0.128582 0.030308 0.255680 0.041176 -0.156852 -0.197850 -0.214664 -0.079536 0.073319 0.204514 -0.029625 0.182677 0.007640 -0.019820 0.000798 0.036982
0.267198 0.070353 0.055260 0.126088 0.103496 -0.121089 0.126135 0.069126 -0.072987 -0.049685 -0.048705 0.092019 0.008510 -0.040351 -0.024997 0.036705 -0.049594 0.143615 -0.132810 -0.015341 -0.110074 -0.112885 -0.067587 -0.074886 -0.025731 0.122274 0.059363 0.056612 0.083497 0.084572 -0.088189 -0.148065 0.000756 -0.150454 -0.149984 -0.167631 0.113484 0.056875 -0.141496 -0.089917 0.159324 -0.045114 -0.095481 0.095379 0.082686 -0.196517 0.048151 -0.095119 -0.009360
-0.043711 0.129271 0.009243 0.035595 0.134900 -0.010213 -0.010906 0.032868 0.028996 0.161336 -0.130753 0.000645 -0.177359 -0.032393 -0.070809 0.013307 -0.038528 0.083060 0.155622 0.066464 0.044268 0.009740 0.119537 -0.008794 0.024453 0.093043 -0.191024 0.002732 0.057177 0.095883 0.013287 0.195865 0.015961 -0.124893 -0.087519 0.152652 -0.094847 0.055489 -0.018297 -0.098624 0.025504 0.098000 0.036900 0.283298 -0.003759 -0.016160 -0.023506 0.057639 -0.106017
0.105225 0.095120 0.126633 -0.080340 0.165281 -0.153622 0.164719 -0.028032 -0.116694 0.065935 0.010776 0.135304 -0.150182 -0.076264 0.100921 0.036119 0.060795 0.059407 0.033165 -0.021416 -0.038085 -0.118865 0.089123 -0.016939 -0.131763 0.121036 0.082122 0.033328 0.049438 -0.070338 -0.000810 0.006551 0.232704 0.030287 0.155786 -0.102812 -0.081665 0.044824 0.076800 0.055602 -0.177978 0.017878 0.062800 -0.006578 -0.087101 0.141605 -0.081254 -0.064616 0.004113
0.097813 -0.183522 0.123932 0.071660 0.202629 -0.051771 -0.059540 -0.002855 -0.121306 -0.029096 -0.100322 0.123692 -0.024772 0.010958 -0.123356 -0.065368 0.031147 0.051618 0.132394 0.058148 -0.041161 -0.072121 -0.076247 0.027630 0.013665 0.058419 0.131720 0.086321 0.191176 -0.209580 -0.003642 -0.226774 -0.022177 0.080774 0.097720 0.150561 0.089672 -0.168684 0.005929 -0.072992 -0.225382 -0.108803 0.245163 0.184591 -0.069096 -0.115194 0.079999 0.101402 0.074467
-0.195595 -0.069175 -0.041668 0.088433 0.060843 -0.149886 -0.130037 0.114600 -0.023422 -0.011902 0.085472 0.104254 0.013575 0.073602 -0.072727 0.000843 0.010014 -0.042994 -0.128457 -0.168656 0.197481 0.071182 -0.047409 0.040491 0.128866 -0.014354 0.037649 -0.016958 0.101622 -0.119183 -0.111655 -0.175703 -0.087352 -0.118105 -0.043912 -0.101976 -0.098403 0.052316 -0.292738 0.052328 -0.157417 0.110492 -0.069196 0.150951 0.120513 -0.069269 -0.058666 0.017195 0.046886
-0.198762 -0.012233 -0.137888 0.124198 -0.004813 0.022409 0.120076 0.021620 0.106644 -0.079379 -0.034790 -0.188527 -0.084516 -0.162589 -0.120096 -0.047016 -0.053614 -0.271887 0.148968 -0.144234 0.142388 0.037091 0.051863 0.164564 0.037496 0.036326 -0.200237 0.027179 0.010752 -0.042286 -0.111689 -0.050937 -0.032675 -0.122058 -0.120772 0.121927 0.006915 0.049362 0.060710 -0.129163 0.065962 -0.051140 -0.274558 -0.254999 0.036730 0.099521 -0.018580 0.052691 -0.187825
0.035024 -0.043037 -0.159330 0.014606 0.054616 0.062189 -0.097501 0.114197 0.033558 0.098804 0.049707 0.130630 -0.065167 0.076368 -0.053877 -0.032803 -0.010767 0.029580 0.008849 -0.018652 0.097954 0.127682 0.043760 0.089790 0.040105 -0.263355 0.093418 -0.024391 0.091743 -0.085268 0.186642 0.019617 0.200302 0.033878 0.112997 -0.076350 0.083089 0.078036 -0.160247 -0.069462 0.056353 0.085938 -0.071016 -0.076804 0.217147 0.022813 0.063515 -0.144210 0.027389
0.126880 0.194181 0.086055 0.062378 0.068149 0.064924 0.119864 0.028870 -0.030118 -0.061162 0.129002 0.055876 -0.009902 0.022535 0.045670 -0.035514 -0.069805 0.009961 -0.167710 0.056261 -0.071006 0.130250 0.122868 0.037376 -0.066176 -0.008555 -0.272485 0.097551 -0.124637 -0.047301 -0.052359 -0.076239 0.080179 0.140749 -0.035592 0.028718 0.036184 -0.048969 -0.046718 -0.035998 -0.224770 0.175426 -0.178300 0.164711 0.093101 0.166311 0.150183 -0.079280 0.040324
0.130685 -0.103029 0.094668 0.165788 -0.079050 -0.031264 -0.023565 0.015544 -0.010365 -0.096497 0.016720 0.133909 -0.032514 0.047805 -0.036767 -0.035183 -0.150062 0.125310 -0.032539 0.042460 0.068310 0.017612 0.084974 0.082833 -0.015043 -0.133632 0.216289 0.176530 -0.152462 0.055404 -0.025958 -0.056515 -0.284956 -0.064651 0.153767 -0.271827 -0.009238 -0.034771 -0.002160 -0.089233 -0.038145 -0.055477 0.151160 0.053560 -0.066207 -0.062277 -0.068401 0.147903 -0.036471
0.032255 0.048845 0.032410 0.087016 0.135483 0.006079 0.015592 0.062383 -0.149918 -0.075295 -0.203190 -0.043602 -0.125067 0.028262 0.075404 0.011276 0.052873 -0.063854 -0.049149 -0.014965 0.075087 -0.077697 0.047819 0.008044 0.113041 -0.078035 -0.285549 -0.026633 0.107128 -0.031148 -0.129105 -0.075295 0.045275 -0.084644 0.069369 -0.225152 0.137680 -0.096226 -0.051660 0.126948 0.010520 -0.094599 -0.101887 -0.088720 0.013658 -0.183754 0.102140 0.020090 -0.181532
-0.179249 -0.094680 -0.081758 0.051467 -0.006857 0.122871 0.011567 -0.006209 0.116689 -0.069264 -0.073884 -0.168812 -0.013047 0.113263 -0.163752 0.070899 0.058151 -0.074773 -0.086144 0.005225 -0.084753 0.018089 -0.177671 0.032073 0.142749 -0.084563 -0.113553 0.048143 0.063414 -0.142275 0.077168 0.109611 0.081035 -0.101540 -0.029382 -0.030327 -0.050004 -0.040312 0.158446 0.064068 0.118013 0.028596 0.058299 -0.036861 0.014062 0.089072 -0.125176 -0.073620 0.104180
-0.083092 -0.120909 -0.090471 0.079586 -0.059675 -0.108569 0.028938 -0.027963 -0.016022 -0.165862 0.143606 -0.089263 0.076969 0.090688 -0.008105 -0.027839 -0.067690 -0.056918 0.008331 -0.018121 -0.051382 0.020157 0.020029 -0.186240 -0.019583 0.109103 -0.089876 0.015521 -0.026630 -0.048626 -0.156204 0.044096 0.013661 0.008300 -0.084901 -0.018251 0.000730 -0.107897 0.035957 -0.133238 -0.069025 -0.052962 -0.147654 -0.039667 0.001070 0.216680 -0.092995 -0.042702 0.050519
-0.110389 -0.029373 -0.153457 -0.015653 -0.004406 -0.098856 0.005763 0.028438 -0.133365 0.101818 0.017251 -0.018270 0.049687 -0.102617 -0.036904 -0.055959 -0.119478 -0.045298 -0.137298 -0.066357 -0.194578 -0.010329 -0.099251 -0.127730 0.027456 -0.036616 0.015367 -0.009679 0.034927 -0.048136 -0.027055 -0.073005 -0.032222 0.071898 -0.025259 -0.087193 0.033570 0.012683 -0.051110 -0.166191 -0.032069 -0.061096 -0.057526 0.020332 -0.040882 0.027484 -0.144628 -0.019015 -0.126507
-0.125049 0.141380 -0.088836 0.028349 -0.108463 0.078932 -0.022491 0.145106 -0.076742 0.084935 -0.133515 -0.055124 -0.116375 0.016248 0.003606 0.066531 -0.001370 -0.058176 0.094997 0.014714 0.059225 0.002972 -0.086389 -0.035984 0.120793 -0.057542 -0.221588 -0.150978 0.209978 -0.020060 0.120945 0.098225 0.022689 -0.114615 0.042871 0.042384 -0.153097 0.288841 0.110167 0.061311 -0.017373 0.030704 -0.045754 -0.160265 0.052959 -0.206143 0.085571 -0.030493 0.109466
-0.013833 -0.006264 0.065577 0.083065 0.062939 0.079149 0.014361 0.115867 0.149551 -0.032965 -0.210966 0.128416 -0.063534 0.088530 0.051728 0.027082 0.187987 0.016624 0.087286 0.044201 0.042998 -0.157178 0.013638 0.036757 0.074677 0.144529 0.041507 0.048669 -0.072445 0.150671 -0.125240 -0.015651 0.037637 -0.158382 -0.052053 -0.048291 -0.003284 0.191854 0.260685 -0.097699 -0.117321 -0.133963 -0.021600 0.189007 -0.057727 0.193176 0.121000 0.167895 -0.033590
0.086637 0.090483 0.129289 0.073180 0.174853 0.131714 -0.127745 0.147645 0.053883 -0.050867 0.103148 -0.098670 -0.135526 -0.082834 -0.022501 -0.107338 0.004024 0.057150 0.117666 -0.097572 0.016563 -0.082501 -0.238814 0.022594 -0.068677 -0.206485 0.214026 0.012046 0.089644 -0.058868 0.044308 0.115819 -0.102449 -0.017239 0.034943 0.148450 0.067814 -0.137794 0.019422 -0.057085 0.076088 -0.026520 -0.120764 -0.054479 0.039357 -0.084667 -0.055449 -0.045067 0.103929
0.208861 0.088734 0.034848 -0.052014 0.136343 0.096258 0.019225 0.205370 -0.076195 -0.218697 0.017881 -0.105845 0.011153 -0.115609 0.089626 0.021343 -0.042662 0.040499 0.173655 -0.047912 0.011018 0.044746 -0.098691 0.006622 0.117365 -0.087819 0.112039 -0.061746 0.170997 0.066682 0.029248 0.230753 0.084241 0.053562 -0.001597 0.020093 0.095532 -0.094338 0.081884 0.014634 -0.010572 -0.037382 0.076358 -0.026942 -0.013988 0.099000 0.183195 0.057190 0.115544
0.109512 -0.091575 -0.028123 0.053217 -0.041894 0.085940 -0.035427 0.125715 -0.080874 -0.029973 0.150574 0.149257 -0.011721 -0.084639 -0.072373 0.177793 -0.099385 -0.168763 0.048482 0.100328 0.273030 0.172150 0.053928 0.000092 -0.047482 0.290832 -0.012357 0.018704 0.108214 0.030304 0.077308 -0.131406 0.109337 0.245911 -0.211022 0.142760 -0.123866 0.012085 -0.104630 0.061272 -0.178507 0.025261 -0.024810 -0.011957 0.051777 -0.101531 0.164996 -0.066898 0.063755
-0.073009 0.023995 -0.053042 0.003030 0.011176 -0.006545 -0.092004 0.187155 -0.021080 0.075826 -0.035761 0.118657 0.134852 0.075646 -0.051864 -0.086272 0.066804 0.016816 0.031597 -0.025473 0.080271 -0.114759 -0.051402 -0.078993 -0.003486 0.059657 0.147827 0.053168 -0.048965 0.140299 -0.105953 0.007459 0.093166 0.058964 0.150342 0.183829 0.190617 0.098904 -0.128667 -0.101022 0.067120 -0.272361 0.076684 -0.158080 -0.031328 -0.013864 -0.127955 -0.079503 -0.183548
-0.135270 0.102990 -0.105601 0.102543 -0.020131 0.065326 0.066879 -0.042639 0.007149 0.009216 -0.186849 0.051955 -0.080269 -0.215119 0.028455 -0.057762 0.049889 0.014019 0.063463 0.003689 0.094263 0.198343 -0.003870 0.099927 -0.056149 0.055565 0.032124 -0.029657 -0.082007 0.040180 -0.135486 0.172850 -0.086143 0.079166 0.090257 -0.129955 -0.050842 0.008360 0.058908 -0.041772 0.111189 0.078519 0.122683 0.031876 0.100517 -0.014877 0.184417 -0.033315 0.084290
-0.101504 0.022158 0.101802 0.009858 -0.004155 -0.110383 0.027858 -0.078097 0.030289 0.161099 -0.019156 0.058173 -0.109828 0.034012 0.160647 -0.060948 -0.104644 0.088095 -0.045695 0.243040 0.040016 0.141719 0.067861 0.148129 -0.025082 0.176261 0.052361 0.058587 -0.042092 0.124776 0.017092 0.205249 -0.138964 0.097534 0.116963 0.033243 -0.002238 0.079544 0.036306 0.177917 0.226211 0.006785 -0.101536 0.046917 0.274960 0.127072 0.079381 -0.134644 0.059715
-0.018455 -0.032267 -0.010227 -0.078149 -0.007138 0.015217 0.087742 -0.038025 -0.234678 -0.102516 -0.029844 0.108520 0.219735 0.074424 0.036849 0.056067 -0.088083 0.195462 -0.077281 0.054959 0.004395 -0.178176 0.114509 0.127912 -0.192188 -0.107124 0.203652 -0.005124 0.264907 0.102349 -0.024219 0.178603 0.065275 0.208457 -0.087450 -0.118751 -0.289317 -0.000483 -0.170047 0.089371 0.049368 0.112238 -0.014742 -0.038839 -0.026978 -0.029197 -0.116008 0.090799 0.014463
-0.096559 -0.029005 0.066426 -0.055723 0.059190 -0.132759 -0.042416 0.091748 -0.253748 -0.081682 0.022125 0.185404 0.026011 -0.072384 0.051833 -0.123373 0.058025 0.040860 0.034082 -0.026294 -0.170878 0.040691 -0.070938 -0.008879 -0.183566 -0.120730 -0.242896 -0.132212 -0.023076 0.098797 0.031993 0.018984 0.101628 0.162959 0.125081 0.106705 -0.046881 0.044570 -0.329279 -0.072066 -0.096031 0.048545 0.142294 -0.090413 0.149156 0.071145 0.013451 0.165200 0.117666
