0.148751 -0.229710 -0.148155 0.221810 -0.180544 0.399490 -0.038030 -0.364133 0.157987 0.211242
-0.281563 -0.193732 -0.029292 0.238505 -0.101244 0.117428 0.230879 0.025525 -0.123371 -0.138415
-0.241718 0.064442 -0.049259 0.087591 -0.190763 0.053355 -0.133237 0.074262 0.031483 0.007486
-0.045113 0.302382 0.168948 0.299759 -0.096434 0.165455 -0.028091 0.098126 0.096625 -0.216687
0.098826 -0.158546 -0.025925 0.077907 0.304105 -0.073498 -0.100162 0.185954 0.012418 -0.321173
-0.210745 0.114512 0.042820 -0.052910 0.059921 0.122593 -0.329382 -0.181137 -0.031640 0.084186
0.206352 -0.246753 -0.123635 -0.027734 -0.001439 -0.007898 -0.045728 0.211922 0.059039 -0.060029
-0.036684 -0.129735 0.125708 -0.226893 0.051657 -0.339232 0.122251 -0.054200 -0.218341 0.085602
-0.408300 -0.191448 -0.115340 -0.381271 0.029972 -0.283963 0.023555 -0.288937 -0.101301 -0.117788
-0.161577 0.084751 -0.159808 -0.038915 -0.085850 0.179734 0.043753 -0.084165 0.110762 -0.247814
-0.090678 0.171320 0.247044 0.016270 -0.061668 -0.099219 0.059691 0.024699 -0.196160 -0.244620
0.069777 0.123916 0.083866 -0.286790 0.047419 0.242281 0.116329 -0.107156 -0.336096 0.050267
-0.017799 -0.123482 0.156679 -0.028088 0.115321 -0.074584 -0.225345 0.024380 -0.001745 -0.014483
0.136046 -0.123611 -0.117395 -0.166745 -0.110381 0.109835 0.166003 0.022495 -0.292321 -0.001673
0.093451 0.138091 -0.074609 0.021288 0.017980 -0.173419 0.213241 -0.084794 0.110843 -0.040150
-0.117763 0.281343 0.306421 0.021902 -0.004924 0.099372 -0.187680 -0.296432 0.095873 0.094695
-0.122210 -0.058186 0.056032 -0.015316 0.123095 -0.068293 0.108127 -0.012028 -0.059712 0.378674
-0.214024 -0.197797 0.188676 -0.313774 0.067966 0.104253 0.209524 -0.109538 0.001458 -0.325748
0.042147 -0.275114 -0.021309 0.003531 -0.041978 0.049427 -0.053426 -0.320394 -0.183218 0.104510
0.070198 -0.118907 -0.168929 -0.147231 -0.289612 -0.182741 0.029995 0.034876 0.197734 0.254275
-0.378594 0.097797 0.107576 0.253498 0.319325 0.343426 0.090578 0.053554 0.214252 -0.087289
0.213222 0.237479 0.161490 -0.105448 -0.372523 -0.250017 0.013170 -0.172891 0.042448 -0.016110
-0.275763 -0.129046 0.153509 -0.180956 0.015313 0.274413 -0.325389 0.186812 -0.037718 0.138202
-0.005676 0.181295 0.134589 0.335684 -0.075266 0.088879 -0.031837 0.332569 0.227870 0.288039
0.085376 -0.142040 -0.203907 0.188324 -0.232729 -0.119210 -0.042881 -0.253872 0.213074 0.099749
0.355895 -0.315028 0.471356 0.146867 -0.384447 0.040608 -0.146157 -0.119405 0.006683 -0.083632
0.072419 0.059478 0.214264 -0.150991 0.001654 -0.064727 -0.003456 0.127449 0.289264 -0.077250
0.320116 -0.145415 -0.341406 -0.199492 0.197717 0.237821 0.213771 -0.085444 0.067311 0.133439
-0.203310 0.252102 0.138956 -0.267553 -0.175164 -0.105702 -0.318288 -0.254614 0.035316 0.182561
0.028735 0.007802 0.028157 -0.230818 -0.096548 0.109100 0.233754 -0.137584 -0.155154 0.047164
0.121164 -0.084765 -0.082002 -0.173118 -0.174765 0.165535 -0.090138 0.010919 -0.012877 -0.237164
0.220942 -0.013861 0.082813 0.021310 -0.114352 -0.039172 0.016625 -0.071465 -0.060847 -0.041695
0.016129 0.172928 -0.196386 -0.022117 -0.296725 -0.109709 -0.135247 -0.054461 0.464298 -0.267298
0.032230 -0.084229 0.253000 -0.002111 -0.051741 0.363357 -0.004594 0.105349 0.050042 0.094083
0.240824 0.154626 -0.071660 -0.020826 -0.307037 0.377234 0.071985 0.061046 0.246986 -0.165925
0.238327 0.016580 -0.246340 0.081386 -0.100618 -0.054858 0.224849 0.098063 -0.078071 0.059733
-0.320305 -0.115085 0.115828 -0.079433 0.170308 0.134815 -0.013904 -0.000275 0.156490 -0.068508
-0.081716 0.114870 0.150348 0.251091 -0.078646 -0.175771 -0.066187 0.009342 0.089099 0.292485
0.041579 -0.115831 0.071467 0.152231 -0.228980 0.309267 0.285978 -0.118245 0.230269 -0.182052
0.036960 -0.027397 -0.070871 0.215124 0.131843 -0.078489 -0.212990 0.363198 0.288750 -0.059410
0.201083 0.072580 -0.161318 0.159827 -0.061743 -0.005823 -0.067627 -0.116497 -0.075408 -0.017917
-0.097292 0.286417 0.100250 -0.080518 0.039212 0.063917 0.015171 0.035683 0.174051 -0.223913
0.008519 -0.133642 0.108729 -0.107794 -0.128904 0.053853 0.396370 0.036603 0.016028 -0.083140
0.148637 -0.143253 0.074074 0.074948 -0.434031 -0.270974 -0.112054 0.028889 -0.187844 0.021606
-0.207645 -0.046916 0.206555 0.023070 -0.016518 -0.068329 0.394523 -0.115926 0.268991 -0.071020
-0.238141 -0.145728 0.197507 -0.163871 0.087392 -0.050805 0.162841 0.016878 -0.039775 -0.181218
-0.178717 -0.032310 -0.149284 0.121669 0.141022 0.039878 0.040531 -0.283269 0.066747 -0.196767
0.070033 -0.046711 -0.058989 -0.203119 0.016335 0.028128 0.039157 0.313631 -0.110467 0.105246
0.089096 0.107771 -0.138557 0.050729 0.313596 -0.132656 0.077363 -0.151737 0.091150 -0.008551
0.007083 0.038741 0.045298 0.064086 -0.029150 -0.048110 0.120709 -0.266641 0.458785 -0.054086
-0.187419 0.295616 -0.076624 -0.167390 0.091622 0.349383 -0.111104 0.236105 0.048926 0.058603
-0.081240 0.060608 -0.347163 0.058398 0.056980 0.219630 0.323760 0.083956 -0.358663 0.197342
0.205491 -0.044265 0.142093 0.010837 0.120262 0.016208 -0.320665 0.090256 0.144901 0.089903
-0.136087 -0.051371 0.044193 0.342769 0.231597 0.413490 0.257182 0.207183 -0.177552 -0.125239
0.016687 0.069198 -0.318277 -0.258519 -0.237298 0.091998 -0.035213 -0.326225 -0.234637 -0.002378
0.063049 0.192054 0.196247 0.000655 0.104646 -0.092450 -0.011801 -0.002771 0.015675 -0.016546
0.217689 -0.188613 0.049974 0.233950 -0.129078 0.205644 0.029876 -0.062584 -0.277899 0.175499
0.052158 -0.421791 0.008811 -0.121250 -0.078507 0.284503 -0.057572 -0.416020 -0.053744 0.221022
-0.108826 -0.053832 -0.193848 -0.203937 -0.053379 0.139074 -0.050321 0.103314 -0.052055 0.212598
0.094339 0.162685 -0.240472 0.054524 -0.137026 -0.050761 -0.387809 0.124372 -0.114078 0.107038
-0.039267 -0.096776 -0.213118 -0.031938 0.120966 -0.108925 -0.143625 -0.115595 -0.035280 -0.093467
0.001240 0.112073 -0.423207 0.176174 0.103778 -0.067217 0.005425 -0.099989 0.190754 0.071463
0.133017 -0.019941 0.211933 0.040678 -0.184774 0.048291 -0.008021 -0.409336 -0.146348 -0.320878
0.076074 0.184202 -0.313416 0.271631 -0.026103 -0.235568 -0.059450 0.356848 -0.039422 -0.102583
