-0.230724 -0.021289
0.228576 -0.124112
0.205100 0.360168
0.524229 -0.325860
-0.268348 -0.000874
-0.097165 -0.218313
-0.131777 -0.093337
-0.353627 -0.208846
-0.222655 -0.190014
-0.011069 -0.037759
0.441107 -0.415375
-0.218843 -0.065952
-0.247481 -0.563548
0.252749 -0.134312
-0.479231 -0.160982
0.217580 0.426772
-0.468979 -0.186790
-0.221340 -0.241633
0.068403 0.119932
-0.041505 0.268174
-0.077203 -0.141392
-0.286264 -0.402193
-0.345324 -0.396139
-0.317367 -0.011366
0.087938 -0.362122
-0.607415 0.181528
0.216016 0.073296
-0.282259 0.102051
