-0.119109 -0.002574 -0.115722 0.015912 0.159286 -0.196647 -0.012170 0.051408 0.041135 -0.003484 0.020403 -0.161830 0.011868 -0.211370 0.013708 -0.067473 -0.056852 0.018427 0.079621 0.047970 0.046020 -0.007658 -0.025482 -0.082480 0.061271 -0.017626 0.103343 -0.271628 -0.003553 -0.004957 0.046435 -0.004920 -0.094549 0.199752 0.039596 -0.130423 -0.001500 -0.018098 0.041054 -0.081328 -0.102192 -0.010894 -0.018239 0.062928 -0.023537 -0.074560 -0.018087 -0.195935 -0.104029
-0.156397 0.013668 -0.078033 -0.064734 0.028421 -0.019356 -0.049338 -0.055410 -0.045712 0.067011 -0.016741 -0.098123 0.017234 -0.110830 -0.109379 -0.275350 -0.106683 -0.077099 -0.001928 -0.008524 -0.100962 -0.231356 -0.228435 -0.123132 0.017031 0.082198 -0.064423 -0.167027 0.005012 -0.085855 0.006458 0.036780 -0.084606 -0.101426 0.029029 0.032017 -0.074434 -0.122012 -0.100075 -0.037023 -0.060661 0.037686 0.124310 -0.140626 0.000252 -0.122447 -0.136304 -0.021125 -0.008048
-0.126336 -0.078789 -0.044532 0.008133 0.016659 -0.023966 0.064485 -0.091490 -0.108739 -0.124314 0.010918 0.037634 0.166988 -0.121902 -0.033384 -0.032238 0.072228 0.154900 -0.097960 0.090557 0.027240 0.026046 -0.087721 0.043149 0.028911 0.165744 0.013093 -0.025123 0.004098 -0.052207 -0.072255 -0.045792 0.096847 -0.088098 0.100465 -0.011413 0.064809 -0.010478 0.046692 0.031493 -0.078491 -0.218929 -0.006860 0.105499 0.122850 0.112732 0.028419 -0.106999 -0.013578
-0.084767 0.016196 0.063951 0.102879 -0.145657 0.171017 -0.114688 0.102155 -0.188682 0.124555 0.000276 -0.051516 -0.070644 -0.141321 0.159652 0.083091 -0.084863 0.028598 0.108621 0.006240 -0.113776 -0.423188 0.050533 0.082978 0.118927 0.064915 0.000476 -0.080252 0.121658 0.012802 0.100919 -0.037259 0.064276 -0.154475 -0.240537 0.083684 0.071231 -0.047549 0.035644 0.121800 0.170806 0.119162 -0.086778 -0.135209 0.032786 0.005373 0.088073 0.074779 0.020962
0.080553 0.072713 -0.066708 -0.045587 0.079755 -0.279140 -0.180687 -0.088088 -0.060730 -0.056236 0.063719 0.007601 0.024924 -0.201565 -0.044430 -0.099183 0.036322 0.152515 0.035657 -0.005617 -0.019446 -0.107346 -0.075926 -0.134511 0.039397 0.211145 0.212491 0.105784 0.078851 -0.163622 0.044282 -0.042329 -0.189602 0.122367 -0.237706 -0.009934 -0.020016 0.166127 0.010490 0.106034 -0.055275 0.017036 0.135777 -0.110446 -0.022927 0.045551 -0.078906 0.011188 -0.080521
-0.125396 -0.027356 0.061743 0.095671 0.093665 -0.045407 0.015047 0.106810 0.045290 0.111544 0.019126 -0.042182 0.150776 -0.033721 0.036751 -0.110345 -0.079050 0.157920 -0.110642 -0.001459 0.057014 0.022057 -0.198805 0.053112 0.063528 -0.197896 0.022996 -0.134730 -0.072694 -0.253021 0.066581 -0.059934 -0.065011 -0.046537 0.077618 0.001021 0.043203 -0.105078 0.081787 0.023339 -0.018935 -0.116976 0.116861 0.053292 0.126720 0.136927 -0.021670 -0.242477 0.175881
0.088647 0.032667 -0.216434 0.064358 0.163122 0.176998 0.037067 -0.040251 -0.069231 -0.096754 0.147824 -0.003832 -0.060806 -0.113508 -0.029302 -0.067397 0.075816 0.075685 -0.063919 -0.126734 -0.045835 -0.214410 -0.140660 0.136432 -0.092881 -0.142263 -0.025041 0.161817 0.129492 0.138859 0.140580 -0.087424 0.030147 0.170750 -0.014243 0.044647 0.093477 -0.082396 0.017143 0.136542 0.041722 0.153390 0.084999 0.103910 0.011717 -0.121092 -0.031705 -0.021130 0.019635
0.118638 -0.071445 0.137595 0.068753 -0.082255 0.011973 -0.385408 0.095927 -0.053131 -0.045621 0.059071 -0.135746 -0.069202 -0.145268 -0.000403 0.068774 -0.233871 0.100458 -0.135294 0.037403 0.015187 0.034326 -0.079733 -0.078923 -0.123434 0.021487 -0.155931 -0.036164 -0.064852 0.024415 -0.048310 -0.043794 -0.067793 -0.078749 0.037545 0.040424 0.026874 -0.028155 0.015092 0.028852 0.102883 -0.007264 0.198964 0.020989 -0.089168 0.238599 -0.021291 0.057023 0.085122
-0.013698 -0.085804 -0.120144 -0.145342 0.052782 -0.087807 -0.265874 0.021381 0.118902 0.031549 0.081854 0.067296 0.108806 0.058684 -0.143704 0.161844 -0.114609 -0.137519 -0.020813 0.024548 0.056294 0.048546 -0.056342 -0.127860 0.026222 0.132405 0.020658 0.071766 0.011955 0.099444 0.006884 -0.042620 0.047557 -0.050743 0.054613 0.004652 0.150715 0.108513 -0.363715 0.040788 -0.028230 -0.181858 -0.013805 -0.093246 0.056953 0.100619 -0.040644 0.003744 -0.110139
-0.082978 0.113877 0.147391 -0.084039 0.011471 0.050165 0.075645 0.051992 -0.090672 0.106524 -0.073761 0.038101 0.079586 0.026068 0.187747 -0.018533 0.032797 -0.147542 -0.095753 -0.092244 0.004641 -0.120473 0.108249 -0.023270 -0.118003 -0.071978 -0.024678 0.118519 -0.003859 -0.004747 -0.106535 -0.032512 -0.010350 0.053925 0.037632 0.110054 0.065405 0.255671 -0.004454 -0.075352 0.137778 0.064451 -0.075589 0.126658 -0.016996 0.252066 0.066807 0.047554 0.049540
-0.095646 -0.067826 0.101796 -0.042713 -0.089520 0.023655 0.017766 -0.032788 -0.105061 -0.071338 0.136406 0.083864 0.080894 -0.097970 0.106429 -0.242031 -0.113110 -0.076310 0.108686 0.056428 0.031350 0.080309 -0.312972 -0.063410 -0.034604 -0.114828 -0.066648 -0.050016 -0.219127 -0.091002 0.024013 -0.199532 -0.072590 0.052115 -0.099502 -0.035326 0.045089 0.010191 0.034500 -0.080288 0.022339 -0.099950 -0.077535 -0.062956 0.157721 0.125694 0.090663 -0.090923 -0.001475
0.060247 0.070820 0.087276 -0.013832 0.000746 0.325139 -0.015837 0.111635 -0.053611 -0.014380 0.061841 0.149902 -0.089909 0.038095 -0.036316 -0.040553 -0.019616 -0.212985 0.146837 -0.190318 0.024100 0.059465 -0.039111 0.048298 0.029502 0.056070 -0.043766 -0.049332 0.085318 0.064101 -0.142336 0.079643 -0.169336 -0.080339 0.004098 -0.144153 0.038170 -0.137483 -0.052208 -0.049403 0.087599 0.083263 0.066422 -0.150866 0.023082 0.045390 0.137769 -0.046540 -0.007415
0.052627 0.080018 0.180518 -0.057141 0.191910 0.052336 -0.080924 0.011783 0.056050 0.106775 0.006509 -0.108568 0.073123 -0.122842 0.008247 -0.100052 0.025057 0.069436 0.161290 0.111265 -0.143482 0.122399 0.055673 -0.066399 -0.011778 0.105117 0.147348 0.200375 0.021045 -0.104800 0.042297 0.073786 0.021632 -0.038986 -0.049914 0.012029 0.024428 -0.015048 -0.071985 0.099832 0.104183 0.077155 -0.057396 -0.120245 0.031237 0.068495 0.107111 0.079826 -0.032275
-0.113448 -0.039008 0.045162 -0.114625 -0.095691 -0.060088 -0.060673 0.001243 -0.077429 -0.055546 -0.145354 -0.196324 -0.018873 0.000073 -0.042294 -0.139735 0.108749 -0.051349 -0.099460 -0.057529 -0.001803 -0.221512 -0.106575 -0.015991 -0.092952 -0.017708 -0.150842 -0.183408 0.014200 -0.042902 -0.291571 -0.009167 -0.012601 -0.064756 0.051892 -0.040131 0.004268 0.082248 -0.009930 0.114601 0.033116 -0.011368 0.107172 -0.105232 -0.154856 -0.066823 -0.073015 -0.081339 -0.048834
-0.060013 -0.048791 -0.015995 -0.282667 -0.032642 0.163879 0.125807 -0.079186 0.161916 0.050870 0.058075 0.036066 0.058531 -0.005957 0.014271 -0.003378 -0.170647 -0.033393 -0.089195 -0.090855 0.087461 -0.018084 0.130893 0.004769 -0.102670 0.180262 -0.280269 -0.073453 0.062028 -0.096642 0.089271 0.052308 0.102110 -0.086392 -0.110226 0.104886 -0.060616 -0.024347 -0.197213 -0.015717 -0.054027 -0.009032 -0.079145 0.085263 -0.229935 -0.114300 0.077621 0.014909 0.009872
-0.041177 0.188221 -0.019320 -0.394093 0.042934 0.171438 0.009047 0.109812 -0.180213 -0.015942 0.190878 -0.246433 0.009785 0.163231 0.024425 0.174975 -0.047590 0.016920 -0.038378 -0.018208 -0.053258 -0.132165 -0.408017 -0.006802 0.057444 -0.138908 -0.055923 -0.007851 -0.059178 0.050876 -0.161023 0.144752 -0.031668 -0.076430 0.005666 -0.097972 -0.104397 -0.064578 -0.251721 0.039466 -0.225880 0.005015 0.166007 0.158788 -0.073783 -0.109195 -0.069952 -0.114579 0.020510
-0.075903 -0.142383 0.031492 0.040833 -0.035188 0.056394 0.060979 -0.123748 0.046140 -0.128840 -0.072620 -0.028400 -0.198391 -0.116046 -0.079184 0.099555 -0.140019 -0.147772 0.060664 -0.085637 0.085585 -0.163952 0.064176 0.073351 -0.115181 -0.125316 0.007852 0.006481 -0.213424 -0.144673 0.045274 0.006154 -0.009024 0.016218 -0.115716 0.140472 -0.103192 -0.304251 0.037673 -0.077127 -0.052536 -0.259092 -0.106672 -0.012706 -0.049554 0.116744 0.080973 -0.036311 -0.090506
0.133312 -0.001837 0.094060 -0.237895 -0.112328 0.067657 -0.029122 0.087427 -0.098460 -0.194850 0.179456 -0.018715 0.162095 -0.016790 0.015009 -0.116133 -0.117856 -0.012993 0.177667 0.093271 0.050677 -0.049582 -0.067753 0.220408 0.098252 0.088000 0.019063 -0.028235 0.080382 0.026572 -0.051557 0.028403 -0.161473 0.219303 0.041037 -0.019909 0.039877 -0.027864 -0.059403 -0.000403 -0.001784 0.059937 0.003795 0.220734 -0.033162 -0.156564 0.147598 0.014519 -0.102181
-0.009247 -0.043471 -0.046478 -0.162504 0.048731 0.012831 0.203733 0.059229 0.160872 -0.065100 0.021284 0.037901 -0.026355 0.060974 -0.068961 -0.113423 -0.157168 0.080146 0.003697 0.051389 -0.028789 -0.017267 -0.075611 0.002839 0.139646 0.018551 0.104999 -0.077329 0.027971 -0.096462 -0.187177 -0.069211 -0.033697 -0.021332 0.213404 -0.079092 -0.134029 0.058800 -0.021171 -0.151056 -0.047402 -0.002567 -0.116535 -0.120053 0.094102 -0.053047 -0.288672 -0.025099 0.203492
0.069681 0.004252 0.006333 -0.133909 -0.071963 0.016838 0.086853 0.073625 0.155638 0.086704 -0.098128 0.008827 -0.070767 0.076265 -0.020749 0.051165 0.103591 -0.076385 -0.179961 0.069167 -0.094155 -0.211983 -0.072927 0.146662 0.046454 -0.067960 -0.032733 -0.098195 0.113471 0.018745 0.043478 0.113540 -0.005546 -0.019665 0.040428 0.185480 -0.231778 -0.122245 0.035842 0.155248 0.024066 0.045980 0.065720 0.178212 -0.253744 -0.099249 0.028690 0.009766 0.048590
0.134268 -0.171962 0.012977 -0.005272 -0.132775 0.009578 -0.138509 0.086407 -0.128759 -0.043950 0.012778 0.220218 0.003291 0.022749 -0.084944 -0.074606 -0.000089 -0.053350 -0.085426 0.089520 0.071080 -0.030504 0.095869 0.188021 -0.073965 0.119239 0.154968 0.250900 0.006362 0.124352 -0.235639 0.146950 -0.014962 -0.056785 0.120233 -0.012148 -0.052629 0.041695 0.014833 0.083000 -0.080523 0.107177 -0.046818 0.127908 0.005517 0.011825 0.048103 -0.058087 -0.158239
0.146328 -0.120900 -0.045073 -0.048890 -0.089114 0.052127 0.249773 -0.009261 0.062783 -0.020050 -0.074377 -0.046573 0.110835 -0.138218 0.131642 0.055718 0.140345 -0.083908 0.047119 0.085872 0.098698 -0.002773 0.125423 0.083427 0.063909 0.019003 -0.062826 -0.027024 -0.164636 -0.247995 0.051651 0.068004 -0.016064 0.006265 -0.075260 0.065377 -0.012475 -0.151324 -0.119991 -0.048384 0.063824 -0.349698 -0.207546 -0.228956 0.057671 -0.018867 -0.075772 0.058690 0.001938
0.052670 -0.088631 -0.037192 0.037524 0.061214 -0.098169 -0.045873 -0.035258 -0.107817 0.174539 -0.087159 0.012393 0.057934 -0.009235 -0.092776 0.039058 0.056665 -0.105620 -0.019083 0.034481 -0.021150 0.091126 0.042064 -0.139235 0.134919 0.044072 -0.153425 0.229377 0.277006 -0.074656 -0.042279 0.222857 0.183397 -0.047174 0.284072 0.019770 -0.103456 -0.082811 0.132753 -0.057809 0.009482 0.014942 0.062689 -0.090886 -0.074899 0.050553 -0.059348 -0.031460 0.184099
0.009153 -0.032835 -0.006316 0.089238 -0.029937 0.245795 0.001124 0.083829 -0.030718 -0.064428 -0.009728 0.008667 0.012850 0.079947 -0.006025 0.202105 -0.151694 0.077019 -0.071457 0.002445 0.042402 0.024432 -0.054445 0.076938 -0.188686 -0.055336 0.050377 -0.417276 -0.049850 0.172685 0.092275 0.004267 0.063105 -0.072811 -0.142964 0.080126 -0.000909 0.245545 -0.127968 -0.033341 -0.019326 0.069368 0.049451 -0.046173 -0.017519 -0.010261 0.056679 -0.183085 0.025403
-0.085419 0.052232 0.081573 0.146658 -0.028758 0.032473 -0.035451 -0.025916 -0.002429 -0.059148 0.041292 0.157764 -0.046521 -0.041781 -0.258678 0.006594 0.145036 0.091935 0.000813 0.019260 0.044451 -0.158092 -0.021336 0.066239 -0.120046 -0.083363 0.104280 0.058992 -0.126234 0.127075 0.136905 -0.142047 -0.037260 0.211310 -0.251791 0.183395 -0.098658 0.106015 0.149052 -0.023031 -0.040054 -0.015729 0.049532 0.199067 0.079321 0.085684 0.064666 -0.001502 -0.003468
-0.088504 -0.049905 0.082702 0.037985 0.060560 0.028688 -0.038114 0.056638 -0.079462 -0.109788 0.104262 -0.107843 -0.044680 -0.064388 0.024967 0.074364 0.081482 0.100864 -0.017790 -0.259324 0.167020 0.170841 0.064690 -0.096097 -0.009370 0.214338 -0.111479 0.049617 0.018314 0.122482 -0.249483 -0.084463 -0.109601 -0.099297 0.133168 -0.163561 -0.046309 0.132316 -0.252353 0.058561 -0.055679 0.194869 -0.187912 0.042276 -0.159269 -0.059663 -0.033741 -0.032264 -0.068147
-0.032948 -0.068317 0.165345 0.000778 0.023103 0.033780 0.071788 0.027505 -0.002119 -0.056491 -0.055443 0.083098 0.064517 -0.042494 0.173812 0.005966 0.079514 -0.086042 -0.004504 0.095624 -0.157518 0.081109 0.154241 0.046569 0.046069 0.109163 0.166528 0.024377 -0.105250 0.206651 -0.000896 -0.201327 -0.038260 0.088841 0.118914 -0.156898 -0.034673 -0.149044 0.098937 -0.157801 -0.006397 -0.099518 -0.012217 0.050629 0.030487 -0.067175 0.137727 0.115513 -0.012200
0.005743 0.044914 -0.145562 -0.043633 -0.349761 0.031020 0.079335 -0.029488 -0.022121 0.073878 0.051238 -0.069864 0.260938 0.201369 -0.093774 0.113681 0.244536 0.092968 0.091133 0.053694 0.054420 -0.014941 0.059046 0.097075 0.128836 0.060387 -0.219180 0.080210 0.211633 0.061785 -0.241117 -0.026344 0.059702 -0.110364 0.023286 -0.138878 -0.041871 -0.076896 0.026323 -0.028164 -0.058010 0.205256 0.080537 -0.050270 -0.022132 -0.059089 0.048375 -0.037197 -0.050006
-0.014775 0.022228 -0.055067 0.035205 0.017538 -0.087781 -0.050738 0.102466 -0.136379 0.087611 -0.050258 -0.123581 0.066175 0.141132 -0.064159 -0.035630 0.041675 0.114049 0.074582 0.119586 -0.082734 -0.151254 -0.036610 -0.051365 0.031150 -0.055909 -0.071044 0.152262 0.138697 0.188109 0.073328 -0.086525 -0.082587 0.061401 -0.015535 -0.065053 0.003924 -0.025329 -0.058035 0.145650 0.258756 -0.103364 -0.181360 0.018944 0.001789 0.097194 0.117023 -0.168131 0.060441
-0.118181 -0.083153 0.002547 -0.022937 0.032089 -0.079388 -0.015942 -0.215944 0.009630 -0.112515 -0.066479 -0.089952 -0.038424 -0.076231 0.221952 0.160468 -0.087062 -0.204387 0.043335 0.173692 0.085707 -0.208155 0.036989 0.052980 0.098903 -0.069301 0.195566 0.008428 -0.179406 -0.048937 0.214877 0.013389 0.038690 0.001160 -0.061966 -0.091871 0.133282 0.019942 0.020095 0.057544 0.062135 -0.075100 -0.094445 -0.053625 -0.012279 0.029887 -0.081993 0.055861 -0.099932
-0.079947 -0.116868 0.026562 0.016542 -0.049900 0.016193 0.045649 0.093755 0.093794 0.173767 0.040168 0.115020 -0.037385 -0.023245 -0.105162 -0.027876 0.058079 0.157994 0.028799 -0.326056 -0.091067 -0.061307 -0.102167 0.110780 -0.014650 0.033281 -0.036386 0.083573 -0.071031 -0.059380 0.056725 -0.139184 -0.042777 0.046785 -0.128317 0.142921 -0.091887 0.147246 0.065644 -0.053607 -0.112718 0.011044 -0.101463 -0.131874 -0.100735 -0.010965 0.206996 -0.100712 0.211347
0.107935 -0.064235 -0.035903 -0.106750 -0.019375 0.078198 0.185076 0.109952 0.079633 0.004102 0.111315 0.107703 0.045244 -0.118037 -0.162369 0.082977 0.013146 0.018580 -0.189770 -0.132443 -0.125401 -0.036175 0.116103 0.124528 -0.015096 0.038916 0.096084 -0.158454 0.079464 -0.000590 -0.068136 0.094182 -0.102777 0.024855 -0.236517 -0.013132 -0.046731 -0.078340 0.029914 0.027180 0.054070 -0.078163 -0.040582 0.134377 -0.008997 0.074583 0.047029 0.156219 -0.131975
-0.093853 -0.059596 0.108760 -0.102723 -0.019530 -0.037199 0.026061 -0.036661 -0.115065 0.040565 0.174888 0.000240 0.117288 0.268747 -0.101201 0.144183 0.091060 -0.144932 -0.043785 -0.075626 -0.048370 0.094138 0.425212 -0.091670 0.149229 0.084670 -0.274076 -0.302664 -0.008264 0.084678 -0.154777 0.140218 0.014939 -0.068406 -0.005905 0.052324 -0.039168 -0.062416 -0.023048 0.009875 -0.102051 -0.061857 -0.036169 0.022953 0.050138 0.087404 0.035656 0.211463 0.185870
0.081960 0.173050 -0.177772 -0.314353 0.031992 0.162097 -0.012832 0.290385 0.229477 -0.059621 0.307208 -0.061532 0.053616 -0.006120 -0.020260 0.012119 0.015955 -0.033450 -0.022707 0.053881 -0.044681 0.031880 0.167729 0.177812 0.076285 0.000893 -0.038250 0.232351 -0.140021 0.116223 -0.013903 0.016978 -0.034929 -0.050471 0.016649 0.155295 0.069557 -0.267502 0.027037 -0.035605 -0.100399 -0.057025 0.007056 0.023772 0.117918 -0.053863 0.040363 0.126770 -0.095174
0.055779 -0.032357 0.177666 0.012966 -0.038769 -0.029387 0.021216 -0.140610 0.124086 0.037753 -0.006815 0.014264 -0.008028 -0.030927 -0.110487 0.097732 0.024960 0.078026 0.123990 -0.090181 0.102436 -0.037257 -0.052478 -0.021208 -0.041949 -0.137695 -0.139557 -0.068942 0.008467 0.119679 0.127475 -0.015365 -0.039031 0.043628 -0.023019 -0.090648 0.059456 -0.083029 0.039286 0.000282 0.069152 -0.008422 0.095242 -0.046635 0.100671 0.110334 -0.044143 -0.134435 -0.040892
0.020791 -0.026303 -0.022157 -0.113115 -0.045200 -0.123554 -0.011733 -0.026579 -0.074385 0.144901 -0.076098 0.027872 -0.019466 0.002189 0.158503 0.106606 0.130507 0.082545 0.000104 0.040141 -0.079051 0.089249 0.111903 -0.088161 -0.284525 0.029429 -0.077445 -0.180009 0.093707 -0.383736 -0.039073 -0.072031 0.085117 0.122639 -0.087792 -0.098074 0.168340 0.218244 -0.303222 0.034369 0.109355 0.007792 0.057855 -0.080585 -0.049091 0.023696 -0.174305 0.049836 0.114084
-0.079761 -0.028896 -0.143924 -0.105312 -0.110034 0.124726 0.176766 0.159947 0.145266 -0.038546 0.130133 0.120311 0.033259 -0.010452 -0.047586 0.011371 -0.067252 0.035681 0.262862 0.038499 0.139272 0.086741 0.097215 -0.085529 -0.049083 -0.130806 0.008543 0.093342 -0.082442 0.105993 -0.078654 -0.052623 -0.007411 0.074364 0.045079 0.084579 0.325755 0.052239 0.037246 -0.036661 0.022743 0.189164 0.077756 -0.154191 0.105173 0.058777 0.106646 -0.220649 -0.082864
-0.173497 -0.059470 0.009204 0.093836 0.043976 -0.085833 0.088208 -0.165365 -0.044932 0.053698 -0.042991 -0.044551 -0.011746 -0.079983 0.115423 0.092259 0.012605 -0.098180 0.091856 0.085983 -0.094367 -0.143694 0.044503 -0.074614 -0.139329 -0.038221 0.068747 -0.084952 0.016134 -0.103012 0.124700 -0.052672 -0.115786 -0.167458 -0.072247 -0.033925 0.079015 -0.072624 0.154123 0.034372 -0.203996 0.143970 -0.230167 -0.054018 -0.003059 0.004685 0.061938 -0.146650 -0.039139
0.043130 -0.055171 0.121110 0.140354 0.073677 0.031437 0.131477 -0.038203 0.071800 0.111394 -0.147611 0.258936 0.096905 -0.050959 0.000627 0.079837 0.149914 0.006130 0.028722 0.060643 0.016738 -0.113153 0.029215 -0.046841 -0.025299 -0.062687 -0.100939 0.245221 0.124406 0.066333 0.051121 -0.022907 0.070053 0.090971 -0.019210 -0.178902 0.081708 0.051062 -0.204463 -0.034763 -0.075972 -0.027717 0.003883 0.053811 -0.089763 -0.114476 0.034822 -0.002667 -0.016029
-0.133900 0.018217 -0.047983 0.125580 -0.004081 0.058201 -0.202823 -0.006128 -0.085754 0.073226 0.005332 -0.089180 0.009096 -0.021028 -0.060653 0.145691 -0.023707 -0.066683 0.006740 0.186683 0.000782 0.056707 -0.036592 0.033142 -0.191968 -0.090940 0.009962 0.018904 0.076043 0.069936 -0.035806 0.035736 -0.004675 0.054591 -0.159923 -0.053303 -0.028659 -0.119238 0.002167 -0.052193 -0.068259 -0.020972 0.171982 0.030657 -0.120357 0.054445 0.084822 0.064986 0.016476
-0.088653 0.020981 -0.010242 0.117774 -0.076108 -0.054772 0.183905 0.061077 0.046517 -0.071118 0.125217 -0.248088 0.089019 0.006296 -0.137100 0.052894 -0.091717 0.083162 0.021050 -0.225751 -0.109662 0.024332 -0.119265 0.042422 -0.022593 -0.028571 0.054287 0.261000 0.051685 -0.140393 0.066712 -0.048781 -0.001981 0.005541 0.038073 -0.035388 -0.039730 -0.114875 -0.068075 0.093420 0.021629 -0.056429 0.000497 0.151817 0.036766 -0.030803 0.069990 -0.035351 -0.009191
-0.013298 -0.249597 -0.103529 -0.090243 0.013837 0.107423 0.011089 -0.028484 -0.210073 -0.000162 -0.159024 0.125719 -0.010268 -0.164015 0.065838 -0.087631 0.062635 -0.133042 0.001900 0.024132 0.015121 0.045449 -0.151821 -0.113206 0.031087 -0.091213 -0.029203 0.204774 0.054334 -0.168835 -0.145867 0.103295 0.014797 -0.107428 0.100301 -0.060764 0.013682 -0.000919 0.019547 -0.011622 0.060128 0.058344 -0.064208 0.017013 -0.041448 -0.067628 0.002800 -0.099949 0.035388
-0.106088 -0.047341 -0.071794 0.164070 0.102802 -0.026714 0.031574 0.060214 0.184805 -0.057339 -0.250955 -0.151139 -0.003271 0.008231 -0.106853 -0.111936 -0.169967 -0.032754 0.039517 -0.228644 -0.073098 -0.099891 0.052966 -0.097051 -0.014095 -0.066307 -0.002501 -0.042469 -0.051839 0.023768 -0.047157 -0.099859 0.073940 0.067255 -0.058211 0.095738 -0.102023 -0.086728 0.039080 -0.084421 -0.098824 -0.029788 0.075317 -0.004906 0.015331 -0.031681 -0.346335 -0.126376 -0.155624
0.060851 -0.096215 0.186884 0.089214 -0.079921 -0.174338 -0.010461 -0.047444 -0.077309 -0.037534 0.067904 -0.121923 -0.011820 -0.011668 0.074426 -0.007566 -0.037349 0.079443 0.034310 0.015404 0.000402 0.264316 -0.193049 -0.079358 0.036092 0.049718 0.079027 0.055101 -0.074148 -0.013792 0.195414 -0.018003 -0.129565 0.023823 0.098011 0.074298 0.023118 0.033694 0.011280 -0.084480 0.008379 -0.071666 -0.096336 -0.016100 0.018337 0.130503 0.115440 0.003835 -0.017793
0.055505 0.048016 -0.002794 -0.116278 -0.065245 0.231753 0.028706 0.115796 -0.137716 0.020613 0.088664 -0.116015 -0.010836 0.026167 0.044386 0.015704 -0.030898 0.049343 0.020332 -0.092871 -0.165422 0.081694 -0.044800 0.121469 0.130183 0.257908 0.086361 -0.038082 -0.092419 -0.227841 -0.021326 0.008313 0.091754 -0.067963 0.080703 0.241881 0.031107 -0.035223 0.007350 0.133627 -0.055888 0.118717 -0.024485 0.019975 -0.022618 -0.114191 0.062903 0.083760 -0.019075
-0.077206 0.007614 0.205485 0.038752 0.034148 0.053323 -0.001977 -0.145294 0.052402 -0.093976 -0.010167 0.063302 0.028186 -0.112645 -0.185987 -0.071009 -0.160429 -0.202970 -0.189818 -0.015352 -0.000588 -0.054648 0.077034 0.028627 0.135608 0.089869 -0.053392 0.077218 0.065861 0.126405 0.080422 -0.067143 0.028586 0.077097 -0.264301 -0.007033 -0.213234 -0.195238 -0.188513 -0.071349 -0.026415 -0.019251 -0.021787 0.127665 0.001893 -0.040390 0.144219 0.142464 -0.077435
-0.017990 -0.122518 0.108583 -0.316201 -0.174672 -0.007155 0.008172 0.001369 0.002816 -0.070577 -0.103127 0.026309 -0.057042 0.122363 -0.137817 -0.158551 -0.077944 0.027996 -0.021072 -0.191616 -0.126969 0.014662 0.096102 -0.079145 -0.130705 -0.040661 0.009039 0.052669 -0.223011 -0.080175 -0.028519 -0.098598 -0.011182 -0.097964 -0.144208 -0.030595 0.012936 -0.087631 -0.032615 -0.085141 -0.097885 0.016584 -0.118731 -0.093075 -0.081306 -0.041636 -0.203045 -0.091048 -0.116332
0.098232 0.122123 0.172429 -0.122037 0.016574 0.027926 -0.077265 -0.022970 -0.047919 0.083223 -0.138160 0.085280 -0.139478 -0.184768 0.007628 0.007126 0.128842 0.042424 -0.153334 -0.041792 -0.097289 -0.053174 0.176780 0.233976 0.006014 -0.093421 0.061925 0.108107 -0.156242 -0.161546 0.107989 -0.019128 -0.043724 0.084458 0.142159 0.061711 -0.018302 -0.066583 0.106954 -0.144222 -0.131832 -0.055433 -0.247875 -0.071591 -0.014727 -0.105873 -0.049635 -0.040675 0.040521
-0.098573 -0.132790 0.068071 0.183225 0.096272 -0.060997 0.134976 0.245158 0.156447 -0.091273 -0.186845 0.058783 0.039959 -0.036322 -0.043352 -0.056883 0.014658 -0.094441 0.096881 0.099246 0.155821 -0.104634 0.129737 -0.044738 -0.105040 -0.154262 -0.197647 0.104769 -0.296667 -0.196399 0.085240 -0.114079 0.034082 -0.060901 -0.061940 0.139336 0.101350 -0.256951 -0.040601 -0.030110 0.313342 -0.163468 -0.121770 0.042973 -0.160650 -0.200216 0.009820 0.082754 0.112870
-0.022074 0.047943 -0.117120 0.045169 -0.032513 -0.116332 0.093361 -0.059984 -0.137324 -0.157440 -0.115414 0.184161 0.023947 -0.102379 0.020781 -0.012161 -0.063050 0.044279 -0.013745 0.116666 0.015050 -0.142770 -0.001105 -0.055063 0.042516 -0.017576 0.095400 0.100052 0.022907 -0.031393 -0.083340 -0.107786 -0.142593 -0.103552 -0.083369 0.169166 -0.018529 0.117528 0.075149 -0.034197 -0.067348 -0.042423 -0.211971 -0.047844 0.026435 0.076057 0.072252 0.001851 0.031119
0.135589 0.057040 -0.327299 -0.184512 0.050492 -0.081018 0.224847 -0.007976 -0.089719 -0.065984 0.001390 0.211377 0.136730 0.001714 -0.011788 -0.063136 0.003610 -0.115756 0.086958 -0.000474 0.001623 0.079152 0.013316 -0.028635 0.103440 0.127844 -0.009803 0.166457 -0.038417 -0.140558 0.096627 0.138113 0.018339 0.028726 -0.094208 -0.057577 -0.102455 -0.179697 0.108861 0.094863 -0.012067 0.042387 -0.040141 -0.044877 0.127220 0.181779 -0.042097 -0.030295 0.175259
0.120148 -0.022181 -0.032110 0.162606 0.008413 0.092280 -0.045987 -0.084018 -0.124844 -0.152386 0.114328 -0.311143 -0.068075 0.021112 0.031669 -0.038420 -0.148726 -0.008760 0.125629 0.160767 -0.175513 -0.114883 0.014795 -0.026910 0.088435 0.128506 -0.235636 0.055838 0.061348 0.222131 0.009473 0.168434 0.007603 -0.113128 -0.249860 -0.174525 -0.143739 -0.188751 0.099263 0.030252 0.008935 0.195498 -0.091109 0.047397 -0.138767 -0.099778 -0.026797 0.136389 -0.005420
-0.259920 0.136421 -0.112352 0.048763 -0.054760 0.109119 -0.168915 0.059910 0.071336 0.018337 -0.246176 0.173645 0.073018 -0.023745 -0.106314 0.009841 -0.015202 -0.206366 -0.278057 0.046486 0.084878 0.103267 0.084940 -0.037027 -0.043884 -0.088009 -0.565105 0.236380 -0.171859 -0.052108 -0.049078 -0.023328 -0.093120 -0.133135 0.225442 -0.183101 -0.014630 -0.175823 -0.310942 0.100770 -0.097478 -0.012660 -0.313020 0.011819 -0.148422 0.010566 0.012271 -0.094127 -0.006715
0.098537 -0.128497 -0.157605 0.100385 0.052797 0.228511 0.190466 -0.079092 -0.119420 0.060091 -0.057761 0.072033 -0.022892 -0.165675 -0.189937 0.016681 0.011989 -0.074990 0.048301 -0.158027 -0.051264 0.079930 -0.145999 0.041172 -0.068131 0.064696 0.129536 -0.188253 -0.122602 0.032104 0.055397 -0.142908 0.065651 0.057869 -0.171375 0.071708 -0.167102 -0.144207 0.066869 -0.009893 -0.088403 -0.127098 -0.060556 0.061352 0.107199 -0.042299 0.207287 -0.152149 -0.064289
-0.079472 -0.114994 -0.102548 0.012996 0.075976 -0.154424 -0.020077 0.038724 -0.016185 0.117729 -0.077908 0.126851 0.056243 0.020240 0.027747 0.117413 0.173641 -0.004326 -0.078836 0.101202 -0.102844 -0.159282 -0.012999 -0.060548 -0.102371 -0.056559 0.127783 0.144398 0.099313 -0.093400 -0.108264 -0.230933 0.102429 0.026562 -0.035554 0.027822 0.048145 0.119406 0.087276 -0.212841 -0.031758 -0.084703 0.079144 -0.004574 -0.039297 0.026692 0.078884 0.027119 -0.007615
-0.052083 -0.046161 -0.106715 -0.138163 -0.055691 -0.043844 -0.307953 0.030947 0.026837 -0.201943 0.018530 -0.040283 0.089104 0.061462 -0.047873 0.055517 0.049630 0.143886 0.078913 -0.059676 -0.090566 0.111290 -0.061835 0.037777 -0.021820 -0.013104 -0.047772 0.093613 -0.099556 0.020188 -0.003798 -0.039604 -0.101550 -0.089207 -0.069412 -0.044560 0.077812 0.000537 0.003836 -0.107681 -0.144622 -0.051625 0.010801 -0.054135 -0.021384 -0.020485 -0.119108 -0.064384 -0.051072
0.032642 -0.090351 -0.008730 -0.015995 0.085731 0.017109 0.039184 -0.045227 -0.027610 -0.030775 0.032318 0.071445 0.010191 0.144363 0.066943 -0.046988 -0.022868 -0.034561 0.175760 0.071531 0.102434 0.079058 -0.007145 -0.067585 -0.083810 0.163261 0.079177 -0.099809 -0.016111 -0.093462 0.017170 -0.130064 0.043355 0.002155 0.014667 0.140288 -0.115522 -0.011568 0.057476 0.192498 0.046079 0.126784 0.090659 -0.158710 0.141718 -0.014872 0.145176 0.194854 0.018276
-0.003984 -0.011462 -0.058591 -0.003551 -0.091475 0.135205 0.092968 -0.010021 -0.058120 0.036898 0.027349 -0.145429 -0.053069 0.042661 0.050724 0.021833 0.077614 -0.022431 -0.276699 0.047402 0.051889 0.122983 0.042893 0.011402 0.051989 -0.207086 -0.017700 0.091476 -0.179948 0.174687 -0.055545 0.054334 -0.181041 -0.055483 0.114690 -0.035139 0.070783 -0.202060 -0.259923 -0.151127 -0.043235 0.017557 -0.025359 0.017191 -0.091379 -0.115568 0.015797 -0.086181 -0.121452
-0.147769 -0.040912 0.004414 0.020735 -0.072137 -0.211743 -0.043850 0.075912 0.029431 0.033532 -0.208262 -0.096732 -0.108672 -0.058560 -0.069595 0.104444 -0.075269 -0.035214 0.047913 -0.247164 -0.061103 -0.019068 0.042841 -0.158452 0.115060 -0.058736 -0.235523 0.087782 -0.007184 -0.038024 -0.041703 -0.101147 -0.212537 -0.158066 0.081949 0.048768 0.047639 -0.065088 -0.156393 0.093041 -0.040171 -0.070774 0.163825 0.095618 -0.114842 0.059799 -0.161254 -0.079460 -0.233901
-0.087991 -0.054064 -0.021417 -0.064589 -0.026386 -0.168705 0.164960 -0.031632 -0.000483 -0.063411 -0.017584 -0.039076 0.022707 0.079722 -0.075125 0.102408 -0.076358 -0.144273 0.106878 -0.040541 0.205279 -0.147302 0.230576 0.121191 0.074066 0.049065 0.022586 0.186602 -0.096668 -0.135950 -0.010141 0.059382 -0.008075 0.018687 0.093485 -0.149299 -0.143363 -0.113633 -0.000282 0.098135 -0.068322 -0.099069 -0.021040 0.126714 -0.119391 -0.006700 -0.082681 0.105417 0.092406
-0.006950 -0.044185 0.023967 0.172874 0.049046 0.052626 0.151173 -0.008875 -0.111131 -0.263308 0.024262 -0.016716 0.138596 -0.032137 -0.085076 -0.082238 0.061959 0.047479 0.117298 0.085384 -0.048753 -0.111611 0.254294 0.126648 0.095281 0.017199 -0.107278 0.006082 -0.122633 -0.053697 -0.077566 0.019097 0.106363 0.066412 -0.109709 0.086827 0.081258 -0.213130 -0.046400 -0.119839 -0.006239 -0.001947 -0.166975 -0.152033 -0.144396 0.110149 -0.040948 -0.122787 -0.174074
-0.010456 0.078119 -0.077005 -0.054779 -0.379448 -0.039656 0.029639 0.062312 0.007557 0.149217 -0.176305 -0.061413 0.091973 0.050763 0.176832 0.120329 -0.053568 -0.008230 0.186320 0.068019 0.062084 0.146369 0.031014 -0.115602 -0.037793 0.105232 0.083326 0.186639 0.126238 0.010491 0.003424 0.005450 -0.111609 0.043770 0.165253 -0.020412 0.009337 0.099746 0.097247 -0.020390 -0.070152 -0.119077 -0.005995 -0.002951 0.091994 -0.041445 -0.134203 -0.038174 -0.014245
0.108166 0.033356 0.163363 -0.074579 -0.032937 0.093582 0.066503 -0.081760 0.066854 -0.048033 0.102955 -0.044878 0.118763 -0.058845 -0.180816 0.190505 0.094195 -0.081087 0.057524 0.084499 0.091150 0.058182 0.077245 -0.120612 0.095254 -0.033973 0.161830 -0.071212 -0.003469 -0.035776 -0.048566 0.120184 -0.115153 -0.175332 -0.097309 0.045599 0.050224 -0.047312 0.061800 0.043650 0.004106 -0.168008 -0.025280 -0.004937 -0.002488 0.131374 -0.091985 -0.071207 -0.108138
-0.173471 0.038158 -0.094015 0.068169 -0.124499 0.020947 0.160709 0.063489 -0.028608 -0.068138 0.096061 0.004363 0.115507 -0.145645 0.068789 -0.077431 -0.038582 -0.105986 -0.090958 -0.588806 -0.158370 0.105262 -0.065727 0.174361 0.064044 0.067117 0.012444 -0.109022 0.029236 -0.149377 -0.159084 -0.117795 -0.008596 -0.005008 -0.015301 0.076000 -0.164497 -0.256366 0.027243 -0.102199 0.048024 -0.093038 -0.095433 -0.034318 0.046216 0.023137 0.085240 -0.025632 -0.099013
-0.181857 -0.142687 0.022450 -0.091496 0.042945 -0.075562 0.008472 -0.010420 -0.004648 0.037203 -0.045590 -0.129007 0.143316 0.152576 -0.119710 0.181808 0.080553 -0.167697 -0.086656 0.063445 0.113467 -0.046934 0.102575 0.029600 -0.177609 0.039512 -0.029548 0.116012 -0.062200 0.187495 -0.025818 0.157669 0.037939 0.001635 0.249978 0.077779 0.023274 0.198825 -0.110028 -0.125782 0.138708 -0.108312 0.130345 -0.107592 0.144639 -0.144487 0.118946 -0.161556 0.012505
0.010312 -0.046463 0.144734 0.057797 -0.109291 -0.255812 0.163354 0.032018 -0.123450 0.138258 0.120041 -0.101006 0.037064 -0.155958 0.059130 0.120458 0.011286 -0.082981 0.087215 -0.035141 -0.036720 0.137588 0.100852 0.048679 0.056813 0.056691 0.066145 -0.117412 0.044751 -0.176768 -0.027112 0.022758 0.083538 -0.024578 0.091461 -0.002735 0.113972 -0.130162 -0.065466 -0.068427 0.046147 0.079337 -0.005554 -0.016935 0.064458 0.172973 0.083444 -0.059180 0.124929
0.084932 0.020052 0.105383 -0.107146 0.077535 0.176399 0.161749 -0.137195 -0.081736 0.045527 -0.043759 -0.171806 0.118807 0.010892 -0.012456 0.000510 -0.010880 -0.149035 -0.029799 0.043116 0.085333 0.245579 0.080374 -0.115954 0.090586 0.086432 0.013016 0.085971 0.039712 0.248787 0.097200 -0.067059 0.085349 -0.035797 0.269786 -0.023638 -0.086163 -0.103200 0.003480 0.069299 0.062478 0.086690 -0.060032 -0.001487 0.027152 -0.088781 0.109835 -0.049181 0.057089
-0.247984 -0.143857 0.029987 -0.300569 -0.090754 -0.013893 0.054409 0.036785 -0.139134 -0.037896 -0.137866 -0.105364 0.125570 0.074851 -0.066407 0.006773 0.244523 -0.110840 0.083109 -0.094512 0.122502 0.074044 -0.060961 0.016715 0.025032 0.009243 0.030857 -0.241712 0.067965 0.113808 -0.243669 -0.050406 -0.053496 0.061309 0.025411 -0.049496 0.115760 0.110270 0.086019 0.051164 -0.008001 -0.049919 -0.025721 -0.092787 -0.146133 -0.092786 -0.226819 0.010443 0.020976
0.000247 -0.158977 0.065046 0.081039 0.029565 -0.046665 -0.057086 0.084171 -0.116621 -0.016545 0.013719 0.011208 0.069112 0.095278 0.142336 -0.032646 0.081539 0.077986 0.170537 0.047151 0.038723 -0.044404 -0.060321 -0.108155 0.007944 0.003862 -0.094335 0.135198 -0.016849 -0.009802 -0.178936 -0.039478 0.021060 0.117671 0.167918 -0.006707 -0.076907 0.079371 0.036912 -0.122447 -0.004825 0.061349 -0.252422 0.122398 0.078322 -0.010754 -0.001298 -0.096294 0.048148
0.144955 -0.101775 -0.278452 0.092278 -0.048861 0.070197 -0.408667 -0.078777 -0.141758 0.142831 0.053704 -0.283880 -0.293046 0.023477 -0.025809 -0.054815 0.008520 -0.051582 -0.118435 0.059648 -0.028440 -0.021895 -0.083699 -0.047097 -0.083175 0.118071 0.032087 -0.046890 0.110808 0.058154 -0.054533 0.096756 0.005895 -0.156496 -0.055399 -0.144405 0.021924 0.093061 0.036826 0.100382 0.061291 0.021382 -0.005876 -0.061853 -0.119253 -0.205746 0.076878 -0.086633 0.096219
-0.060993 -0.151787 0.019479 0.121326 -0.026812 0.042594 -0.099812 0.019008 -0.010278 -0.056649 0.151680 -0.023221 0.056228 -0.033412 0.034650 -0.069872 0.068364 0.097759 -0.361326 0.131576 0.042575 -0.001168 0.068984 0.059282 -0.011782 -0.023575 0.050770 -0.016457 -0.034419 0.065860 0.036647 -0.039071 -0.115967 0.147301 0.085218 0.175360 -0.192949 0.045222 -0.013654 -0.024659 0.032083 -0.040490 -0.169034 -0.045231 0.034768 -0.141937 0.122233 -0.114568 -0.152313
-0.140796 0.061133 0.054551 0.129337 -0.049901 -0.184790 -0.098439 -0.016499 -0.197816 0.138482 0.011131 0.038559 -0.017749 -0.064379 -0.024862 0.052762 -0.043080 0.017879 0.109034 -0.202036 0.077804 -0.091459 -0.025715 0.050817 -0.102249 0.185739 0.064083 0.187477 0.084367 0.010502 0.144894 -0.161354 -0.120733 -0.130967 -0.011828 -0.132890 0.063637 -0.025649 0.060112 0.038811 0.120401 0.076396 0.055776 -0.026778 0.044203 0.051167 0.051299 0.022429 0.081255
-0.147436 -0.012120 -0.016725 -0.177310 0.053410 0.026955 0.036779 0.065104 -0.250793 0.145037 0.071534 0.060376 0.042402 -0.174290 0.028333 -0.123934 0.095363 -0.045825 0.074196 0.091093 -0.147369 -0.023209 0.031524 -0.130154 -0.123310 0.017456 0.095904 -0.040614 0.031043 0.139999 -0.072584 0.083223 -0.096416 0.239102 -0.223243 -0.058702 0.004203 0.104841 0.013785 0.136291 0.029497 0.032778 -0.060337 -0.119477 -0.022974 -0.039373 -0.031988 -0.017377 0.013192
-0.020566 0.109349 -0.109246 -0.199218 0.051662 -0.210735 -0.263066 0.048103 0.028731 -0.051388 0.152763 0.088081 -0.072146 -0.129403 0.164674 0.002803 0.006799 0.090235 0.156733 -0.015418 -0.120424 0.064579 0.059605 -0.073835 0.197362 0.098509 0.089360 0.045118 0.143443 0.012443 -0.017130 -0.050875 0.083652 0.057134 -0.355012 -0.214363 0.180741 0.076072 0.004784 0.049357 -0.118465 0.175444 -0.104734 -0.010886 -0.118343 0.011594 -0.338980 -0.113061 0.046839
0.007252 -0.004326 -0.002980 -0.095377 0.069487 0.004091 -0.143929 -0.091063 0.031230 -0.110836 -0.012266 0.017976 0.028556 -0.145076 -0.023158 -0.072869 -0.001400 0.053640 -0.043959 0.080296 0.056279 0.092783 0.062161 -0.034923 -0.052548 0.023075 -0.070296 -0.000622 -0.022104 0.068387 -0.082063 0.039746 -0.073231 -0.078605 -0.099790 -0.007240 -0.055664 0.044307 -0.095667 0.118623 0.160669 0.050562 0.093839 0.066272 -0.096837 0.054313 0.032187 0.113314 -0.105818
0.075219 -0.246539 -0.176050 -0.061725 0.054421 0.053319 -0.138054 -0.035879 -0.203233 -0.059415 0.168717 -0.176376 -0.040322 0.106835 0.116853 0.030735 0.014179 -0.171158 0.030096 0.031944 0.077567 0.046769 -0.067023 -0.187151 -0.047861 0.087801 0.035380 0.058856 0.181552 0.117438 -0.129916 0.052244 -0.014444 -0.113795 -0.072648 -0.023586 0.154523 0.042562 0.047477 0.058054 0.125554 0.110987 -0.085738 -0.010928 -0.007428 -0.044826 0.009108 -0.017441 -0.019511
-0.105087 -0.110317 -0.077876 0.033820 -0.089430 -0.001999 0.073858 0.002596 0.091164 -0.082814 -0.135183 -0.009865 -0.053555 0.027396 -0.080638 0.023202 0.014563 0.187855 0.043256 0.073860 0.005493 -0.137431 -0.115491 0.142819 -0.100366 -0.116164 0.032068 -0.116367 -0.153208 0.080261 0.003918 0.012384 0.254929 0.050467 -0.235611 0.235568 0.013097 -0.074145 0.118376 0.095629 -0.067698 0.067132 0.078165 -0.081147 -0.030136 0.007335 0.061309 0.017407 0.022100
-0.013404 0.035802 -0.066428 -0.210709 0.061981 -0.356800 -0.012331 0.125857 0.006784 0.063964 0.005989 0.138639 -0.168215 0.094163 -0.162503 -0.003083 0.003972 0.117614 0.203770 -0.070116 0.121148 0.062874 0.180930 -0.074871 0.024613 -0.049071 0.002195 0.168307 0.207132 0.056308 -0.180624 0.066768 -0.194541 -0.002292 0.121917 -0.073572 -0.059394 -0.007144 0.083922 -0.092498 -0.103118 -0.008924 0.064503 -0.097688 -0.141809 -0.002516 -0.394129 -0.191397 -0.114914
0.235371 0.122507 -0.111025 0.145853 -0.156644 -0.259297 0.026387 0.110415 -0.007662 -0.160499 -0.225477 -0.092050 -0.087534 0.014331 0.077157 0.028195 0.219151 -0.111442 -0.024583 0.054769 0.031836 -0.247373 0.025742 -0.033328 0.039764 -0.076857 -0.192873 -0.096524 -0.115954 -0.344463 -0.203705 0.038457 0.137313 0.004719 0.016593 -0.102631 0.185447 -0.121683 -0.474706 -0.089296 0.121232 0.086338 -0.069085 0.146643 -0.281724 -0.151445 -0.040084 0.023635 -0.085379
-0.197440 -0.006133 -0.006768 0.089467 -0.016881 -0.003607 -0.029296 -0.074136 0.063115 0.125182 0.034090 -0.158083 -0.042995 -0.009035 -0.114059 -0.025698 0.164269 -0.095200 -0.015421 0.150159 0.015177 -0.142996 0.070865 -0.075944 -0.016084 -0.079117 0.003722 0.016851 0.021731 0.061299 -0.184548 0.124003 -0.068413 0.053699 0.078005 0.046205 0.110890 -0.001930 0.048904 0.264561 -0.035952 -0.030590 -0.031596 0.122002 0.001667 0.075855 0.202873 0.186481 0.078921
0.126573 -0.060039 -0.001698 0.094838 0.108468 0.008231 -0.383280 -0.110189 -0.018224 0.053796 0.126194 -0.031733 0.066540 -0.198088 0.090617 0.143043 -0.140183 0.000177 0.006099 0.016060 0.026026 -0.108934 -0.093540 0.087961 -0.022233 -0.077570 -0.020903 -0.012943 0.012907 0.023619 -0.015190 0.302875 0.058772 0.194364 -0.022598 0.010917 -0.045523 -0.113578 -0.005916 -0.230159 -0.011148 0.135740 0.016759 0.032913 -0.101071 -0.032581 0.032712 0.062718 0.030916
0.179154 0.049640 0.046904 -0.192227 0.088885 0.079454 0.086587 0.003494 -0.088312 0.013187 -0.057878 0.250291 -0.144595 0.081201 0.013019 -0.061467 -0.105625 0.017352 0.025296 0.094146 0.055245 0.204512 0.006088 0.205676 -0.039482 -0.080129 0.060050 0.247826 -0.150954 -0.169167 0.003882 -0.119705 0.104333 0.000311 0.073441 -0.144428 0.133005 -0.016243 0.086990 -0.006598 0.110185 -0.137223 0.020775 0.159637 -0.182269 0.133854 -0.105765 -0.124333 -0.094906
-0.013218 -0.038738 -0.029871 0.087095 -0.020756 -0.119024 -0.175646 -0.029191 -0.006102 -0.086991 0.109325 -0.079541 -0.216331 -0.089070 -0.087175 -0.273361 0.182876 0.071925 0.027182 -0.176560 0.018527 -0.013090 0.047386 0.018644 -0.070447 -0.162607 0.009072 0.056769 -0.181731 -0.107458 0.076324 0.104590 0.039317 -0.027543 0.079536 0.162245 0.052276 0.056122 -0.094237 -0.018554 0.024330 -0.042587 0.045839 0.090835 -0.032819 -0.052105 0.156241 -0.025102 0.012924
0.117464 -0.025235 -0.160495 0.157148 -0.137636 0.026758 -0.208573 -0.051988 -0.024444 0.011309 0.083224 -0.125176 0.054472 -0.042816 -0.055034 0.022811 0.065694 0.017786 0.071330 0.122018 -0.187252 -0.028797 -0.068345 0.201951 0.035354 -0.105048 0.035207 0.097553 0.116055 0.016309 -0.102300 -0.278423 -0.217826 -0.062117 -0.004654 0.116566 -0.037348 -0.038177 0.043873 0.013056 0.044528 0.102375 0.060365 -0.010608 0.081285 0.073309 0.006623 -0.048461 0.138087
0.138006 -0.093706 -0.145152 0.111067 -0.126532 0.031112 -0.168869 -0.093654 -0.095805 -0.172768 -0.201750 0.027463 -0.160837 0.072470 0.000147 0.055609 -0.034692 -0.184960 0.037654 -0.712715 0.004685 -0.052639 0.071477 -0.101697 0.001877 0.061722 -0.028125 0.074438 0.073126 0.019651 0.058884 0.157218 -0.022925 0.106650 -0.210776 -0.040568 0.045546 -0.023748 -0.059237 0.002757 -0.121253 -0.035632 0.069285 0.117049 0.000189 0.002976 -0.346882 -0.252076 -0.050668
-0.226840 -0.023454 -0.066123 -0.056078 -0.055615 -0.027916 -0.386786 -0.220572 -0.187403 -0.195236 0.132675 -0.071015 0.022855 0.019356 -0.167529 -0.006416 -0.015520 -0.129991 -0.047464 0.016548 -0.323336 -0.044516 0.113529 -0.072255 -0.027804 0.087929 0.049781 -0.001409 0.047456 0.143430 -0.077676 0.046005 -0.130787 0.004309 0.007018 -0.098780 -0.195932 0.151009 0.021210 -0.089321 -0.020843 0.068890 -0.022539 -0.119592 -0.098605 -0.016230 0.083744 -0.039558 0.058178
0.011814 0.056754 0.137524 -0.256701 -0.139567 0.091388 0.027495 0.165698 0.031257 0.023131 0.109205 -0.164058 -0.060721 0.009867 -0.084224 -0.049212 -0.016306 -0.134429 0.024437 -0.445548 -0.112518 -0.034644 -0.091538 0.144741 0.046115 0.091561 0.073852 -0.160973 0.059992 -0.134926 0.101807 -0.167246 -0.099252 0.096125 -0.154406 0.058297 0.167009 0.261221 0.017555 0.101883 -0.128835 0.009591 0.000597 -0.025577 -0.185659 -0.084131 0.086084 -0.114007 -0.042773
-0.149205 0.169468 0.140531 0.136017 -0.221384 -0.011162 -0.146878 -0.003148 0.031229 0.011483 -0.083141 0.039707 -0.159259 0.004752 0.009216 0.014792 0.100179 -0.094747 -0.076531 0.110386 0.051804 0.157807 0.057466 0.134366 0.013990 -0.171768 -0.315034 0.112754 -0.075962 -0.155269 -0.050224 -0.082083 0.090356 -0.066277 -0.063377 0.123426 -0.071276 0.177125 0.003815 -0.023309 0.084906 0.101131 -0.040689 0.008209 0.175723 -0.140253 0.153017 -0.195170 -0.019303
-0.047493 -0.086790 -0.059987 -0.056568 -0.105650 -0.056715 -0.182138 -0.106712 -0.056831 -0.108316 -0.063634 0.004048 -0.124959 -0.033796 -0.124696 -0.187870 -0.089635 -0.079882 -0.027674 -0.067333 -0.053184 -0.034931 -0.065451 -0.145967 -0.143930 -0.240424 -0.041781 -0.096480 0.114151 0.004763 -0.117731 0.023803 -0.196363 -0.075412 -0.064958 -0.165260 -0.021692 -0.276516 -0.092484 -0.184969 0.026038 -0.209941 -0.040668 -0.231905 -0.138729 -0.045241 -0.156521 0.019111 0.008575
-0.005915 -0.135544 -0.180082 -0.382076 0.030882 -0.025773 -0.151206 -0.057655 -0.110606 0.089206 0.054903 -0.024599 0.072683 -0.060887 0.046097 -0.067224 0.104099 0.027077 -0.001872 -0.427804 -0.108213 0.299938 0.129926 -0.114454 -0.108912 -0.167879 -0.127334 -0.047671 0.013650 -0.130410 0.025578 -0.074895 -0.088872 0.029036 -0.161940 -0.097639 -0.007409 0.057410 0.050100 -0.004241 -0.007525 -0.184906 0.041195 0.121390 0.157010 -0.035275 -0.052367 -0.088847 -0.024324
-0.118946 -0.017904 -0.034094 0.050144 0.103113 0.013963 0.073237 0.137212 -0.091054 -0.060039 0.055313 0.102814 0.006538 -0.180704 0.044694 0.060230 0.018355 -0.160005 -0.092577 -0.296264 -0.011054 -0.197348 -0.150784 -0.023409 -0.126143 -0.001789 0.000841 -0.042448 -0.101369 0.002995 0.094995 0.015796 0.141891 0.083345 0.100198 0.062305 -0.076430 -0.012814 -0.301929 -0.090311 -0.092307 0.083607 0.089701 0.256345 0.170237 -0.119094 0.135167 0.056259 0.053909
-0.116204 -0.148537 -0.026533 -0.098523 -0.210549 -0.009161 0.114849 0.121406 0.148125 0.099638 0.009862 -0.119066 0.031955 0.049176 0.010967 0.002775 0.013672 -0.022924 0.031608 -0.351099 -0.014002 -0.050512 -0.068659 -0.044093 -0.050856 -0.176656 0.109376 -0.041587 0.107362 0.055557 0.042550 -0.134891 -0.036424 -0.047621 -0.076313 -0.098307 -0.129392 -0.200903 0.066006 0.034510 -0.181908 -0.063643 0.115291 0.003140 -0.011911 0.016898 0.232344 -0.126660 -0.136524
0.044945 0.117805 0.218683 -0.007790 -0.118845 -0.074381 0.225615 0.079519 0.094970 0.071598 -0.172825 0.027089 0.107508 0.219913 -0.082140 0.065506 -0.009711 -0.047668 0.396156 -0.294278 0.107199 -0.185355 -0.157702 0.067649 0.173050 -0.001451 0.103918 0.036758 -0.186828 -0.039014 -0.012102 0.026176 -0.002322 0.132933 -0.240911 -0.059153 -0.077804 0.285630 -0.228875 0.011362 -0.039271 -0.112814 -0.104469 -0.054101 -0.195181 0.095736 -0.161409 -0.096783 0.151506
-0.006697 0.046023 -0.088169 0.075652 0.053835 0.042264 0.022392 0.105686 0.003001 0.058608 0.046655 0.092253 0.052645 -0.044644 0.095904 0.157598 0.056787 -0.015443 0.001295 -0.073829 0.023341 0.140357 -0.026404 -0.053261 -0.207814 0.041637 -0.024250 0.111380 0.057056 -0.029699 0.116520 -0.055098 -0.008301 0.004112 -0.027587 -0.065937 -0.030515 -0.045054 -0.411195 0.060664 0.026515 -0.064635 0.248035 -0.144402 0.066673 0.076898 0.018415 -0.127662 0.017163
0.081061 -0.133747 -0.122096 -0.090894 0.025358 0.013597 0.081063 -0.075580 0.004589 -0.053596 0.072596 -0.016793 0.032584 0.131197 -0.136041 -0.211645 -0.020977 -0.128242 0.133702 -0.032644 0.112147 0.332760 -0.196937 0.080851 -0.119321 0.063238 -0.118493 0.202947 -0.019396 -0.386230 0.009242 0.060601 0.008042 0.030510 0.010677 -0.147816 -0.085945 -0.082644 -0.102524 -0.130652 -0.053497 -0.012852 0.005378 0.260338 0.165377 0.136410 -0.066761 -0.141775 -0.068368
-0.084656 -0.083916 -0.014076 0.007017 -0.018598 0.129392 0.086437 0.021335 0.104722 -0.062652 0.051706 -0.083193 0.077764 0.045638 -0.154888 0.011532 0.066628 -0.190824 0.169337 0.024416 -0.085287 -0.054550 0.069523 0.022089 -0.093716 0.073674 0.107793 -0.081013 0.200444 -0.188676 0.031455 -0.145758 -0.126605 0.028777 -0.176458 0.130242 0.035437 0.101511 -0.293391 0.002619 0.205112 0.056705 -0.075808 -0.055877 -0.058002 -0.094055 -0.180504 0.053840 -0.184899
-0.135916 0.116811 -0.018269 -0.117742 -0.069721 0.033179 0.082980 -0.032230 -0.193496 -0.022854 -0.005648 -0.067319 0.033805 0.126992 -0.005044 0.097504 -0.105603 -0.011274 -0.094919 0.136970 0.118929 0.031255 0.144897 0.015082 0.009020 -0.072530 -0.141137 0.158817 0.039568 0.013968 -0.071156 -0.022683 -0.037448 -0.010241 0.044782 -0.018019 0.017723 -0.064334 -0.135736 -0.213088 -0.012896 0.054382 -0.018705 -0.020975 0.091872 0.052293 0.053041 -0.034026 0.095033
-0.124679 0.019153 0.035563 -0.107160 0.056593 0.065238 -0.253345 -0.088004 -0.154169 -0.054812 0.037261 -0.114778 0.043168 -0.014230 0.179599 -0.001665 -0.154718 0.141283 -0.297105 -0.354519 -0.036366 -0.008917 0.131875 0.023280 0.117434 -0.092641 0.079258 -0.036456 0.019189 0.032462 -0.029083 0.004350 0.005325 -0.019174 0.216709 -0.183966 -0.142704 0.183600 0.045973 -0.073267 -0.062333 -0.175483 -0.065630 -0.210812 0.009989 0.076327 -0.299550 -0.005182 -0.116418
-0.036831 -0.083985 -0.005733 0.178829 -0.013529 0.030349 0.120358 0.026160 -0.037998 -0.101093 -0.119666 0.130349 0.035689 0.020450 -0.131322 -0.065597 -0.086593 0.037058 -0.037272 0.028593 -0.135445 -0.134075 -0.067501 -0.120694 0.064751 0.175498 0.053814 0.053258 0.030425 -0.091401 -0.009025 -0.062233 -0.068329 -0.153201 0.120412 -0.034789 -0.029787 -0.316189 -0.293589 -0.031023 -0.019593 0.000465 -0.133462 0.003915 0.099089 0.068719 0.024328 -0.007275 0.018422
-0.045696 -0.200563 -0.001374 0.211903 -0.071860 -0.202033 -0.008520 -0.127826 0.129093 -0.154423 -0.013231 0.055588 -0.126198 0.000501 -0.258937 -0.079860 -0.184819 0.066159 0.004102 0.059609 -0.024244 -0.405686 -0.076264 -0.046360 -0.024619 0.017149 -0.384777 0.053775 -0.234148 -0.254322 -0.096001 -0.036500 -0.025525 -0.076446 -0.015467 0.027175 0.034614 -0.068527 -0.017506 -0.224161 0.022147 -0.047421 0.007453 -0.083684 -0.023577 0.019398 0.049569 0.017715 -0.097843
0.024431 0.225792 -0.089491 -0.065721 -0.081710 0.086237 0.143592 -0.040927 -0.119611 -0.080347 0.009261 -0.002712 -0.010652 0.024247 -0.080218 0.153260 -0.006529 -0.129197 -0.077946 -0.018239 0.005019 0.073619 0.140168 0.028429 -0.017876 -0.092144 -0.052135 0.122023 -0.017092 0.164295 -0.197874 -0.118697 -0.020967 -0.101964 -0.263585 0.005059 0.035300 -0.078523 0.036556 -0.046026 -0.147744 -0.136988 -0.029503 -0.056873 0.151095 -0.052034 0.132783 -0.268176 -0.004201
0.084498 0.027225 -0.218737 0.170652 0.186443 -0.172487 0.022837 -0.004441 -0.129820 0.191670 -0.053899 0.061890 0.025553 -0.155115 -0.232486 0.047494 0.013843 -0.067175 0.025045 0.029462 -0.101969 -0.120659 -0.052245 0.018785 -0.017165 -0.162594 0.106273 0.031092 0.157274 0.081814 -0.153737 -0.001437 -0.077758 0.056389 0.009505 -0.031107 0.093066 -0.248459 0.147951 0.016427 0.184791 0.133386 0.083157 0.065091 -0.096204 -0.010657 0.137848 0.054243 0.139445
0.113959 0.205724 -0.086926 0.009315 -0.119313 -0.191712 0.131212 -0.254332 0.166923 0.186419 0.002961 0.328836 -0.115612 -0.079836 -0.058940 -0.120046 0.068329 -0.093182 0.014455 0.165652 -0.040762 -0.103128 -0.219129 -0.081745 -0.111984 -0.075906 -0.071489 -0.001700 0.217707 -0.035764 0.113082 -0.071344 0.088896 0.061417 -0.047427 -0.024834 0.023679 -0.172912 0.034635 -0.126583 -0.014168 0.094492 0.141532 0.193380 -0.068936 0.165620 -0.137296 -0.014894 -0.059031
-0.027073 0.085606 0.022561 0.018476 -0.014201 -0.050262 -0.048902 0.087707 0.047696 0.090697 0.126080 -0.102155 -0.022618 0.101817 0.009971 -0.094199 0.135321 0.023077 0.016022 0.055345 0.035364 0.088114 0.178974 -0.103489 -0.083590 0.101736 0.031247 -0.124256 -0.011216 -0.149418 0.061196 -0.111719 0.024336 0.014686 0.118258 -0.056864 0.059001 -0.160576 0.049680 0.003551 0.056074 -0.101337 0.210837 -0.036667 0.051078 0.214491 0.001767 0.048122 -0.033672
-0.078926 -0.062583 0.074158 0.054435 0.017715 0.016699 0.034661 0.064889 -0.275459 -0.094929 -0.158708 -0.044633 0.063798 -0.156329 -0.011876 -0.156355 0.018636 -0.146344 0.024201 0.056451 -0.158390 0.017356 0.086395 -0.056492 -0.091330 -0.219441 -0.123297 -0.033197 0.035765 0.145667 0.142206 -0.005339 0.026537 0.059842 -0.243888 -0.113923 -0.020654 -0.153684 0.035538 -0.075280 -0.188442 -0.087692 -0.024375 -0.152540 0.142254 -0.036506 0.076022 0.077753 -0.066942
0.072689 -0.032309 0.089248 0.166617 0.003982 0.012677 -0.047788 -0.011634 -0.043650 0.040006 0.045594 0.281253 -0.101785 -0.202099 0.003712 0.105647 0.069580 0.104105 0.187023 0.064599 -0.098361 -0.053769 0.086503 -0.168813 -0.186893 0.092817 0.209247 -0.137558 0.204336 0.053896 -0.050514 -0.127115 0.080543 0.048216 0.164286 0.006176 -0.110506 0.021550 0.080542 -0.017710 0.013751 0.018490 0.101327 -0.102531 0.126199 0.090828 0.084519 0.113250 0.066272
0.016051 -0.043682 0.088607 0.079599 0.003505 -0.400600 -0.008191 -0.202049 -0.093549 -0.239143 0.020363 -0.195600 -0.047160 0.035941 0.017881 -0.044822 0.267590 -0.161134 0.071394 -0.237466 0.037678 -0.137364 0.111484 -0.082293 -0.150843 0.008238 0.015126 0.083995 0.247740 0.063405 -0.330515 -0.012768 -0.026710 -0.162386 -0.061061 -0.137164 0.104545 -0.082489 -0.032168 -0.099217 -0.024762 0.043354 0.058941 0.178074 -0.032551 0.165229 0.002897 0.160194 -0.035392
0.124096 0.104125 -0.067802 0.181614 -0.001672 -0.024266 0.127372 0.072549 0.015000 -0.076231 0.215196 -0.035598 0.038371 0.156166 -0.058800 -0.001880 -0.048128 0.012618 0.097117 -0.023386 0.004460 -0.050451 -0.075413 -0.206616 -0.034943 -0.242999 -0.145510 0.048959 0.039403 0.019853 -0.139551 0.014771 0.042255 0.103736 0.115552 0.047135 0.103135 -0.109510 0.033637 -0.113575 0.076804 -0.003575 0.205710 0.085405 0.035377 -0.235584 0.194838 -0.072443 -0.076311
0.111063 -0.045017 -0.095752 0.036012 -0.071350 -0.257872 0.120723 0.107447 0.237526 0.008567 -0.093486 0.146242 0.042123 0.078969 -0.019446 0.072719 0.050521 -0.017346 -0.148581 0.012209 -0.069596 0.021081 0.093939 0.104855 0.139615 0.040204 -0.023915 0.113196 0.017800 0.144977 0.055517 -0.062048 -0.130221 -0.003233 -0.120044 -0.162104 -0.096651 -0.084143 -0.279402 -0.021441 -0.054398 -0.024159 0.084743 0.108528 -0.159072 -0.112115 0.011969 -0.083407 0.046606
0.213415 -0.071912 -0.112516 -0.163021 0.078720 0.049445 0.062782 0.114446 -0.085909 -0.076819 -0.090258 -0.101780 -0.224642 -0.140762 -0.131161 0.055651 -0.011472 -0.001759 -0.004479 -0.467265 0.094288 0.015568 -0.124918 0.168219 -0.191149 0.106143 0.164807 0.031899 0.130754 0.075257 -0.081528 -0.058507 -0.046812 -0.009181 -0.040323 -0.004634 0.062270 -0.081740 0.008081 -0.033370 0.022265 -0.100887 -0.084399 0.073813 -0.147810 0.123935 0.084921 -0.113708 -0.119680
-0.060731 -0.037594 -0.080100 -0.089035 0.046649 0.025404 -0.037286 0.034787 0.087980 -0.079809 0.108732 -0.031030 0.099316 -0.046445 -0.035252 0.208566 0.264766 -0.092601 0.032531 0.161337 0.076411 -0.126592 -0.079107 -0.053776 0.085032 -0.229169 0.091511 -0.219457 0.073628 0.089637 -0.008179 0.000150 0.020317 -0.010279 0.070113 0.267189 -0.057549 0.009228 0.032911 0.089112 -0.021379 -0.050255 -0.160496 0.083574 0.106506 0.023875 0.017780 -0.018969 -0.092517
0.144554 0.033056 0.004791 -0.018374 -0.062111 -0.151586 -0.213527 0.095133 0.048195 0.145022 0.061951 -0.031498 0.072769 0.028762 -0.084593 -0.032766 0.038029 0.077724 0.004623 0.027530 -0.188608 -0.211756 -0.125193 -0.048386 -0.143058 -0.017201 -0.235846 -0.053699 0.005168 -0.083168 -0.176766 -0.011822 -0.082751 -0.099104 -0.343597 -0.017290 -0.111800 -0.051378 -0.001769 -0.065920 -0.041064 0.065055 -0.003602 -0.225754 -0.003386 0.091086 0.101007 0.093865 -0.172397
0.162403 -0.077489 0.085471 0.033890 0.038360 0.092395 -0.085592 0.093908 0.000467 0.055860 0.147131 0.001153 0.011521 0.042006 -0.164169 -0.185226 -0.019911 -0.087192 -0.092300 0.043363 0.077022 -0.080639 -0.029440 -0.010482 0.032283 0.039725 0.123456 0.290984 -0.015066 -0.079582 -0.017361 0.085627 -0.003057 -0.044451 -0.070632 -0.092694 0.065149 0.037935 0.042984 0.133375 0.056764 -0.033997 0.030356 0.112621 0.110921 -0.105866 -0.221174 0.026493 -0.128728
0.111165 -0.110646 0.090705 0.001435 -0.095509 -0.101917 0.011486 -0.282850 -0.066407 0.140005 0.071044 -0.091103 -0.065106 0.050712 -0.107363 0.080226 0.078939 0.160034 0.177421 0.042836 -0.053103 0.198497 0.069642 0.002464 0.002713 -0.001619 -0.123477 0.156102 0.131345 -0.158603 0.198303 -0.159558 -0.111113 0.002502 -0.041868 0.051920 0.141941 0.034790 -0.019814 -0.056988 0.078932 -0.120988 0.021576 -0.075682 -0.067825 0.032647 0.012090 0.097425 0.146785
-0.103360 -0.088601 -0.010654 0.131977 -0.084774 0.004662 -0.034551 0.105777 -0.036694 -0.093587 -0.130804 -0.009916 -0.011803 0.195394 -0.102570 -0.145474 0.013931 0.062034 0.158246 0.101278 -0.148657 -0.020646 -0.308600 0.005599 0.075196 -0.029409 0.130630 0.011545 0.207818 0.179641 -0.020271 0.114597 -0.021042 0.134712 0.024737 0.002776 0.014703 -0.049133 0.019011 -0.045116 0.106060 0.086499 -0.045046 -0.034454 0.078065 0.007156 0.091698 -0.196785 -0.025339
-0.038647 0.086305 0.060938 0.027185 -0.067709 -0.207069 0.023884 0.061822 -0.162528 -0.135499 -0.111893 -0.019236 -0.244907 0.148013 0.042423 -0.122328 -0.109590 0.011884 0.000679 0.027016 0.103239 0.023669 -0.262774 -0.081426 -0.127344 0.076468 0.017467 -0.147381 0.125302 -0.038891 -0.119088 0.060848 0.005871 0.057604 0.064317 -0.215116 0.110599 0.015966 0.036454 -0.035964 -0.098394 0.059444 -0.132709 0.069022 0.030853 0.025764 -0.070336 0.041829 0.034833
-0.076354 0.058478 -0.071337 0.007580 -0.005039 -0.016383 -0.119079 -0.118117 -0.062712 -0.196530 -0.420633 0.032190 0.116112 -0.098301 -0.146554 -0.069536 -0.324586 -0.042318 -0.072921 -0.327713 -0.036787 -0.033014 -0.080534 0.007171 -0.167748 -0.040644 0.085268 0.113761 -0.134468 -0.113259 0.116539 -0.024641 0.012788 0.017465 -0.178640 -0.007942 -0.076947 -0.290188 -0.050789 -0.024209 0.087288 -0.086390 -0.032186 0.195155 -0.103326 -0.154895 -0.495328 0.083057 -0.036754
-0.162469 0.002405 0.037881 0.229312 -0.039855 0.021080 -0.037716 0.016518 -0.063052 -0.114253 0.043431 -0.153540 -0.093800 -0.013486 0.009758 -0.004883 0.142967 0.028399 -0.051257 0.014678 -0.105752 0.244120 0.166987 -0.003882 0.017298 -0.048118 -0.005103 0.084622 -0.081945 0.122352 -0.094249 0.178068 0.080770 0.081503 -0.001549 -0.267599 -0.061931 -0.005959 -0.347453 0.103596 0.030164 0.154578 -0.040930 -0.099500 0.048863 -0.085991 0.112205 -0.117150 -0.075426
0.013538 0.144460 -0.226328 -0.195307 -0.083554 -0.117471 0.134674 0.071121 0.028418 0.085155 0.210434 0.139403 0.092529 -0.049457 0.002331 0.164094 -0.068806 0.042419 -0.027480 0.004868 -0.197826 0.092091 0.229505 0.017405 -0.135302 0.059368 -0.233913 -0.134125 -0.095223 0.122105 -0.022467 -0.093777 -0.100499 -0.138351 -0.081125 -0.174652 -0.200335 0.069845 -0.046357 -0.063979 -0.018078 -0.154202 0.150990 0.032616 -0.206633 -0.055861 0.073949 -0.069134 0.048178
0.059576 -0.021431 -0.070664 -0.049822 0.173050 -0.098551 -0.074965 0.118926 -0.063504 0.093270 -0.028683 0.014775 -0.094324 0.039813 0.143273 -0.134092 -0.008998 -0.076041 -0.066575 -0.276998 0.001084 0.027522 -0.113667 0.048252 -0.139324 -0.015668 0.028635 0.094975 0.200753 -0.055435 -0.005250 -0.109750 0.031994 -0.225524 -0.206865 0.182623 0.075839 0.018509 -0.379671 -0.076894 -0.035494 -0.048033 -0.049936 -0.187213 -0.023424 -0.105265 0.004460 -0.048691 0.076241
-0.154960 -0.119123 -0.039473 0.037574 -0.177312 -0.045317 0.016464 0.001402 -0.198553 0.002030 -0.131533 -0.086119 -0.101583 -0.142669 -0.182831 -0.104548 -0.143691 -0.128330 0.121281 -0.143946 -0.088424 0.051903 -0.034225 -0.083628 -0.121225 -0.118262 -0.031454 -0.052581 -0.155284 0.059939 0.027740 -0.000539 -0.052827 -0.055662 -0.151122 -0.114541 -0.113224 -0.079646 0.005146 0.090454 -0.020789 0.006830 -0.050477 -0.233510 0.061256 -0.016091 0.049349 0.101021 -0.016779
0.007547 0.077959 -0.217632 -0.114529 -0.079639 0.063770 0.046848 -0.145971 0.172969 -0.049004 -0.070464 -0.022435 -0.147979 -0.137261 0.008655 0.011776 -0.146689 0.008137 0.049880 0.018216 -0.122760 0.027503 -0.045195 0.033713 -0.140129 0.030666 -0.009133 0.027431 0.093551 0.036007 -0.055142 0.008227 -0.055018 0.012548 -0.066123 -0.195274 0.033459 0.125902 0.078892 0.017134 -0.122754 -0.304683 -0.149440 -0.139004 -0.247732 -0.027681 -0.346433 0.008113 0.157580
-0.014805 0.009094 0.108764 0.024261 0.061811 -0.075323 -0.097283 0.060890 0.003151 0.008744 -0.106122 0.102284 -0.080037 -0.088826 -0.146985 -0.177705 0.130533 0.232034 -0.021356 -0.006035 0.019586 0.130237 0.101282 0.004038 -0.067141 -0.062519 0.084581 0.212152 0.048304 0.220112 0.093546 0.049861 -0.055018 0.113258 0.003369 0.043417 -0.181729 -0.030887 0.177209 0.047125 0.248652 0.051624 0.013831 -0.073400 -0.003970 -0.034008 0.080508 -0.131483 -0.012293
0.116516 0.013699 -0.201382 -0.034897 -0.109185 -0.038884 -0.239219 -0.014009 0.033209 -0.142070 0.143547 -0.097768 0.138859 -0.017813 -0.015095 -0.047038 -0.045852 0.104910 -0.144447 0.113314 0.024457 -0.009644 0.121087 -0.154537 -0.167794 0.142137 0.147967 0.091897 0.013230 0.028821 -0.098248 0.059614 0.044166 0.059574 0.046749 0.057138 -0.021756 0.109041 -0.042354 0.037809 -0.027739 0.017051 -0.046990 0.075448 -0.082490 0.001930 -0.466102 0.206441 0.024079
0.178455 -0.030214 0.212653 0.031024 0.096769 -0.125849 -0.264243 -0.001596 0.059729 -0.097583 0.105969 -0.062587 0.020810 0.076312 0.026227 -0.052195 0.073948 0.151720 -0.049406 0.036955 -0.040851 -0.030378 0.061378 0.061209 -0.083078 0.009526 0.134093 -0.025296 0.027874 0.027716 -0.018190 -0.023925 -0.086373 -0.050681 0.069116 -0.211271 0.070508 0.033767 -0.108008 -0.200212 0.011942 -0.083807 0.338443 0.031439 0.062835 -0.056119 0.046299 -0.073462 -0.188492
0.008602 -0.063565 0.017320 -0.139721 -0.076392 0.163251 0.115490 -0.106245 -0.043028 0.031383 0.031664 0.068248 0.029692 -0.025588 -0.051600 0.110213 -0.050206 0.058849 0.053210 -0.126345 -0.281779 0.145444 0.029086 -0.009628 -0.014732 -0.095010 -0.504369 -0.057015 0.174226 0.146445 0.149983 -0.021387 0.057127 0.085983 0.005167 0.024682 -0.101167 0.024256 0.028027 -0.066436 0.000878 0.227861 -0.018803 -0.062928 -0.006956 0.151240 0.101433 0.004539 -0.026946
-0.014536 -0.084358 0.085502 -0.023290 -0.014177 0.081957 -0.096319 0.076036 0.043696 -0.096787 0.196039 0.054156 0.167292 0.023948 0.055439 -0.023390 0.028166 0.067234 0.217105 0.136530 -0.021477 0.319847 0.097222 0.075287 -0.147948 0.076901 -0.150226 -0.022682 -0.064400 0.087535 -0.057575 0.080371 -0.027450 -0.155356 -0.049610 -0.052528 0.134262 0.107049 -0.184750 0.024622 0.167758 0.015384 -0.105944 0.086181 -0.179567 -0.009794 0.097676 0.073830 0.090404
-0.071918 0.218409 -0.064231 -0.014887 -0.024205 0.073031 0.035245 -0.034200 0.069315 0.048252 -0.009569 0.017975 -0.142786 -0.066263 -0.101980 0.038190 0.012884 -0.131247 -0.085174 0.085008 0.006742 -0.075583 -0.107968 0.079175 -0.233433 -0.002189 -0.279694 0.024979 -0.135782 0.068072 0.033025 0.093032 0.008942 0.003027 -0.030925 0.024915 0.043591 0.008251 0.043309 -0.230183 -0.051386 0.031881 -0.015321 -0.293363 -0.040016 -0.050065 0.051560 -0.052380 -0.109561
-0.086658 -0.057753 0.123968 0.207422 -0.041582 0.023598 0.035111 0.136898 0.024083 -0.163347 -0.073678 -0.036114 0.027093 0.056825 0.059823 0.069372 -0.033328 0.075917 0.181111 0.187587 -0.140754 0.030466 0.040182 -0.015162 -0.012546 0.015746 -0.028638 0.015422 -0.150546 0.004537 -0.009962 0.009463 0.050359 0.111531 -0.293659 -0.134905 0.053774 -0.040533 0.084704 -0.051067 -0.028199 -0.144591 -0.004652 0.010247 -0.084885 -0.058755 0.034068 0.106748 -0.173776
-0.008793 -0.030203 -0.006115 0.073239 0.024244 -0.218546 -0.027462 -0.041191 0.081392 -0.024766 0.161191 0.089377 -0.107293 -0.113384 -0.021508 0.134928 -0.021185 0.121747 -0.056644 0.051525 -0.030764 -0.185852 -0.132664 0.050485 -0.061987 0.009119 -0.411059 -0.018442 -0.173380 -0.048816 0.189015 -0.163884 0.035332 0.268444 0.063961 0.117662 0.021393 0.008039 -0.197833 -0.056009 -0.076508 -0.013438 0.047909 -0.025677 -0.007280 -0.064120 -0.116408 -0.113523 0.006254
0.053964 -0.125292 -0.204369 -0.008893 -0.111591 -0.072496 0.116314 0.039249 -0.149926 -0.150310 -0.217984 -0.120848 -0.039231 0.001198 -0.111178 -0.172580 -0.142757 -0.158178 -0.000286 0.052327 -0.056449 -0.075599 -0.010871 -0.235567 -0.137651 0.018611 0.082243 -0.118890 -0.153572 0.116213 -0.276735 -0.118248 -0.076934 -0.095839 -0.089989 -0.135016 -0.073811 -0.009928 0.070142 -0.186154 -0.114609 -0.053239 -0.106639 -0.214990 -0.146126 -0.035174 -0.017237 0.066009 -0.173751
0.021479 -0.050417 -0.066743 -0.249269 -0.095713 0.089306 -0.052391 0.058141 -0.097679 0.097241 0.033935 -0.015451 0.101628 0.060612 -0.165386 -0.071450 0.000120 0.015944 0.020040 -0.143821 0.051550 -0.079781 -0.321089 0.023265 -0.076536 -0.083190 -0.015342 0.026938 0.054011 -0.031319 -0.106543 -0.144240 0.022531 -0.251742 -0.035027 -0.107976 0.088410 0.060357 -0.020867 -0.106834 -0.063803 0.040097 0.083886 -0.063484 0.000733 0.136971 -0.260967 -0.168837 0.030567
-0.034541 -0.073746 -0.082754 -0.080527 -0.042301 -0.037178 0.080496 -0.018616 -0.098837 -0.000323 -0.058070 -0.115753 -0.191769 0.047402 0.010290 -0.058993 -0.100333 0.005087 -0.095350 0.047762 -0.038300 -0.067561 -0.012572 0.090980 -0.107811 0.040231 0.165976 -0.572347 -0.066048 -0.010270 0.136683 -0.280935 -0.017562 0.039640 -0.034690 -0.095104 0.040819 -0.043198 -0.043420 -0.053785 -0.073285 0.127512 0.103832 0.159566 -0.065120 0.099558 0.006362 -0.044965 -0.024917
-0.018083 -0.220071 -0.173130 -0.059316 0.026652 0.088397 0.057866 -0.111518 0.084849 0.038497 0.014873 -0.033096 -0.176906 -0.172371 -0.144158 -0.139146 -0.028462 -0.069278 -0.068220 -0.088389 -0.229706 0.001187 0.188146 0.026267 -0.060657 -0.119421 0.017515 -0.001147 0.039648 0.055289 -0.144900 -0.155074 -0.045383 -0.120076 -0.178559 -0.100541 -0.190664 -0.194150 -0.059781 -0.132835 -0.111221 0.070196 0.141074 0.084743 0.060357 -0.107927 -0.128625 -0.036239 0.031804
0.036757 -0.023675 -0.015031 -0.063901 0.083136 -0.128655 -0.003695 -0.145022 -0.114801 0.083089 -0.029680 0.067005 -0.076315 0.119436 0.036533 0.033054 -0.011437 0.079477 -0.034456 -0.030888 -0.137424 -0.031266 -0.437959 -0.067125 -0.066206 -0.025302 -0.325293 0.059964 0.004697 -0.069771 0.145241 -0.033294 -0.089963 -0.150349 -0.044382 -0.094789 0.065348 -0.034333 -0.287898 0.035781 0.058502 -0.155842 -0.182711 -0.122139 -0.036001 -0.098791 -0.126852 -0.115819 0.043915
-0.013816 0.096678 0.112642 0.059706 -0.051474 0.098875 -0.059829 0.023494 -0.007177 -0.137519 -0.105904 -0.055903 -0.104339 0.265635 0.012652 -0.097071 0.055217 -0.106888 0.135130 0.052911 -0.122002 -0.163293 -0.275545 -0.059048 -0.171589 0.026523 0.001162 0.252279 0.070266 -0.041050 0.123122 0.049578 0.005650 0.121195 -0.099126 0.016053 0.069078 0.077810 -0.178448 -0.048034 -0.028428 -0.071648 -0.100642 0.038657 0.011684 -0.142347 0.024961 0.038317 0.140604
0.076742 -0.084911 -0.143285 -0.113887 0.050865 -0.462042 0.013451 -0.008693 -0.229615 0.100355 0.115036 0.013535 0.017221 0.206762 0.149459 -0.113511 0.062131 0.094180 0.027436 -0.052261 0.052164 -0.063787 0.030463 -0.009764 -0.122610 0.021409 0.171275 0.098797 0.011873 -0.057873 0.000689 -0.149834 0.112772 -0.156677 0.194718 -0.020401 0.062572 0.081155 0.069876 0.044143 0.032790 -0.078489 0.047944 -0.043366 0.258643 0.019719 0.020420 0.068886 0.051223
0.074490 0.026776 -0.087048 0.002344 -0.235620 0.267429 0.017895 -0.057737 -0.044436 0.021941 0.092530 -0.053069 -0.007906 -0.021973 -0.019853 -0.084424 -0.161812 -0.144484 -0.010001 -0.029640 0.200280 0.061467 0.296389 0.029571 0.045759 -0.167113 -0.134156 -0.246435 -0.036056 -0.026011 0.017294 0.108892 -0.053522 -0.057474 -0.085771 0.074256 -0.190800 -0.032912 0.037069 -0.051457 -0.054423 -0.079648 -0.044259 -0.118364 -0.100661 -0.051841 0.105642 0.013520 0.059472
-0.022669 -0.120147 -0.115527 -0.060982 0.023669 -0.066507 0.019552 0.185257 0.194367 -0.123401 -0.010752 -0.000607 -0.001645 0.049702 -0.010884 -0.066840 -0.156659 -0.012111 0.033005 -0.008164 -0.056963 0.270650 -0.147938 0.078487 0.060223 0.090932 0.035278 0.135534 -0.199412 -0.332241 -0.122030 0.053289 -0.033407 0.044074 -0.128115 -0.017871 -0.149590 -0.082258 0.038441 0.053808 -0.003092 0.088874 -0.135790 -0.048278 -0.199600 0.016201 0.071492 0.114186 -0.060996
-0.054139 0.017489 -0.093013 0.300053 -0.007524 0.232642 -0.001592 -0.077263 -0.033296 0.026666 -0.022929 -0.004391 0.043986 0.105743 -0.095642 -0.040416 0.198768 0.095810 -0.126946 -0.355656 0.111792 -0.005489 -0.005224 -0.207582 -0.034295 0.016463 0.052017 -0.006004 -0.001020 -0.048583 0.006123 -0.085205 0.019321 -0.203957 -0.118542 0.039259 0.161586 0.114521 -0.212036 0.103027 -0.148454 -0.084116 -0.054036 0.089033 -0.034740 0.047901 -0.213223 -0.013663 0.005040
-0.096965 -0.184230 -0.087856 -0.055505 -0.018817 0.171742 0.029116 -0.122271 0.094753 0.059671 -0.116906 -0.257802 -0.100030 0.004504 0.066259 -0.125637 0.016432 -0.068190 0.017264 0.077379 -0.053578 -0.169826 -0.127276 0.000300 0.033684 -0.180478 0.001447 0.127876 -0.009706 -0.110177 0.003022 -0.042347 0.135537 0.119233 0.089659 -0.014967 0.118213 -0.035044 -0.036663 0.027388 -0.070108 -0.066391 -0.041354 -0.080399 0.024985 -0.087190 0.018224 0.026565 -0.128221
-0.155076 0.233467 -0.080121 0.074144 -0.120722 0.292650 -0.049457 -0.007903 -0.125526 0.047449 -0.111881 -0.103620 -0.002588 0.001950 0.036431 -0.050900 0.021821 0.004810 0.018204 -0.038623 -0.032643 -0.073841 0.048037 -0.006937 0.052256 -0.206200 0.010989 0.122744 0.014800 -0.052185 -0.033733 -0.050788 0.137312 -0.054317 0.076015 0.010266 -0.171723 -0.099171 -0.100078 -0.102370 -0.082222 -0.082721 -0.037938 -0.034887 -0.016228 -0.156882 -0.002160 0.071619 0.044241
-0.060685 -0.148904 0.020389 -0.255178 0.059937 0.140585 0.140558 -0.019755 0.015312 0.075885 0.089379 -0.086126 -0.164226 -0.042972 -0.079855 -0.134450 0.008308 -0.027980 -0.027552 -0.047235 -0.008122 0.035079 0.010182 0.135812 -0.184176 0.006456 0.130418 0.077490 0.041514 -0.088090 -0.125219 -0.011808 -0.172225 0.132427 -0.057162 -0.022670 0.046926 0.050980 0.080963 0.147534 0.159842 -0.071522 -0.102145 0.214529 0.156228 0.089840 -0.036732 -0.022964 -0.116533
0.146661 0.075028 -0.017468 -0.165449 0.006308 -0.020901 -0.016058 -0.056792 -0.049483 0.007936 -0.034346 -0.261073 0.109673 0.041043 0.147791 0.021818 0.004569 -0.079468 -0.143078 0.071138 0.083657 -0.106924 0.076543 0.097035 0.141611 -0.021872 -0.075283 0.200705 -0.030356 -0.203138 -0.080385 0.146418 0.008294 -0.000126 -0.057760 0.238897 0.018530 0.066535 -0.059081 -0.205270 0.071828 0.069225 0.158910 0.054887 -0.070450 0.110760 0.116881 -0.042887 -0.053952
0.029256 -0.016929 0.016442 -0.320494 0.016176 0.039257 -0.027097 -0.226956 0.069656 -0.072308 0.107051 0.121199 -0.118267 -0.024927 -0.028812 -0.045378 -0.136809 -0.206926 0.052545 -0.067209 0.118282 0.315942 -0.336798 0.040173 -0.025512 -0.140455 -0.089400 -0.010491 -0.128352 -0.118751 0.088548 -0.028851 -0.058973 -0.200458 -0.042113 0.021866 -0.128203 0.058571 0.005660 -0.016758 -0.035713 -0.150778 -0.055908 0.004268 0.043344 -0.081775 0.092097 0.148176 -0.035136
-0.090502 -0.043822 0.051558 -0.119922 -0.139421 0.094534 0.002794 0.004325 -0.047227 0.017401 -0.012677 0.171296 0.096419 0.082938 -0.072259 0.106737 0.114623 -0.205394 0.146668 -0.127091 -0.028407 -0.248205 -0.159823 0.021184 0.189167 0.031817 -0.087227 0.122668 0.078537 0.219188 0.104968 -0.124094 0.058843 0.045220 -0.150710 -0.003504 0.081263 0.305580 0.089720 0.267068 -0.034354 0.196342 -0.016876 0.102932 -0.068985 0.094904 0.084274 0.080425 0.143773
0.178384 -0.108779 -0.104095 0.090515 -0.043025 0.012545 -0.036386 0.091266 0.182881 0.054205 0.018426 -0.136713 -0.153099 -0.055366 -0.184063 -0.142002 -0.118277 0.077389 -0.072619 0.011117 -0.037638 0.107648 0.101383 -0.071641 0.018750 0.046428 -0.167560 -0.246785 -0.022089 0.054954 0.254975 0.079135 -0.050225 0.159938 0.012928 -0.149180 0.082759 -0.191092 0.229976 -0.117400 -0.086952 0.112444 0.185223 0.001824 -0.055498 0.240543 0.012937 0.023280 0.004106
0.095545 0.120556 0.092457 -0.050729 -0.034838 -0.054061 0.018719 -0.147886 0.013728 -0.213494 0.060574 -0.005176 -0.085857 -0.050003 0.097021 -0.073029 -0.134122 0.020424 0.076796 0.128578 0.049129 0.087937 0.032988 -0.086627 0.208139 -0.236839 -0.398374 0.012775 -0.009230 0.023570 -0.038279 0.103338 0.017074 0.081870 0.025263 -0.095785 0.049553 0.036182 -0.194552 -0.044543 -0.144712 -0.113635 -0.123869 0.051641 -0.126960 -0.009657 0.066691 -0.054856 -0.095687
0.023779 0.027966 0.051208 -0.055346 0.120902 0.197194 -0.190735 -0.101481 -0.079562 -0.105692 -0.068819 -0.022252 -0.046292 0.052116 -0.102535 0.056281 0.026809 -0.069886 -0.021760 -0.090887 -0.111964 -0.035059 0.169029 -0.007541 0.113700 -0.110483 0.071053 -0.176979 0.192988 -0.206996 0.023334 -0.140026 -0.083863 0.000839 0.077158 0.102821 -0.079627 0.088299 -0.076917 0.097949 -0.029133 -0.022637 -0.079881 -0.095026 0.300386 -0.025019 0.163613 0.160351 0.068060
-0.076479 -0.072262 0.003662 -0.109317 -0.002741 -0.185499 0.070234 -0.116356 -0.002643 -0.125512 0.035825 -0.162373 -0.125718 0.049930 -0.097287 -0.274384 -0.031731 -0.102548 0.045038 -0.032650 -0.136623 -0.027209 -0.173631 -0.200760 -0.033533 -0.061060 -0.142534 -0.063943 0.034541 -0.099968 -0.023332 -0.079257 0.006663 -0.100996 -0.014334 -0.190485 -0.143795 0.084821 -0.070451 0.002473 -0.111204 -0.105735 0.073980 0.006091 -0.124348 0.049692 -0.098620 -0.112747 0.034705
-0.097732 0.047103 -0.016855 -0.193871 -0.068593 -0.084248 -0.024402 -0.033325 -0.003111 -0.290130 0.122016 -0.127872 0.147603 0.026563 -0.111073 0.054050 0.003198 0.050229 0.045162 -0.234419 0.067847 0.098528 -0.018894 -0.000985 0.036167 -0.009086 -0.027348 -0.088886 0.142537 0.241187 0.091262 -0.030553 -0.052582 -0.013863 0.096458 0.001639 0.172953 0.198771 -0.208541 -0.065666 -0.067948 -0.108509 -0.121365 -0.067173 -0.050621 -0.038085 0.124962 0.040270 0.038196
-0.027389 0.022429 -0.012326 0.007807 0.195147 0.037314 -0.133544 0.293643 -0.102809 0.191157 0.056795 0.098977 -0.057551 0.137863 -0.154745 -0.060883 0.140780 0.020294 -0.092182 0.061762 -0.081194 -0.007449 -0.026608 -0.042778 -0.093246 -0.173422 -0.501488 -0.045165 -0.353003 -0.020299 -0.109828 0.187977 0.075550 -0.097302 0.118576 -0.081209 0.017873 -0.002653 0.059559 -0.037170 0.070578 -0.174043 0.033284 -0.114228 -0.028905 -0.171608 0.055942 -0.025261 -0.122170
-0.131403 -0.115222 -0.155424 0.049741 0.096839 -0.310996 0.035274 0.193514 0.033275 0.057209 -0.071579 -0.053909 0.068190 -0.224910 -0.062183 -0.015315 0.044034 0.231731 -0.184942 -0.173008 0.037750 0.031886 0.157590 0.107362 -0.057756 0.029648 0.122023 0.098243 0.009436 0.150222 -0.075271 -0.100219 -0.186085 0.007008 -0.268699 0.003320 -0.051057 -0.109117 -0.419720 0.233608 0.075147 -0.010903 -0.014875 -0.014498 -0.025255 -0.066392 0.035664 -0.094458 0.034385
-0.075136 -0.087186 -0.117496 0.078903 -0.327119 -0.151090 0.016881 -0.183276 -0.108198 -0.060235 -0.100216 -0.110819 0.052558 -0.109855 -0.124849 -0.044498 -0.048230 -0.012861 0.028723 0.020591 -0.217752 -0.142220 -0.096774 -0.020273 -0.188347 -0.132811 0.007966 -0.212209 0.011450 -0.150996 -0.175713 -0.215885 -0.137885 -0.065764 -0.138066 -0.227828 -0.170112 -0.093734 0.016734 -0.182134 -0.286652 0.064100 -0.134076 -0.173304 -0.173297 -0.197729 -0.159250 -0.362767 -0.061756
0.067102 0.051535 0.070025 -0.252690 0.011275 0.022462 0.012648 -0.138398 0.020831 -0.089133 0.038270 0.020411 -0.183727 -0.009211 0.170957 -0.025889 -0.140784 0.178167 0.043227 0.051188 -0.139167 0.059335 0.035667 0.094818 0.042738 -0.018437 0.070065 0.027031 -0.083247 0.051044 -0.023594 -0.010649 -0.158880 -0.085597 0.058879 -0.079059 -0.046784 0.301259 0.081753 -0.044610 0.031519 -0.207861 0.091981 0.078166 0.059912 -0.052722 -0.046351 -0.068679 -0.068530
0.062679 0.009233 0.042476 0.003652 -0.167264 -0.016567 -0.030440 -0.058143 -0.060288 -0.137974 -0.078123 0.064055 0.014069 0.064344 -0.002915 -0.110070 -0.022508 -0.063968 0.006884 0.004765 -0.136692 0.134951 0.054586 -0.089080 -0.036605 -0.256625 0.038293 -0.182634 0.021860 -0.212668 -0.097795 -0.072659 0.007064 -0.060378 -0.055334 -0.154600 0.103016 -0.059012 -0.001714 0.059826 0.003983 -0.056733 -0.003079 -0.068974 0.033773 -0.001282 -0.471812 -0.038525 -0.003668
-0.236292 -0.054635 -0.135415 -0.034766 0.040022 -0.025673 0.361127 0.054385 0.061631 -0.064911 -0.024202 0.208924 0.092332 0.087295 0.008535 -0.055264 -0.141409 0.112518 -0.075997 -0.144704 -0.158485 0.033423 0.082895 -0.052358 -0.005104 0.079804 0.003816 0.169531 -0.108891 0.062648 -0.013084 -0.201232 0.034219 -0.181838 -0.168628 -0.016705 0.021001 0.061691 0.009377 -0.083989 -0.019007 0.030870 -0.085200 -0.066462 -0.314899 0.066975 0.015839 0.093105 -0.100933
0.082548 -0.010928 -0.119428 0.154853 -0.198741 0.099122 -0.013302 -0.119997 0.027320 0.046366 0.072279 -0.163699 -0.020469 0.033032 0.056969 -0.132461 0.075788 -0.006645 -0.296982 0.024519 -0.089044 -0.098638 -0.035122 -0.144357 -0.075744 -0.025850 -0.131122 -0.111683 0.025464 0.061330 -0.037634 0.084632 0.142416 0.016718 0.047443 0.066808 0.024959 -0.110580 0.128964 -0.078645 0.106760 -0.080373 0.200645 0.041616 -0.049709 0.077987 -0.028977 -0.165807 0.020430
-0.063358 0.103614 -0.032716 0.119362 0.074968 0.025146 0.004085 -0.040481 0.329740 0.120446 0.075510 0.007582 -0.022950 0.005146 0.028868 -0.092215 0.068383 -0.102410 0.009502 0.032762 0.136914 0.180619 0.118416 -0.168981 -0.154614 -0.060252 0.107613 0.174481 -0.162704 0.151208 0.121267 0.110277 -0.046899 -0.102659 0.191992 -0.072853 -0.076529 0.034114 -0.108756 0.148535 -0.037998 -0.062599 0.007296 -0.141024 0.048180 0.086597 0.179518 0.088240 0.079318
0.049250 0.065840 -0.093956 -0.393773 -0.102090 0.100477 -0.002553 0.077717 -0.243111 -0.045658 0.048340 -0.073486 -0.104107 -0.137713 -0.013437 -0.129390 -0.087980 0.191549 -0.040551 0.108184 -0.005284 -0.027841 0.006289 -0.179985 0.066368 0.000173 -0.014185 0.020855 -0.108161 -0.225333 -0.176253 -0.101114 -0.056848 -0.015251 0.076361 0.059941 0.073988 -0.008867 0.005790 0.047974 0.007739 -0.086247 -0.016056 -0.080837 -0.050238 -0.108156 -0.031502 -0.096064 -0.099728
0.008259 0.091950 -0.078937 -0.407275 -0.102360 0.086364 0.107464 -0.111359 0.022744 -0.043798 0.138143 0.187538 0.027034 -0.140770 0.083622 0.102148 -0.145133 -0.151217 0.051070 -0.004566 -0.093332 -0.010012 -0.262894 -0.089559 -0.131457 -0.023606 -0.359954 0.008272 -0.189756 0.035151 -0.080218 -0.024353 -0.143115 0.003960 -0.054912 -0.107589 -0.076559 -0.040401 0.008005 0.054769 0.070259 -0.034466 -0.055453 -0.101997 0.056215 -0.048411 0.047828 0.078921 -0.168632
0.094917 -0.049739 0.141991 -0.116833 0.127796 0.123560 -0.013607 -0.065694 0.127656 0.179999 -0.028186 -0.064284 -0.121497 0.105217 0.141658 -0.112317 0.161235 0.040763 -0.161723 -0.147737 -0.097445 0.093307 -0.037224 -0.049278 -0.006746 0.121728 0.106581 0.275658 -0.247225 0.134281 -0.033171 0.041044 -0.042643 -0.199057 0.027188 0.183988 -0.025578 0.012922 0.091478 0.047543 0.014584 -0.028898 -0.033999 0.021729 -0.038114 0.008993 0.021500 -0.000320 -0.048086
-0.002863 -0.025023 -0.032240 0.131956 -0.050158 -0.216418 0.010605 -0.028635 0.098391 0.079640 -0.000146 -0.187146 0.163857 -0.250939 0.038120 0.064048 -0.009316 -0.054793 -0.060912 -0.176475 0.061967 -0.144633 0.093024 -0.176082 0.052743 -0.075682 -0.147207 0.139457 0.054733 -0.093286 0.063092 0.050846 0.286493 -0.013395 0.121856 -0.071424 0.048240 -0.147097 0.115114 -0.177348 0.011768 0.158661 -0.081584 -0.026898 0.142534 0.168334 -0.250342 0.260387 0.000392
0.109914 -0.000632 0.129455 -0.302578 0.059664 0.066851 -0.017024 -0.221544 0.025311 0.079463 0.014024 -0.063835 -0.152077 -0.109084 0.040681 -0.041633 -0.119212 -0.042717 0.053629 0.037056 -0.158496 0.244492 0.150961 -0.078561 -0.103882 0.029785 0.006665 0.134317 0.090471 0.156783 0.012639 0.078758 0.065038 0.062190 0.124747 0.025426 0.036870 -0.003531 0.027452 -0.044797 -0.108523 -0.087245 -0.083877 0.025227 -0.056487 -0.028208 0.032580 0.080430 -0.110648
0.070395 0.143780 -0.120087 -0.528312 -0.014222 -0.039439 -0.012516 -0.052974 0.079187 -0.106499 -0.268692 0.051867 -0.036829 0.024280 -0.011485 -0.124488 0.006757 0.033992 -0.194416 -0.184020 -0.067241 0.025196 0.181452 0.071262 -0.078142 -0.147934 0.122196 -0.172826 0.003383 0.064753 0.108481 -0.078657 -0.050693 0.008069 -0.050959 0.046132 0.008174 -0.067079 0.154001 -0.098420 -0.210559 -0.137344 0.088685 0.115603 -0.074712 -0.068089 0.158933 0.015309 -0.030382
0.119135 0.011850 -0.021483 -0.111400 -0.142001 0.081410 0.073882 0.128472 0.012763 -0.146043 0.024269 -0.027493 0.003036 0.164948 0.179945 0.130869 0.154797 -0.178448 0.018857 0.127392 0.007843 -0.088887 -0.238461 -0.011933 0.073611 -0.101142 -0.031275 -0.063777 -0.065096 0.229503 0.056651 0.024984 -0.169291 -0.003876 0.125787 -0.168585 -0.010213 0.028560 0.030379 -0.051587 -0.024494 -0.012355 -0.249388 0.032991 0.102920 0.024767 -0.022665 0.081782 0.146216
-0.009335 -0.120964 -0.118636 -0.044262 0.128315 -0.088305 -0.267807 -0.085315 0.066703 -0.132201 0.073874 -0.010605 -0.085985 -0.053226 0.042935 -0.006414 0.018249 -0.087809 -0.191868 -0.231394 -0.005838 -0.036442 0.113441 -0.004258 -0.046411 0.003973 0.002213 0.160429 0.128948 -0.008351 -0.033116 -0.006778 -0.221151 -0.029505 0.211297 0.013258 0.078441 0.075348 0.025148 0.057266 -0.157747 -0.206694 -0.162855 0.015350 0.139565 -0.098313 -0.193673 -0.022408 -0.126004
-0.160577 0.138767 0.141748 -0.101987 -0.030053 0.103694 0.232587 -0.011428 0.037107 -0.060350 0.106349 0.047984 0.037065 -0.038341 -0.050551 0.010621 -0.021446 -0.031447 -0.138682 0.077317 0.134810 0.016550 -0.024242 -0.022079 0.191755 -0.033941 -0.113413 0.128036 0.063220 0.047429 0.149046 -0.172017 -0.085023 0.072348 0.154175 0.202246 -0.033577 -0.144258 0.108057 -0.006057 -0.075444 -0.010004 0.213891 -0.099076 0.135753 0.235441 0.031414 -0.242591 0.148862
0.098308 0.070497 0.144549 -0.232707 -0.044275 -0.335560 -0.439714 0.050797 0.085369 0.025156 -0.066230 0.014222 -0.210520 -0.236129 0.188985 0.000743 -0.064316 -0.033845 0.090129 -0.140371 -0.015938 -0.119416 0.003888 -0.099452 -0.099711 0.007603 0.072145 -0.007966 0.077396 -0.211935 -0.011339 0.105298 -0.036364 -0.004462 -0.215180 -0.156218 0.090050 -0.145147 -0.048195 -0.153898 -0.046012 -0.006983 0.022030 -0.069726 -0.069427 -0.116819 -0.138874 -0.009762 -0.024883
-0.151016 0.036443 -0.125737 0.092181 0.000716 0.026628 -0.032568 -0.132233 0.019096 -0.020189 0.088041 0.103595 -0.085718 0.120807 -0.019480 -0.009827 -0.076323 0.041440 -0.186625 -0.084088 -0.112101 0.173073 0.049319 -0.011312 0.162625 -0.051371 0.017790 -0.042330 0.026595 0.143349 -0.202530 0.139765 -0.027462 -0.120017 0.112897 -0.043929 0.018422 0.170881 -0.003887 0.059794 -0.019215 -0.041200 -0.105559 0.076395 -0.035242 -0.075341 0.229734 -0.031019 0.047848
-0.052686 0.003522 0.040845 0.176366 -0.000927 0.154633 0.129338 -0.052508 0.265361 0.023219 -0.044748 0.111307 0.203546 0.156209 -0.046582 0.077964 -0.112673 -0.064641 0.025164 -0.020437 -0.028852 -0.036624 -0.144410 -0.005322 0.215694 0.102673 -0.190097 -0.066848 0.041678 -0.116918 0.068433 0.093187 -0.081802 0.061380 0.148888 -0.211379 -0.140654 0.058468 -0.012992 0.015960 -0.069534 -0.046610 -0.011755 0.020668 0.075817 0.054221 0.216520 -0.091512 -0.166107
-0.100963 0.103869 -0.049754 0.144779 -0.003474 0.029423 -0.107987 0.067530 -0.164249 -0.022108 -0.138033 -0.270510 0.188555 -0.026366 0.016273 0.184180 0.023909 0.033375 -0.038454 -0.038607 -0.113610 -0.005434 0.029759 -0.039685 -0.024870 0.115208 -0.012795 -0.091131 0.033510 0.030254 -0.123566 -0.026309 0.102336 0.046788 -0.045582 -0.087582 0.082011 0.157108 0.021142 -0.210837 -0.035756 0.021346 0.212955 0.067073 -0.204976 0.017473 0.095959 0.013767 -0.026257
0.021862 -0.138792 0.014066 -0.085968 -0.083343 -0.030962 0.045013 -0.085586 -0.071885 0.096270 0.131129 -0.037738 -0.001760 0.074627 -0.003853 -0.033851 -0.082219 0.036598 -0.061811 -0.251477 -0.083398 0.306754 -0.055566 -0.058520 -0.048373 -0.006564 0.102796 0.084622 -0.026635 0.110427 -0.062621 0.301017 0.032259 -0.084735 -0.073205 -0.108102 -0.166774 -0.159218 -0.002937 0.014501 0.113539 -0.065512 0.136467 0.103113 0.051986 0.010864 0.031778 -0.117407 -0.102212
0.022017 -0.100948 -0.042931 0.046049 0.055541 0.089780 0.180953 -0.043883 -0.023221 0.066721 -0.090019 -0.068940 0.009177 0.207214 0.064755 -0.026705 0.028006 0.158678 -0.172753 0.066417 0.063565 -0.078545 -0.009114 -0.025392 -0.060217 -0.115860 0.178925 -0.119838 0.061846 0.138785 0.091970 0.197438 -0.141727 0.133896 0.139549 0.190440 -0.019478 -0.010821 0.118299 -0.005478 0.060240 0.140521 0.062802 -0.050474 -0.096230 0.017277 -0.000648 0.041763 -0.043053
-0.288101 -0.017000 -0.018821 -0.033661 -0.017920 -0.029380 -0.019661 -0.203415 -0.006528 -0.046782 -0.196755 -0.165148 0.022271 -0.115268 -0.033523 -0.105018 -0.123330 -0.036667 -0.016647 -0.031618 0.093440 0.016337 -0.022353 -0.015989 0.007097 -0.081712 -0.009126 0.000473 -0.392650 -0.073851 -0.000564 -0.116860 -0.059818 -0.046955 0.006309 -0.036819 -0.274642 0.070868 0.073476 -0.071500 -0.112441 -0.105073 0.063198 -0.039142 0.018685 -0.123958 0.010944 -0.104336 0.144805
0.194834 0.103366 0.114905 -0.013931 0.127875 -0.077932 0.039659 -0.067178 -0.172864 0.111397 0.276814 -0.173979 0.011715 -0.099644 -0.109889 0.060786 0.249722 -0.026491 0.158025 0.072436 -0.114811 -0.084892 -0.140230 -0.001690 0.123386 0.024564 0.113317 -0.184991 -0.048835 0.038011 -0.150128 0.031057 -0.058330 0.022212 0.068663 -0.002579 -0.111647 0.053685 0.105337 -0.021159 -0.058811 -0.062927 -0.154410 -0.065058 -0.091369 0.175824 -0.091381 0.139770 -0.119212
-0.181303 -0.200038 0.034534 -0.069575 -0.151734 0.064799 -0.095344 -0.201244 -0.125137 -0.024963 -0.151039 -0.120993 -0.282525 -0.166362 -0.143000 -0.337002 -0.175585 -0.060483 -0.053810 -0.032762 -0.087775 -0.073094 -0.049983 -0.206825 -0.078010 -0.118699 0.098209 -0.233180 -0.093403 -0.216725 -0.128677 -0.129908 -0.248758 -0.304471 0.151644 -0.109697 -0.303349 -0.074366 0.092246 -0.090443 -0.148597 -0.053979 0.023579 0.086120 -0.198282 -0.217124 0.028113 -0.070945 -0.260182
-0.219962 -0.141249 -0.152619 -0.045857 0.088253 0.105892 -0.135744 0.173201 0.083838 -0.049660 -0.144358 -0.069693 0.052462 0.102124 -0.072681 0.020867 0.054967 0.068950 -0.056920 -0.128873 -0.005047 -0.258426 0.076587 0.128227 0.115311 0.069897 0.137815 -0.058963 0.090249 0.040305 -0.064507 0.200966 -0.039081 -0.116669 0.084576 -0.012060 0.035592 -0.007012 -0.169547 -0.051960 -0.165075 -0.045893 -0.049187 0.066746 -0.109839 0.005588 0.153994 -0.011342 -0.003824
-0.048951 0.055283 0.054066 0.008589 -0.068582 -0.057131 -0.462657 -0.103254 -0.005462 0.066188 0.033823 -0.155264 -0.079025 -0.214437 -0.089829 -0.229907 0.036884 0.099595 0.008903 0.035300 0.319156 0.092984 0.025779 -0.069220 0.049059 0.004294 0.016048 0.070733 0.117031 -0.116629 0.047715 -0.043022 0.004869 0.163577 0.091411 -0.112062 -0.031866 0.059828 -0.001291 -0.004022 0.028668 -0.016660 0.064129 -0.087885 -0.152377 0.056787 -0.038572 -0.100373 -0.176226
-0.054983 0.118051 0.150312 0.248399 -0.030703 -0.209721 -0.202228 -0.031845 -0.009434 -0.054767 0.016852 -0.028780 0.024022 -0.094305 0.037394 0.145198 0.012706 -0.145771 0.072844 0.144401 -0.083314 -0.004901 -0.095421 0.049801 -0.084691 -0.220083 0.159429 0.132670 0.030532 0.131060 0.036666 0.005709 0.056988 -0.100692 0.062075 0.045417 -0.015878 0.006726 0.087417 0.041766 0.050257 -0.189310 -0.031570 -0.116900 0.028301 -0.058521 -0.086332 0.047365 0.098879
0.028706 -0.132026 0.113338 -0.037464 -0.053746 0.039551 -0.009347 0.053540 -0.126515 -0.021044 -0.022769 -0.000400 -0.029624 -0.054041 -0.018277 0.036601 0.119739 -0.075930 -0.043649 -0.108953 0.033653 0.050007 -0.217855 -0.017549 -0.147658 -0.002304 -0.484645 0.009088 0.063704 -0.020704 0.047552 -0.208029 0.009388 -0.117807 -0.080258 -0.102300 0.012188 -0.141086 -0.103237 0.001521 0.087383 -0.020850 -0.036557 0.015586 0.055381 0.038187 -0.054066 -0.011278 0.027779
-0.030606 0.035173 0.101541 -0.037690 0.233384 0.121192 0.121529 -0.025727 0.039114 -0.073881 -0.207783 -0.116881 0.112777 -0.063082 -0.085566 -0.092309 0.084009 0.024184 -0.141721 -0.323084 0.074109 -0.034845 -0.040573 -0.154684 0.056644 -0.033770 0.016478 -0.266643 -0.041173 0.010969 0.135082 0.110484 0.040717 0.101441 -0.158047 -0.015184 0.029806 -0.084744 0.047079 -0.162228 -0.163394 0.083774 -0.024346 -0.076564 0.151719 -0.172981 0.182783 0.035765 0.194103
-0.000732 0.013409 -0.206192 0.173713 -0.014302 -0.082476 -0.087710 0.058967 -0.279007 -0.140328 -0.163221 0.031784 0.149927 0.083082 -0.050777 0.011107 0.205544 0.101061 0.117158 0.031495 0.067380 0.324006 -0.177798 0.056633 -0.112386 0.024724 -0.027428 0.274277 -0.172502 -0.018868 -0.032059 -0.005698 0.084793 0.008851 0.146007 0.014178 -0.111001 -0.035180 -0.041873 0.015834 -0.069344 -0.068014 0.034602 -0.076122 0.104638 0.040640 0.042152 0.021947 0.009264
0.174023 -0.019922 -0.023608 0.003505 -0.004920 -0.129491 -0.107726 -0.359544 0.005273 0.129916 0.061123 0.083106 -0.030731 -0.008412 0.096386 0.145224 0.040594 0.103020 -0.030445 -0.023057 0.144447 -0.010724 -0.108597 -0.072365 0.043680 0.105634 0.025802 -0.076010 -0.038024 0.152797 -0.030051 0.116278 -0.058851 -0.135199 0.237931 0.003821 -0.033365 -0.039826 -0.097526 -0.169687 -0.026975 -0.016828 0.100953 -0.070945 -0.132017 0.064755 -0.209476 0.031563 0.014505
-0.085740 -0.114949 -0.076124 -0.111193 -0.147968 -0.233316 0.018927 -0.043157 -0.028646 0.038126 0.055212 0.008317 -0.135635 -0.045399 0.108695 -0.013919 -0.020667 -0.066882 0.024920 -0.014251 -0.041427 -0.072106 0.094052 -0.060432 -0.019563 -0.030340 -0.031297 -0.037553 -0.006548 -0.009095 -0.002222 -0.144893 0.040138 -0.087785 0.100475 0.050054 -0.158622 0.205444 -0.042645 0.052443 -0.044495 -0.228083 0.057959 -0.055949 0.064077 -0.106793 0.048708 -0.125493 -0.103601
0.062534 0.182764 -0.003244 -0.080411 -0.063485 -0.013969 -0.059399 0.087559 0.211480 -0.090341 0.122133 0.037273 0.090023 -0.008885 0.024800 0.115265 0.126388 0.070655 -0.153540 -0.064935 0.066006 -0.173945 0.011432 0.237989 0.037066 -0.002913 -0.064540 0.286072 0.038230 -0.219830 0.030534 0.129627 -0.071845 -0.166463 0.119195 -0.018212 -0.128205 0.140458 -0.032025 -0.027482 -0.240671 -0.154123 0.196935 0.116055 0.049737 0.164940 -0.226922 0.027017 -0.118721
-0.101664 0.048463 -0.149858 -0.086159 0.166614 -0.078094 0.044417 0.128100 -0.160244 0.105921 0.042596 0.201076 0.067409 0.001287 -0.064269 -0.005840 -0.080401 0.093046 0.138557 -0.134701 -0.040452 0.306529 -0.121601 0.174647 0.037089 0.095987 0.111810 -0.119333 0.212234 0.004398 -0.042690 0.017323 -0.002798 -0.060020 -0.067535 -0.176333 0.043990 0.028235 -0.071695 -0.061989 -0.120632 -0.003342 0.013603 -0.082700 0.182526 -0.067806 -0.140152 -0.055987 0.019999
0.056277 -0.056810 -0.132199 -0.310754 0.024324 0.028209 -0.135957 -0.097237 0.132043 -0.071140 0.090803 -0.029938 -0.071884 0.026466 -0.005139 0.032169 0.069700 -0.044964 -0.046160 -0.094434 0.145701 0.242062 -0.001114 -0.071685 -0.014814 -0.149909 -0.014201 -0.035837 -0.068936 -0.225550 0.246448 -0.036923 0.024753 -0.248212 -0.074256 0.171655 -0.082901 0.110570 0.042383 0.099177 0.211325 0.059266 -0.071021 -0.016832 -0.157410 -0.113391 -0.097890 -0.026038 0.045268
-0.019237 0.046260 0.045938 -0.015356 0.033547 0.199230 0.181106 -0.173599 -0.144866 -0.037182 -0.035476 0.024827 -0.079770 -0.218897 -0.115051 -0.097688 -0.022224 0.014153 0.019540 0.006500 -0.168878 -0.102429 0.064506 0.091007 -0.053072 -0.005022 0.031260 -0.141985 0.088512 -0.050536 0.019616 -0.005756 -0.002529 0.077232 -0.169165 -0.080281 -0.066688 -0.018275 -0.000804 -0.020570 0.026265 0.005214 -0.068169 -0.109654 -0.196385 0.115952 0.081434 -0.221620 -0.097765
-0.023693 -0.035836 0.044858 -0.158640 0.014007 0.087965 0.060988 -0.238062 -0.088666 0.146992 -0.198433 -0.071293 -0.024050 -0.055518 0.113841 0.084863 -0.020074 -0.000879 -0.059430 -0.053727 -0.111975 -0.331679 -0.093873 0.131837 -0.180197 0.015553 -0.227223 -0.082930 -0.014115 -0.092535 -0.005296 0.000933 -0.098538 0.157531 -0.091524 0.113872 0.063370 0.229860 -0.084443 0.094034 0.006855 -0.100573 -0.151044 -0.008283 -0.025594 -0.054209 -0.037766 -0.349414 0.038526
-0.097771 -0.118987 0.075503 0.028014 -0.116459 0.040303 0.065341 -0.092100 0.036127 0.078774 0.009387 0.026587 -0.118299 0.058058 0.085053 0.105919 -0.137614 0.012442 0.045181 0.084933 -0.013027 -0.259937 0.050790 0.038629 -0.057615 0.014204 -0.067487 -0.245415 -0.135155 0.022885 -0.081081 0.171813 -0.020681 -0.172999 0.019394 0.124992 -0.122973 -0.032128 0.071295 -0.090382 0.057853 0.018692 -0.217938 0.068423 -0.095635 -0.173450 0.043464 -0.152962 -0.087847
0.078513 -0.112856 0.036344 0.061643 -0.053857 0.156516 0.202164 -0.071481 -0.177053 -0.065833 0.040034 0.000617 -0.035752 -0.064130 -0.031123 -0.151555 -0.150280 0.067737 -0.087239 -0.246430 -0.026973 -0.209658 -0.080633 -0.065060 0.001638 -0.043762 0.008570 -0.003476 0.137872 0.129240 -0.061062 0.037458 -0.014627 0.082269 -0.045807 0.097231 -0.000638 -0.142958 0.023471 0.124830 -0.046933 -0.137937 -0.026940 -0.150864 0.145809 0.030658 0.148068 0.131866 -0.052178
-0.012717 0.240694 0.101324 0.110982 -0.039942 -0.077755 -0.238745 0.070244 0.012141 -0.090174 0.006074 -0.034602 -0.049801 -0.239439 -0.010983 0.034451 -0.107293 -0.136611 0.142336 -0.038760 0.057224 -0.085435 -0.024793 -0.007032 0.015997 0.021337 0.106473 0.008863 0.037519 0.151160 -0.031500 0.160727 0.023151 0.064734 0.045769 -0.039359 0.013434 -0.023911 0.017564 -0.057052 -0.007145 -0.022853 0.046034 -0.201688 -0.074888 -0.056109 0.068625 -0.255502 -0.115921
-0.143760 0.055486 0.037377 0.107327 -0.186756 -0.004412 -0.286362 -0.083372 0.077718 0.046197 0.022113 0.019551 -0.084516 0.129387 0.023102 0.015811 0.014043 0.057559 -0.443805 -0.238542 -0.098532 -0.085267 -0.042139 -0.092338 0.026232 0.064922 -0.201931 0.078627 -0.085970 0.050570 -0.017576 -0.052569 -0.001536 0.045335 0.086678 -0.034871 -0.054619 0.161470 -0.286741 0.180750 0.038478 -0.109483 -0.186682 -0.020041 -0.113871 0.082979 0.113835 -0.093314 -0.103220
0.039668 0.037488 -0.266113 -0.066639 -0.047049 -0.344077 -0.053625 0.107852 -0.038214 -0.258324 0.054575 -0.103209 -0.057558 0.118547 -0.069018 -0.109562 -0.098691 -0.009437 0.065769 0.060502 0.090729 0.047540 0.046943 0.053515 -0.056006 0.041758 -0.066209 -0.055917 -0.012463 -0.112712 -0.024116 -0.051732 0.034132 -0.140035 0.089298 -0.072245 0.093239 -0.033995 -0.074896 -0.037294 0.178854 -0.057751 0.043969 -0.039487 -0.200339 0.035959 -0.043978 -0.009608 -0.145270
-0.111626 0.126017 -0.029281 0.208241 -0.081358 0.024543 0.145994 0.162731 0.019210 -0.127845 -0.003613 0.001983 -0.042047 -0.147471 0.027576 -0.036963 -0.181689 -0.129184 0.164423 0.037804 0.221061 0.115055 -0.045735 0.208103 0.163087 0.077923 -0.020537 0.145158 0.169479 -0.167944 0.007266 -0.002107 -0.025310 0.023495 -0.048750 -0.120803 -0.131916 0.039231 -0.079543 0.003444 -0.059980 0.019928 -0.095056 0.060639 -0.032780 0.011690 -0.108092 -0.187778 0.172538
