0.104601 0.020195 -0.226937 -0.241666 -0.080338 0.082850 0.267293 0.214416 0.047857 -0.177749 -0.110665 -0.032497 0.374841 -0.316837 0.351575 -0.104267 0.136567 0.178760 -0.079540 0.138827 0.136301 0.161799 -0.250825 0.337440 -0.247018 -0.196021 -0.009509 0.214600 -0.263020 -0.108708 0.129164 -0.192663 -0.006961 0.652697 -0.184503 -0.316787 -0.270987 0.349740 -0.047743 -0.053761 0.210526 -0.133947 0.237976 0.036912 0.102798 -0.067477 0.163263
-0.088141 -0.256480 -0.403017 -0.076040 0.006546 -0.135073 -0.061538 0.350778 -0.072981 0.175068 0.087307 0.100929 -0.401430 0.015532 0.371652 -0.006684 -0.164317 -0.064827 0.031578 0.204046 0.172554 0.076830 -0.316031 -0.097420 -0.131624 -0.328289 0.096182 0.078192 0.391328 -0.051018 0.078775 -0.064912 -0.066957 -0.031222 0.226400 -0.133741 -0.080161 -0.566811 -0.271610 -0.157902 -0.090082 -0.102081 -0.154283 -0.312494 -0.173278 0.116857 0.015565
0.229834 -0.078700 0.234122 -0.102485 -0.106441 -0.030984 0.129548 0.100030 -0.335193 0.025072 -0.178967 -0.295311 0.115771 -0.099385 -0.021497 0.283319 -0.030332 -0.010171 0.010926 -0.054155 0.290853 0.082184 -0.264130 -0.102737 0.091275 0.054516 -0.162255 0.191953 -0.032200 0.034444 -0.094026 0.020320 0.000615 -0.270721 0.200212 0.016882 -0.291312 0.100099 -0.184546 0.256475 -0.128502 -0.460162 0.199640 -0.252460 -0.273091 0.006342 0.275975
0.000476 0.000114 -0.000181 0.000023 1.568129 -0.000445 0.000082 -0.000352 0.000938 -0.004290 0.004441 0.000016 0.000175 -0.000014 -0.000003 0.001183 0.000139 0.005164 0.000032 0.000101 0.000689 0.000151 -0.001524 0.001710 -0.000181 -0.000413 0.000413 0.000158 0.000111 0.000158 0.011902 0.004543 0.000671 0.001414 0.039222 0.000054 0.001750 -0.000075 0.001937 0.000625 0.000467 0.001587 0.000085 0.000904 0.001941 -0.000034 -0.005688
0.122026 0.191174 -0.055644 0.225814 0.232327 -0.050552 0.034845 0.045404 -0.411913 0.142484 0.052195 0.125103 -0.226570 -0.109294 0.027014 0.570755 0.103833 0.125677 -0.273749 0.068767 -0.399897 -0.104144 -0.391935 -0.003915 -0.030859 -0.193610 0.276391 0.143257 -0.015182 0.112471 0.199351 0.184753 0.074401 -0.076712 0.361412 -0.130296 -0.184539 0.025067 -0.105240 -0.070184 -0.100694 -0.206767 0.063616 -0.340714 0.019345 0.327166 -0.152467
-0.000080 0.001084 1.375004 -0.000687 -0.000067 -0.000398 -0.000036 -0.000706 0.003262 -0.000040 0.001395 0.000111 0.000981 0.002604 0.000910 0.000824 0.000417 0.000168 -0.000916 0.002922 0.000298 -0.001221 0.000043 0.000537 -0.000348 -0.000026 0.001187 0.001977 0.001027 -0.000032 0.000702 0.000081 0.000461 0.000942 0.000386 0.062024 0.015373 -0.000020 0.005512 0.001306 0.000407 0.001477 -0.000343 0.000182 0.000641 -0.000006 -0.000635
-0.000259 0.000033 -0.003288 1.425409 0.000010 -0.010946 -0.000006 -0.002339 0.007325 0.000122 0.000164 0.004236 0.000014 0.001442 -0.000072 0.000367 0.000361 0.000021 0.000155 0.005555 -0.000011 -0.000033 -0.000018 -0.000008 -0.000263 0.000008 0.000033 0.000042 0.005758 -0.000024 0.000039 -0.000002 0.000028 0.000096 0.001143 0.001684 0.002669 0.000023 0.000535 0.000145 0.000177 0.005667 -0.000023 0.000104 0.000554 0.000026 -0.000254
0.050626 -0.269772 0.240971 -0.069206 -0.197255 -0.007462 0.462821 -0.222492 0.159519 0.242883 0.399359 0.309810 0.057984 0.380380 0.402542 0.054473 0.024878 -0.115721 -0.202949 0.473818 -0.220489 -0.120114 0.167919 0.011973 -0.046474 0.369990 0.330846 -0.168840 -0.019977 -0.016289 -0.102625 0.045905 0.077961 0.188800 0.003077 -0.111247 0.129465 -0.151819 -0.490401 -0.032781 -0.189588 0.479886 0.023347 0.131313 0.057792 0.035477 0.027203
-0.117126 0.085719 -0.208269 -0.187439 0.307266 0.260801 -0.365348 0.137420 -0.098346 -0.189748 0.108141 0.387470 -0.188422 0.259402 0.094046 0.317456 -0.160859 0.116886 0.180602 -0.217932 0.187681 0.029902 0.090521 -0.032895 -0.080684 0.152289 0.104001 0.333553 0.120814 0.161528 -0.086327 0.038005 0.188235 -0.203971 -0.072313 0.446296 -0.247224 0.154524 -0.238223 -0.154639 0.023225 -0.009169 0.101812 0.101502 0.340851 -0.405475 0.053680
0.094664 0.014502 -0.197734 0.178250 0.199244 0.486771 0.100924 0.049770 0.138009 -0.040404 -0.607080 0.020564 -0.208555 0.007796 -0.146811 -0.363474 0.104629 0.124280 0.224661 -0.015826 0.218642 0.250304 -0.096267 0.006463 -0.219829 -0.209851 -0.039426 -0.214827 0.060905 0.055954 0.150818 -0.400719 -0.089261 -0.115424 0.480486 -0.207493 0.162827 0.191103 -0.040365 -0.076645 0.086421 0.495266 -0.025323 -0.223714 0.061421 0.253021 0.101744
0.000019 -0.000102 0.000113 -0.000577 0.000570 -0.000238 0.000048 -0.009842 0.000072 0.000031 -0.000052 -0.000036 -0.000309 0.000045 -0.000099 0.004656 -0.000039 -0.000012 -0.003852 0.010387 -0.000233 -0.000043 -0.000968 -0.000049 0.000003 -0.001378 -0.000007 0.000029 -0.002717 1.459023 0.000299 -0.000388 -0.000002 0.000071 0.004053 -0.000033 0.000074 -0.000212 -0.000085 -0.000309 -0.000168 -0.000080 0.000137 0.000912 0.000120 -0.009031 0.034014
0.141722 -0.344371 -0.258472 -0.230010 0.233587 0.116018 0.389838 0.090744 -0.012312 0.044429 0.077315 -0.242078 -0.155025 0.454878 -0.020707 -0.051312 0.279867 0.031911 0.047874 0.123772 0.217793 -0.097943 -0.202345 0.159183 -0.185537 -0.013722 -0.296838 0.000807 0.207147 0.119372 -0.049209 0.009053 -0.049363 0.142065 0.323527 -0.007613 -0.073023 -0.123417 0.088739 0.047931 -0.022488 0.295426 0.042918 0.253834 -0.145248 -0.127439 0.234797
0.309179 0.116192 -0.050706 -0.248946 0.326148 -0.065360 -0.477678 -0.044895 0.566030 -0.146070 0.048321 0.181138 0.067890 -0.161277 0.095386 -0.185700 -0.120622 -0.037970 0.196802 0.195668 0.253720 0.171761 0.180927 0.209190 0.302608 -0.178399 0.028570 0.191866 0.077861 -0.004328 0.109917 0.322938 0.102712 0.156997 0.007892 0.154128 -0.214603 -0.118056 -0.045894 0.514359 -0.026905 -0.156362 0.136385 0.018617 -0.037142 0.060945 0.033440
0.106991 0.020904 -0.202700 0.069833 -0.123181 -0.388307 -0.257736 -0.061235 0.072208 0.040997 -0.206763 0.162965 -0.069959 -0.066957 0.206240 -0.118928 0.063844 -0.311946 0.136648 -0.349846 0.167092 -0.177228 -0.151794 0.028683 -0.055977 -0.009901 -0.180334 -0.385640 0.191870 0.097192 0.096440 0.219193 -0.207234 -0.127678 0.202982 -0.145679 0.072523 -0.018323 0.073493 0.036653 0.336235 0.327590 -0.033833 0.162807 0.201738 0.028630 -0.208521
-0.121789 -0.101862 0.161348 -0.490479 -0.136953 0.252903 -0.167779 0.353476 -0.180083 -0.055928 -0.023928 -0.016598 -0.081464 0.206103 0.241541 0.152035 0.003337 0.065559 0.188562 -0.102113 0.033444 0.104015 -0.351080 -0.058302 0.108443 -0.053590 0.154538 -0.079808 -0.018823 -0.058460 -0.126241 0.203738 0.083583 -0.049017 -0.463223 -0.529182 0.255787 -0.212472 -0.011717 0.119022 -0.260375 0.165208 -0.242701 0.169376 -0.023211 -0.122719 0.180621
0.073558 -0.085377 0.093181 0.242936 -0.160383 0.001320 0.166177 0.228310 0.129197 -0.137064 0.489420 -0.376700 -0.090531 -0.262172 -0.342849 -0.166921 0.040319 -0.050862 -0.378364 0.079878 -0.006655 -0.289414 0.127013 -0.023566 0.390551 -0.208955 -0.071463 -0.057115 -0.053070 -0.072759 -0.174249 0.400495 0.230845 -0.270494 -0.047654 -0.217957 -0.204278 0.152961 0.307873 0.198772 -0.353543 0.316350 0.024516 -0.116527 -0.102077 -0.055359 -0.038680
0.007292 0.080909 0.180113 0.214684 0.179520 -0.123452 0.280574 0.187260 -0.238065 0.225772 0.230393 -0.106133 -0.099851 0.054210 -0.233458 -0.195367 0.240563 0.006513 -0.005550 -0.219341 0.216645 -0.105703 0.196815 0.017174 -0.031393 0.090543 -0.051729 0.292109 0.000729 0.143847 0.061953 -0.270047 0.236527 0.684835 0.153609 -0.034226 -0.021254 0.316166 -0.344593 0.112171 -0.245660 -0.194191 0.254130 -0.026294 0.282747 0.123726 -0.168264
-0.153941 -0.188153 -0.034323 0.315169 0.102864 0.365874 -0.061280 0.346868 0.151740 0.436810 -0.321731 -0.114971 0.047180 -0.040226 0.111482 0.089210 0.080336 -0.109990 0.085171 -0.087880 0.034783 -0.113514 0.077530 0.003960 -0.076758 0.147577 0.220568 -0.357244 0.179640 -0.074417 0.539927 0.068556 0.025491 0.241425 0.130050 0.216765 -0.171144 -0.226455 -0.006631 0.015503 -0.104407 0.154567 -0.366386 -0.521803 -0.170911 -0.351492 0.278091
-0.001015 -0.000185 -0.000184 -0.003503 -0.000392 1.357103 -0.000703 -0.000059 0.005966 -0.002239 0.000119 0.001031 0.002543 0.001083 0.005265 0.004806 0.003288 -0.000013 -0.001400 0.012920 0.000725 -0.000065 0.000035 0.000259 -0.000592 -0.000028 0.000252 0.000033 0.549224 -0.000966 0.000029 0.000160 0.000144 0.000188 0.000886 -0.000027 0.000643 0.001724 0.000535 0.000539 0.001292 0.002861 0.000000 0.000310 0.000048 -0.001759 -0.000676
0.000027 -0.000301 0.000069 -0.000928 -0.007551 -0.000935 -0.000010 -0.008476 0.006039 1.679399 0.000220 0.000000 0.000098 -0.000027 0.000075 0.000837 0.000313 -0.000094 -0.000003 -0.000019 -0.000071 -0.000114 -0.000106 -0.000042 0.000213 -0.002184 0.003240 0.000343 -0.000549 -0.000288 -0.000203 0.000024 0.000009 0.000050 0.002167 0.000056 0.002772 -0.000052 -0.000020 0.000354 0.000212 0.048025 0.000003 0.000355 0.057269 -0.000049 -0.000425
0.052340 0.192072 -0.161114 0.182315 -0.280713 0.428856 -0.147860 -0.287049 -0.126948 -0.122114 0.165227 0.073950 0.065890 -0.200368 0.009352 -0.007431 -0.029081 0.090029 -0.119878 -0.115079 0.329276 0.226896 -0.163837 0.181122 -0.092262 0.113098 0.119891 -0.093270 -0.004811 0.105714 -0.052890 0.148454 0.130217 0.073262 0.280956 0.372544 0.040870 0.067896 -0.127494 -0.195203 -0.229841 0.079706 0.105011 0.171523 0.155103 -0.316008 -0.204663
-0.001260 0.041348 -0.009354 -0.001630 0.000159 -0.006166 -0.000692 -0.000471 0.001677 0.000065 -0.000099 0.000004 -0.002852 0.000471 0.001660 0.001887 -0.000053 0.000049 1.423952 0.043043 -0.000692 0.014903 0.000009 0.000187 0.001741 0.000012 -0.000004 -0.000137 0.001716 0.000807 -0.000248 0.000165 -0.000120 0.000881 0.000023 0.008743 -0.000248 0.000437 0.000024 0.000392 0.000735 0.000280 -0.001628 0.000188 0.000578 -0.002968 0.005890
-0.000622 -0.001941 -0.002663 -0.000454 -0.011488 -0.001594 -0.001905 0.000212 0.001448 -0.000316 0.001793 0.000018 0.001905 0.000164 0.001483 0.014495 -0.000055 0.000349 -0.002851 0.002293 0.003853 -0.002902 -0.001315 0.000126 -0.000245 -0.000059 -0.000035 0.000040 -0.000312 0.008534 -0.000227 0.000486 0.000160 0.001124 0.005545 0.001886 0.000209 0.003161 0.004172 0.007681 0.010239 0.000218 0.000231 -0.000078 0.001202 -0.005012 1.730586
0.144648 -0.222212 0.144829 0.012516 -0.323602 0.065404 -0.182616 -0.060118 0.032383 0.370745 0.289597 -0.105524 -0.297482 0.004212 -0.028400 0.274759 0.005483 -0.222268 -0.469886 0.115587 -0.083324 0.294782 -0.134336 -0.125693 0.232115 0.139700 0.145135 0.297493 -0.209203 -0.224172 -0.127909 -0.067028 0.337977 0.016154 -0.122960 -0.027991 -0.221890 0.278617 0.158705 0.079779 -0.089294 -0.346600 -0.167940 0.095707 0.034803 0.243135 -0.119983
0.118251 0.464614 0.216856 0.004716 -0.044932 0.056153 0.231170 -0.014127 -0.074704 -0.040547 -0.304750 0.115433 0.145541 -0.269312 0.094237 0.088628 0.027413 -0.168848 0.122078 0.218233 0.196184 0.021784 -0.259304 -0.093995 0.179402 -0.174896 -0.101461 -0.017539 -0.095025 0.362766 -0.046880 0.243702 -0.237700 -0.245827 -0.189096 -0.125156 0.144510 0.423709 -0.243642 0.043718 -0.151479 0.006251 -0.039577 0.055319 -0.005534 -0.053371 -0.138473
-0.040205 0.012156 -0.239986 0.224910 0.035215 -0.121601 -0.017372 -0.080221 -0.024041 -0.028056 -0.079288 0.520268 0.244141 0.098277 0.081304 0.175407 0.046176 -0.035314 0.058233 0.208502 -0.183913 -0.077740 0.087194 0.220552 -0.280004 0.254199 0.657208 -0.128835 0.064579 -0.116313 -0.036077 0.065283 -0.165944 -0.165452 -0.205133 0.080600 -0.118318 0.260684 -0.311178 -0.045696 -0.152715 -0.179094 -0.022622 -0.042686 0.513498 0.113189 -0.002772
0.000136 -0.000072 -0.000399 -0.000043 -0.000871 -0.004249 1.590364 0.000005 0.001708 0.000111 0.000103 0.000783 0.005345 0.000149 0.001710 0.000818 0.016151 0.000050 0.000016 0.000330 0.000831 -0.001292 -0.000162 0.000092 -0.001516 -0.000008 0.000179 -0.000002 -0.000248 -0.000004 0.003179 0.000672 0.000901 -0.000002 0.000038 -0.000031 0.000298 0.035365 0.001785 0.000184 0.000539 0.000742 -0.002229 -0.000114 0.000018 0.000067 -0.000367
0.000048 -0.019340 0.001802 0.000226 0.000612 0.000877 -0.006683 0.000024 -0.002103 -0.000146 0.000057 -0.000027 0.026179 0.000024 0.000441 0.000890 -0.000221 0.000193 0.011839 -0.003558 0.006345 1.536105 0.000106 0.000312 -0.000151 -0.000570 -0.000018 0.001048 0.000218 -0.000232 0.002203 0.000142 0.000619 0.001175 0.002172 -0.001130 -0.000005 0.001366 0.003375 0.001293 0.000224 -0.000123 0.006857 -0.000225 -0.000125 0.000317 -0.003699
-0.000173 -0.000423 -0.002784 0.000027 0.000723 -0.002131 -0.007141 0.000004 0.000066 0.000048 0.012579 0.000308 -0.000289 0.000184 -0.000057 0.000787 0.000253 0.002239 -0.000615 0.001129 0.021062 -0.006361 -0.000497 0.000912 -0.000284 0.000273 0.000016 0.000125 -0.000525 0.000160 0.003385 0.000214 0.000882 0.004528 -0.000093 -0.000196 0.000361 0.034063 0.006095 0.001090 0.000672 0.000050 1.595842 0.024567 0.000071 0.000686 -0.006561
0.000110 1.318371 0.000097 -0.000105 -0.000191 -0.000094 0.000995 -0.000145 0.002770 0.000057 0.000483 0.000002 -0.003935 0.000000 -0.000166 0.000191 -0.000013 -0.000092 0.102236 -0.001329 -0.000966 0.130970 0.000032 0.000021 0.000013 0.000031 0.000007 -0.000051 0.000141 -0.000233 -0.000231 0.000999 -0.000038 0.000041 0.001399 -0.000480 -0.000014 -0.000292 -0.000123 -0.000082 0.000107 -0.000030 -0.001946 0.000110 0.000285 -0.001373 -0.004218
-0.168916 0.313161 0.315866 -0.324810 0.085298 -0.304339 -0.024976 -0.394412 -0.132329 0.094790 0.072980 -0.266039 -0.212807 0.213075 -0.088205 -0.065102 0.098511 0.062622 0.080295 -0.071298 0.249787 0.260085 0.162880 -0.182924 -0.019989 -0.153806 -0.082228 0.389887 0.009143 0.341747 -0.124592 0.334870 -0.005710 0.085121 -0.030868 -0.070134 -0.020610 -0.290908 0.145005 0.376650 0.030284 0.089215 -0.090837 0.138172 -0.033232 0.179256 -0.001382
-0.254506 -0.145103 -0.232531 -0.251936 0.069210 0.383328 0.098647 0.076367 0.072832 0.239180 -0.066224 -0.196984 -0.152424 -0.001522 -0.100123 -0.102461 -0.262226 0.005190 -0.222873 0.054515 0.350979 0.016468 -0.369463 -0.002988 -0.120444 0.263072 -0.152185 -0.021050 -0.227471 -0.140892 0.328849 -0.135833 -0.260861 -0.158782 -0.132859 0.130812 -0.006069 -0.152176 -0.056257 0.129417 -0.040822 0.403498 0.016431 0.014432 -0.073339 -0.012699 -0.240611
-0.053180 0.418351 0.111108 0.074149 -0.028348 0.242163 -0.312228 0.040259 -0.053660 0.049068 0.022386 -0.081291 0.023650 0.095340 -0.061015 -0.197558 0.227326 0.081285 0.309776 -0.111872 0.386674 0.061470 -0.032826 0.010252 0.166101 0.103018 -0.149670 -0.056575 0.239542 0.098157 -0.117227 -0.149056 -0.079418 -0.351542 0.019514 0.128552 -0.007674 0.246348 0.226947 -0.249294 0.001294 0.058335 -0.593820 -0.475417 0.147999 -0.226542 -0.178693
0.291951 -0.021437 -0.067529 0.060313 0.074596 -0.234667 -0.197780 -0.078234 0.223053 -0.056907 0.019443 0.259325 -0.225585 0.070352 0.014466 -0.394466 0.044183 -0.464490 -0.066880 -0.000065 -0.274798 0.023359 -0.087723 0.044578 -0.335226 -0.018858 0.136715 -0.065608 0.247466 -0.119234 0.010359 -0.295991 0.089819 -0.048418 -0.185368 -0.083008 0.294254 0.015157 0.165209 -0.054712 0.079894 -0.162497 0.218995 -0.115782 -0.242664 -0.191301 0.372779
-0.001932 -0.000550 -0.000208 -0.000077 -0.000697 -0.000159 0.000149 -0.006866 0.024717 -0.007088 0.004269 0.000179 0.002208 0.006807 0.000190 0.050902 -0.000042 0.000255 -0.000030 -0.000034 0.000241 0.000067 -0.000214 0.003134 0.000373 1.541120 0.002677 0.004540 0.000213 -0.000760 0.000088 0.000710 0.000514 0.000078 0.004583 0.000126 0.000383 0.000071 0.000138 0.013122 0.013290 -0.000212 -0.000030 0.001173 0.001431 -0.004196 -0.001776
-0.456290 -0.258119 0.026404 -0.036936 0.173213 -0.275405 0.103395 0.059915 0.191500 0.187558 -0.183857 0.009459 0.110329 -0.034244 -0.060113 -0.203877 0.201916 -0.105887 0.175493 -0.067030 -0.199053 0.057342 0.170111 -0.166986 0.030562 0.053358 0.042116 0.040760 -0.414037 -0.073898 0.237576 -0.325996 -0.253820 0.224051 0.087949 0.102522 0.195475 0.073572 -0.015272 0.166724 0.253069 -0.184679 -0.139871 -0.220785 0.250911 0.291719 0.034538
0.118222 -0.031943 0.151636 0.011805 -0.140076 0.219005 -0.061070 0.353444 0.240165 -0.207226 0.108525 -0.185802 -0.088951 -0.179219 0.006157 -0.019406 0.090186 0.286184 0.234365 -0.176414 0.193020 -0.140198 0.346503 -0.017741 0.116404 0.124390 -0.259461 0.267222 0.087091 0.035058 0.021345 0.047707 -0.030994 0.034989 -0.221898 -0.338528 0.078519 -0.003161 0.097317 -0.082821 0.276227 -0.248540 0.015284 -0.513846 -0.040805 -0.046420 0.077988
-0.000163 0.000075 0.000352 0.000040 -0.000136 -0.000900 -0.000117 -0.000082 0.007124 0.000076 0.000345 0.000132 0.008150 -0.000041 0.000175 0.006548 -0.000031 0.000080 0.000876 -0.000269 0.000719 0.000732 -0.000585 0.000231 0.000050 -0.002778 -0.000033 0.000235 -0.002895 -0.007794 -0.000043 0.015800 0.000199 0.001819 0.010191 0.000025 0.000124 -0.000072 0.000199 0.001814 0.000928 0.000183 -0.001037 0.005638 0.000042 1.527182 -0.002534
1.174148 -0.000348 -0.000939 -0.000098 -0.000152 -0.001100 -0.001212 -0.000090 0.002093 0.000472 0.000447 0.001989 0.004486 0.032278 0.000423 0.000007 0.000558 0.000072 -0.000064 0.000647 -0.000002 0.000020 0.000034 0.000796 0.881300 0.000339 0.003988 0.000045 0.000316 -0.000006 0.008639 0.000621 0.000208 0.000018 0.000151 -0.000069 0.010914 0.001191 0.002058 0.003365 0.000004 0.000706 0.000047 0.004089 0.000450 0.000187 0.000273
-0.027782 0.205735 0.027980 0.404072 -0.018632 -0.036543 -0.138940 0.219106 0.002045 -0.100952 0.042972 0.088891 -0.063643 -0.330919 -0.115075 0.161550 -0.053251 -0.102222 -0.100380 0.309552 0.229984 0.050834 0.008497 0.571628 0.075462 -0.056190 0.042671 -0.223874 -0.298685 -0.024636 0.183631 -0.265313 0.345308 -0.058119 -0.292094 0.037267 -0.231976 -0.237790 -0.018962 0.026054 -0.109278 0.005776 -0.187775 0.012230 -0.102628 0.110590 -0.139802
0.078143 -0.429738 0.110943 -0.048453 0.157317 0.270346 -0.007314 0.033571 0.150979 -0.160389 0.167660 -0.027163 0.123266 0.009658 -0.096767 0.118409 0.472056 0.108788 0.097025 0.088858 -0.169884 -0.171743 -0.098886 -0.200394 -0.251728 0.163851 -0.015885 -0.238539 -0.256068 -0.247214 0.139166 -0.054388 -0.046566 -0.156417 0.212087 0.530080 -0.054418 0.077265 -0.095505 0.189047 -0.105253 0.220469 -0.086968 -0.118456 0.414823 0.383055 -0.026064
0.087589 -0.248163 -0.474738 0.064771 -0.163703 -0.348303 0.048535 0.042151 -0.261788 -0.271537 0.223471 0.171945 -0.376909 -0.254820 -0.077592 0.024047 -0.118334 0.187341 0.058771 -0.035549 0.250459 -0.270311 -0.020809 -0.043796 -0.137166 0.270548 0.109531 0.432149 0.091958 0.147534 0.000906 -0.228389 -0.399536 -0.039390 0.106467 0.035944 0.019270 0.245931 -0.000414 -0.110984 0.107141 -0.000798 -0.060294 -0.313326 0.141512 0.233438 0.288645
-0.001271 0.000009 -0.000321 0.000011 -0.000964 -0.000224 -0.000251 0.000554 0.000027 -0.000057 0.007043 0.000520 0.000052 0.000325 -0.000016 0.000063 0.000197 0.007380 0.000038 -0.000005 0.002806 0.000051 1.341062 0.019842 -0.000268 -0.000778 0.000249 0.002600 -0.000089 -0.000167 0.006135 0.001181 0.007205 0.000939 0.000495 0.000165 0.003296 0.000032 0.000085 0.000911 -0.000026 0.000331 0.000055 0.031168 0.000027 -0.001219 -0.000136
-0.051912 -0.062093 -0.216900 -0.022637 0.277703 0.035185 -0.049916 -0.176911 -0.020241 -0.064950 0.127905 -0.169771 -0.005043 0.312693 -0.207388 -0.111675 0.075399 -0.072286 0.008508 0.190566 0.213500 0.009564 -0.278367 0.146540 -0.160012 -0.042074 -0.143919 -0.317098 -0.317658 0.101133 -0.137369 0.103794 0.160998 -0.091763 -0.016539 -0.033511 0.109128 -0.196562 -0.458738 0.228654 0.105740 0.169977 0.044220 0.462249 -0.138496 -0.065799 -0.153500
0.006714 0.059628 -0.110734 0.100658 0.106862 0.456551 0.324000 -0.154689 0.436205 0.069557 -0.463562 0.078777 0.472957 -0.052141 0.146743 0.317265 0.292035 0.112110 -0.148171 -0.245381 0.153956 0.020037 -0.090516 0.109148 0.234961 0.086716 -0.116848 -0.280598 0.444870 0.102882 -0.057239 0.386020 0.046541 0.189309 -0.293387 -0.036380 0.179107 -0.211526 0.281635 0.048061 -0.159508 0.206640 -0.424239 0.067526 0.002033 0.303850 -0.189949
0.396185 0.030010 0.051788 0.181398 -0.175951 -0.044020 0.038595 -0.139752 -0.175164 -0.173240 -0.002020 -0.034328 -0.087357 -0.266100 0.287925 -0.508581 -0.165287 0.072229 0.208416 -0.259490 -0.128372 0.186280 -0.016029 -0.004862 0.097765 -0.143135 0.116995 0.187445 0.059145 0.325681 -0.121211 0.014386 -0.452367 0.221806 -0.141075 -0.029486 -0.108408 0.258564 -0.186958 -0.112850 0.301518 0.243887 0.022664 0.171067 0.150681 -0.219352 -0.319025
-0.000529 -0.000119 -0.002313 -0.001569 -0.001043 -0.000190 0.000056 1.484339 0.000941 -0.003084 0.000074 0.000007 0.000072 0.000144 0.000017 0.000534 -0.000015 -0.000013 -0.000276 0.000406 0.000005 0.000100 -0.000099 0.000068 -0.000457 -0.000370 0.000063 -0.000000 -0.000202 0.000506 -0.000001 0.000036 0.000016 0.000355 0.003443 0.000483 -0.000035 -0.000019 -0.000033 -0.000039 0.000055 0.000460 0.000012 0.001759 0.000204 0.000111 0.000403
-0.026563 0.124409 0.110851 0.098163 -0.158118 -0.029696 -0.145651 0.247456 0.281897 -0.002128 0.095155 -0.222379 0.153185 0.021130 -0.155458 0.250141 -0.011680 0.302295 -0.233588 -0.033791 0.140017 -0.105498 0.200699 -0.154863 -0.133192 -0.127698 0.281482 -0.183315 -0.006837 -0.053273 -0.100761 0.107493 0.199494 0.232976 -0.068987 0.290257 -0.114018 0.150156 -0.060251 0.147092 0.011874 -0.330233 -0.150422 0.354792 -0.250278 0.114838 0.132724
-0.128260 0.029642 0.162544 -0.171280 0.056429 -0.038726 0.024230 0.155640 0.198209 0.005998 0.028890 -0.062390 0.319818 0.086563 -0.131229 -0.019039 0.161683 0.457825 0.189285 -0.170625 -0.194622 -0.316658 0.200546 -0.021820 -0.179169 0.130611 0.268492 0.097406 0.062564 -0.133767 0.088335 -0.144468 0.076828 -0.134744 0.270480 0.217578 0.105148 -0.062806 -0.118773 0.045369 -0.453178 -0.084802 -0.005569 -0.128931 0.233935 -0.442321 -0.261731
