-0.339553 0.097639 0.000545 0.090498
0.170203 -0.104349 0.092124 -0.095509
0.144924 -0.290430 -0.034270 0.216065
-0.038868 -0.059026 0.038282 0.096063
0.210948 0.167046 -0.027076 -0.102832
0.210668 -0.078417 0.099409 -0.121886
0.057600 0.120647 -0.109009 0.177984
-0.176913 0.068227 -0.047123 0.122545
0.047989 0.048405 -0.105674 0.077117
-0.179295 0.134741 0.269332 0.165605
0.085117 0.071998 0.094320 -0.046720
-0.129223 -0.120491 -0.037890 0.158256
0.030251 -0.077592 -0.121155 0.096060
0.020068 0.007411 0.317887 0.207330
-0.019662 0.133649 -0.137034 0.130335
0.040957 -0.152242 0.078491 0.001114
-0.146560 -0.177122 0.092841 -0.011461
0.171838 -0.048444 0.046609 -0.111005
0.082770 -0.243489 0.196588 -0.015895
0.073491 -0.056366 0.131712 0.181781
0.021140 0.059555 0.150105 -0.070314
-0.042801 0.160147 0.072887 -0.129056
-0.093261 -0.029906 0.167784 0.020382
-0.084185 -0.162981 0.129264 0.093961
-0.019572 0.221102 -0.161678 0.081929
-0.091766 0.241423 0.223880 0.156054
-0.075042 0.018025 0.027031 -0.017377
-0.342299 -0.091514 0.045172 0.159424
0.031202 0.262936 0.123527 0.138352
-0.030671 0.067105 -0.078432 -0.091563
-0.059825 0.017330 -0.017627 0.055170
-0.065178 -0.050005 -0.054459 0.016242
0.019132 -0.071425 -0.100013 -0.006892
-0.052023 -0.282106 0.526564 0.062568
-0.014896 -0.098235 -0.007511 -0.112932
0.167883 -0.050916 0.047647 -0.166377
0.016435 -0.005384 -0.194130 0.042781
0.119085 -0.149445 0.015855 0.081771
-0.132702 0.036616 -0.162491 -0.085167
0.092906 -0.196733 -0.151180 -0.165807
-0.083338 -0.124423 0.106241 0.043579
-0.130849 -0.083416 -0.104261 -0.083733
0.049805 0.007367 0.038683 0.045573
0.034607 0.132239 -0.019918 -0.207627
-0.177874 0.021712 0.178428 -0.099083
-0.384253 -0.145366 -0.135191 0.114283
0.154384 0.006074 -0.122240 -0.222785
0.015316 -0.138503 0.039027 -0.012738
-0.014719 -0.035147 -0.033992 -0.101959
0.134432 -0.043251 0.228173 -0.072962
-0.147049 -0.226066 0.265626 0.090485
-0.126324 0.122040 0.122876 0.155939
0.069280 -0.103226 0.175524 -0.166680
0.144431 0.026282 -0.205268 -0.169450
0.112547 -0.056860 -0.077645 0.163843
0.241445 0.207631 0.199384 -0.189669
0.153222 -0.133900 -0.131534 0.066251
0.081801 0.053998 -0.002902 -0.093262
0.089593 0.128717 -0.163365 -0.118848
0.099932 0.119583 -0.012224 0.106433
-0.083955 0.144334 -0.043164 0.227984
-0.036202 -0.002315 -0.102768 0.042422
0.054826 -0.251618 0.063831 0.118223
-0.027441 -0.081666 0.207461 -0.069130
0.049637 0.183719 -0.147663 -0.218166
0.148263 -0.066333 -0.016015 -0.060942
0.034173 -0.012228 0.178030 0.061456
0.077481 -0.176097 0.116790 0.091348
-0.109436 0.037576 0.105186 -0.052115
0.082774 0.193425 0.076679 0.329016
-0.119311 -0.170852 0.251482 0.018688
0.026523 0.152717 0.116450 -0.113233
0.160956 0.021269 0.094202 -0.035638
0.391053 -0.109318 -0.042884 -0.122271
-0.017045 -0.005620 0.205963 -0.112277
-0.123891 -0.033058 0.057329 0.029380
-0.144165 0.143764 0.031809 -0.196058
-0.036700 0.382574 0.265463 0.108251
0.002619 0.055372 -0.154826 -0.037874
-0.205517 0.081778 -0.216070 -0.085655
0.104219 -0.097606 0.052091 0.283658
-0.377222 0.001646 -0.105226 -0.061796
-0.019895 -0.029825 -0.164100 0.133682
0.054335 0.096025 0.035404 -0.102084
-0.050993 0.113539 -0.002676 0.143132
0.108916 0.054962 0.073062 -0.038618
0.033448 -0.310300 -0.086325 -0.055193
-0.059392 -0.318052 -0.057879 -0.035261
-0.040572 0.188500 -0.001746 -0.078618
0.048718 0.052977 0.024549 -0.145036
-0.016643 -0.147601 -0.017842 -0.103907
-0.180678 -0.272618 -0.097140 0.195932
0.078162 0.055166 -0.111394 -0.134710
0.123476 -0.144294 0.089412 0.298292
0.227524 -0.150653 0.100271 -0.070402
0.147556 0.023092 -0.076753 -0.333623
-0.011595 0.315389 0.272786 -0.121643
-0.083420 0.036823 0.105625 0.097374
0.108947 -0.128085 -0.004432 -0.115888
-0.104359 0.071291 -0.017769 0.028726
0.022989 0.021330 -0.099077 0.063484
0.009495 -0.242476 -0.218013 0.116542
0.140767 -0.181307 0.045701 0.120406
-0.097386 -0.151070 0.233426 -0.094615
0.067139 0.051313 -0.141681 0.119353
0.007082 -0.042878 0.425855 -0.155040
0.087646 0.109930 0.046546 -0.139920
-0.074383 -0.221072 -0.018219 -0.099327
0.062469 0.008609 0.018268 -0.010404
0.209421 0.130052 -0.047231 -0.156056
-0.294555 -0.052670 0.118278 0.115097
0.056101 -0.118253 0.087208 -0.121681
0.094705 0.128208 -0.110103 0.027408
0.042373 -0.239031 -0.033363 0.088470
0.129627 -0.219935 0.163311 0.238557
-0.290098 0.028138 -0.006265 0.035611
-0.151060 0.202480 -0.083175 -0.089644
0.143846 -0.080155 -0.049806 -0.140915
-0.186532 -0.209050 0.010164 0.199107
-0.105316 0.088872 -0.013769 0.031310
-0.290382 -0.075169 -0.205404 -0.194849
-0.144373 0.157511 -0.135568 -0.162401
-0.105069 0.034376 -0.074218 0.011169
0.023776 -0.086152 -0.241363 -0.086904
-0.022332 -0.117677 0.218114 0.123148
-0.007601 0.046327 0.044777 0.264806
-0.063935 0.115329 -0.013781 -0.188045
-0.126675 -0.168080 -0.035417 -0.004971
-0.061531 0.035547 0.048848 -0.143483
0.033787 0.054976 -0.173536 -0.088370
0.078771 0.046019 0.061400 0.290058
0.095903 0.065439 -0.160774 0.195087
-0.299134 0.121878 0.046574 -0.023050
-0.116419 0.251355 -0.205459 -0.097737
0.205675 -0.194090 0.276925 -0.262632
0.129501 -0.118851 -0.197833 -0.061851
0.155055 -0.101731 -0.303915 0.172815
0.090147 0.160477 0.137954 -0.242821
0.000085 -0.078357 0.107729 0.018348
0.169611 -0.000846 0.005195 0.035634
-0.066845 0.020696 0.140963 -0.006846
0.131157 0.027742 -0.035720 0.016065
-0.175441 -0.196705 0.101572 -0.014365
0.090443 -0.121001 -0.060417 -0.124174
0.271750 -0.051465 0.053308 -0.056665
-0.046284 0.066982 -0.044302 -0.134145
0.061435 0.123518 -0.030428 0.182985
-0.315653 0.185822 0.075348 0.202123
-0.162276 -0.056513 -0.147059 -0.060608
0.057097 -0.108493 0.164749 0.156587
0.101573 0.195875 -0.077088 -0.208577
-0.146789 0.407975 -0.052778 0.085944
-0.157567 -0.200741 0.131355 0.007668
-0.140814 0.196725 0.026889 -0.200368
-0.013807 0.196984 -0.214821 -0.009187
-0.057965 -0.060034 -0.158811 0.030948
-0.151841 0.231142 0.060270 0.143793
0.053493 -0.021659 0.104811 0.019483
-0.149891 -0.127527 -0.312208 0.122901
-0.000212 -0.105616 0.139724 0.031201
-0.209217 -0.119953 -0.066810 -0.128205
0.131847 -0.229517 -0.031819 0.061762
0.268383 0.118395 -0.168049 0.214013
0.011440 0.063220 0.061488 -0.276694
-0.092062 -0.092915 0.109240 -0.015990
0.300028 0.125490 0.139170 0.025638
-0.029709 -0.142775 -0.084239 -0.007702
-0.342211 -0.059431 0.097032 -0.037722
0.007217 -0.217517 0.066047 -0.150177
0.136310 -0.114804 -0.164625 -0.084775
0.184112 -0.043375 -0.040354 0.014772
-0.081015 -0.156484 0.054233 -0.330256
0.187000 0.006551 -0.100263 0.034806
-0.049587 -0.080580 0.042944 0.064705
-0.047017 0.040320 -0.010415 -0.044700
0.289053 -0.152284 0.235679 0.060306
-0.177042 0.038686 -0.096376 -0.014341
-0.014601 -0.075855 0.221610 0.170923
-0.058477 0.131807 -0.205675 0.071762
-0.246164 -0.106399 -0.104036 -0.165193
-0.245833 0.016992 0.187949 0.036326
-0.004884 -0.014789 0.066983 0.134046
0.167234 -0.182123 0.013938 0.032781
0.205134 0.100877 0.072873 0.031977
-0.104943 -0.002130 0.079207 0.027182
-0.162037 -0.088247 0.032700 0.124317
-0.138164 -0.061064 -0.248558 -0.092214
0.034619 0.162495 -0.155672 0.233934
0.214617 0.179093 0.253375 -0.207221
-0.207049 -0.269120 0.264657 0.066643
0.190550 0.159960 0.233383 -0.123845
-0.071656 -0.317977 0.027611 0.051139
-0.075994 0.074211 0.153490 -0.023829
-0.000790 0.195557 0.068406 -0.142669
0.058262 0.203039 -0.136961 -0.092083
0.249872 -0.012261 -0.065804 -0.118153
-0.096379 0.140615 0.057347 0.118540
-0.122289 -0.247756 -0.215178 -0.256220
-0.001491 -0.125740 -0.047754 -0.123903
-0.062540 0.121669 0.140083 -0.046551
-0.051229 -0.198439 0.005698 -0.062180
-0.110297 -0.004094 -0.185967 0.104739
-0.249093 -0.036819 -0.019736 -0.280354
-0.029495 0.189696 -0.318255 0.074894
0.099013 -0.111982 0.036236 -0.015655
-0.041093 0.000231 -0.034340 0.033477
-0.001834 0.081618 0.038484 0.074913
0.170277 0.198245 -0.087490 0.125438
0.025038 0.234977 -0.166128 -0.416479
-0.251384 -0.186221 -0.397352 -0.183273
-0.128128 -0.076861 -0.054580 0.363278
0.144545 0.004510 -0.062877 -0.058193
0.078179 0.233218 -0.041917 0.156792
0.160804 -0.095765 0.098311 -0.112662
-0.055922 0.069739 0.002671 -0.388833
0.118735 -0.093579 -0.112674 -0.181116
0.130093 -0.156251 -0.058145 -0.092311
0.119640 0.100107 -0.087758 0.186565
-0.139598 0.035473 -0.129973 0.040170
-0.062213 -0.209877 -0.078955 -0.091024
-0.344024 0.040625 -0.232962 0.128460
-0.203769 0.102120 0.151327 0.032618
0.139206 -0.084486 -0.106833 -0.138398
-0.060603 -0.055415 0.126723 -0.210241
-0.121875 0.028241 0.062884 0.037478
-0.164417 -0.217647 -0.136183 -0.172772
-0.023006 -0.019443 -0.153318 0.119495
0.157161 0.372917 -0.001750 0.221443
-0.132847 -0.091589 0.225263 0.131622
-0.027896 0.150904 0.071212 0.221917
0.229018 -0.171716 -0.006921 -0.201343
0.026998 0.031505 -0.205593 -0.091558
-0.062810 -0.049819 0.079533 0.065872
0.205024 0.039931 -0.131300 -0.143159
-0.234618 -0.239143 0.024987 -0.140384
0.277097 0.040094 0.012452 0.095449
-0.136486 -0.015389 0.053062 0.281267
-0.185336 -0.142617 0.220475 -0.015093
-0.018127 -0.077470 0.052672 -0.363987
0.113604 0.040085 0.185984 -0.027834
-0.415427 -0.035016 -0.078091 -0.159096
0.250627 0.064033 0.055486 -0.107222
0.084041 0.075770 0.143515 0.083090
-0.158957 -0.045947 -0.069918 -0.149233
0.084731 -0.089035 -0.192251 0.096754
-0.125912 0.181546 0.073499 0.171119
0.059825 0.130230 -0.120390 -0.124971
0.146003 -0.059124 -0.067294 -0.000434
0.036322 -0.211342 0.080313 -0.268791
0.109329 -0.010141 0.199216 -0.036401
-0.301976 0.108892 -0.054493 -0.176888
-0.180903 -0.061161 0.067384 0.053183
-0.310460 -0.072452 -0.070468 0.046370
-0.147346 0.370671 0.105668 -0.297912
-0.114711 -0.194255 0.084470 -0.108268
0.001233 0.012690 0.031311 -0.182774
-0.134434 -0.058763 0.084757 -0.033050
-0.112818 0.065085 -0.014660 -0.202581
0.014019 0.103870 -0.215353 0.105803
-0.060509 -0.239066 -0.293028 0.047406
0.144023 0.194954 -0.138538 0.083770
-0.205524 -0.072946 0.029600 -0.036296
-0.092303 -0.047852 0.486630 0.153170
0.048302 0.283622 -0.259275 -0.032200
-0.261849 0.064826 -0.104065 0.177404
-0.057598 0.135938 -0.253501 0.075732
-0.101040 -0.271822 -0.107485 -0.276145
-0.114377 -0.208526 -0.072888 -0.119116
0.174793 -0.230810 -0.083457 0.007965
0.180803 0.098008 -0.010392 0.207397
-0.201321 -0.153688 0.055246 -0.261295
-0.120187 0.112189 -0.166881 0.023414
-0.310848 0.062132 -0.197122 -0.225832
0.173334 -0.048244 0.078210 0.222603
0.238871 0.152023 0.001489 -0.178114
0.200986 -0.073967 -0.148183 -0.002135
-0.125264 -0.068192 -0.056437 -0.060322
-0.218412 0.020099 0.226579 -0.129406
-0.003737 -0.077305 -0.289465 0.186797
-0.182913 -0.004528 0.010797 0.234497
0.198853 -0.017915 0.210135 -0.100684
0.129169 0.184400 -0.065152 -0.270728
0.321763 0.040443 0.012689 -0.057141
0.055999 -0.010213 0.111633 0.080754
0.150461 0.086557 -0.283390 -0.100883
0.033106 -0.043666 -0.052742 -0.103662
-0.035972 0.022447 -0.370322 0.392353
0.168246 0.117985 0.107212 -0.235394
0.017233 0.048320 0.102330 -0.031850
-0.174385 -0.013809 0.140706 -0.130792
0.056553 -0.190760 0.021156 -0.040760
-0.061897 0.147056 -0.112131 0.027763
-0.028625 0.094742 0.061830 0.147256
0.037297 0.181190 0.037390 0.023134
-0.123089 0.067703 0.110332 -0.131538
0.010049 -0.134177 0.088393 0.098060
0.017261 0.057589 0.120565 0.087036
0.256236 0.151221 0.064001 -0.046660
0.344071 0.052099 0.057802 -0.162680
-0.133236 -0.063843 0.064587 -0.024038
0.147454 -0.263392 0.018991 0.244351
-0.061164 0.147488 0.002125 -0.069630
-0.021297 0.110984 -0.113343 0.034884
0.225457 -0.038267 0.073159 -0.016684
0.011959 0.013959 0.177621 -0.135575
0.325567 0.146313 0.159862 0.059859
0.086773 0.155964 0.157279 -0.071474
0.250148 -0.115651 -0.142735 -0.062454
0.141183 -0.089373 -0.147428 -0.071160
0.328594 0.148755 0.041542 0.271522
-0.155188 0.141175 0.030042 0.195970
0.119606 0.170376 0.030469 0.020736
-0.404632 0.201133 0.222501 0.140355
0.198833 -0.054420 0.261244 -0.137631
0.058334 -0.169529 0.080894 0.024833
0.140115 -0.115590 -0.006798 -0.031608
0.052654 -0.101043 0.036475 0.000380
0.221770 0.192290 0.139736 0.036053
0.016842 0.136331 0.102424 -0.161308
-0.093213 -0.345289 -0.101199 0.147889
0.223802 0.069723 0.007013 -0.060010
0.187403 0.150329 -0.282826 -0.046890
0.199042 0.230456 0.295849 0.041717
0.067017 0.121088 0.113243 -0.176209
0.197835 -0.088718 -0.159001 -0.058301
0.123030 -0.316751 -0.009776 -0.209408
-0.055197 -0.160601 0.123628 -0.090954
-0.113871 0.008437 0.032030 0.029339
0.139075 -0.002570 0.065865 0.138879
-0.001506 0.066006 -0.062324 0.189803
-0.039989 -0.248877 -0.034211 -0.032439
-0.075940 -0.088948 -0.040250 0.063359
0.090347 0.115827 0.009275 0.089253
0.185822 0.021597 -0.192807 0.029543
-0.014993 0.123605 0.177171 -0.156350
0.002849 -0.177541 -0.051712 -0.054466
-0.154126 0.041339 0.009148 0.094954
0.217645 0.054873 0.008484 0.017713
0.312819 -0.109788 -0.195849 -0.237306
0.268510 0.052268 0.023313 0.039599
-0.108092 0.069399 -0.097138 0.152933
-0.241713 -0.150874 0.020371 0.220170
-0.001864 -0.136647 -0.038999 0.169659
0.065985 0.220333 0.146324 -0.000304
-0.053711 -0.052291 0.036109 0.161666
-0.195946 0.068075 0.186460 -0.142933
-0.041919 0.259782 0.055523 -0.190438
-0.059452 -0.120047 0.143990 -0.230503
-0.134934 -0.095383 -0.077545 0.042793
-0.016548 0.085350 0.292772 0.242696
-0.047743 -0.111665 -0.012924 0.064824
0.025883 -0.082054 -0.152294 0.172614
0.036927 -0.019287 0.037574 -0.010005
-0.241439 -0.185141 -0.177231 0.003189
-0.077362 0.087133 0.192935 -0.130727
0.066035 -0.089493 0.070618 -0.089356
-0.143494 0.059191 -0.298878 0.132136
-0.048065 0.003085 0.210400 0.075234
0.025399 0.063711 -0.105177 -0.018343
0.067762 -0.097581 0.059600 0.041114
-0.066696 0.099209 -0.013997 -0.058985
-0.295649 0.199251 0.053414 0.072173
-0.166751 0.072642 -0.134648 0.331553
-0.021591 0.107943 0.027402 -0.005332
0.034005 -0.062860 0.207946 -0.002873
-0.031795 -0.288653 -0.067777 0.043563
-0.154953 0.151239 0.079496 0.041258
0.113807 0.250404 0.159704 0.164864
-0.135688 0.016512 -0.152631 0.048341
0.438542 0.267532 -0.056887 0.038526
0.124212 0.001199 0.222295 -0.214123
-0.023214 -0.125033 0.153535 -0.167254
-0.032405 0.005833 -0.004240 0.182122
0.101883 -0.015502 0.235311 0.072610
-0.188149 0.033196 0.007171 -0.021723
0.068709 0.148572 -0.004945 0.198010
-0.015855 -0.022913 -0.018460 -0.031091
0.014605 -0.000738 -0.164275 -0.072093
0.103287 0.302009 -0.127139 0.069863
-0.085910 -0.134910 0.066724 -0.054907
0.162936 -0.032760 0.151909 0.146273
-0.150416 0.014128 -0.002427 0.073316
0.197554 0.438771 -0.215165 -0.108039
0.287580 0.115593 -0.242740 0.021757
0.022144 -0.018054 -0.030310 -0.112662
0.120523 -0.194390 0.001612 -0.047511
0.018175 -0.128450 0.140837 0.022718
0.023196 0.000645 -0.052057 0.068628
-0.258733 0.030792 -0.461618 -0.062757
0.042578 -0.067245 -0.078724 0.007300
0.084940 -0.011112 0.131302 0.000658
-0.072180 -0.114397 0.249072 -0.402436
-0.252051 0.212753 0.064231 0.124425
-0.075324 -0.049962 -0.033431 -0.186453
-0.093005 0.131216 0.103858 0.173129
0.135156 -0.055344 0.303487 -0.004779
-0.049495 0.030320 -0.041467 -0.173722
0.040658 -0.034283 0.030157 -0.072447
-0.102297 -0.068435 -0.023477 -0.135020
0.143668 -0.048478 -0.034762 0.037781
0.141399 0.026109 -0.065706 0.045366
0.138370 0.047068 -0.027677 0.080894
-0.037804 -0.061326 -0.020308 0.330448
-0.110452 0.192171 0.342194 0.012994
0.017519 -0.062827 -0.027386 0.147709
0.088868 -0.138363 -0.213077 -0.047365
-0.260476 -0.198332 -0.074717 0.138934
-0.330261 -0.098857 -0.031465 0.138955
-0.037330 -0.034223 0.092685 -0.077837
-0.173069 0.041202 0.226381 0.097811
0.041974 -0.073155 0.014788 -0.077448
0.142413 0.022527 0.183450 -0.189921
-0.183078 -0.103376 -0.280587 -0.022413
0.042392 0.057944 -0.041875 0.064520
-0.236528 -0.049750 -0.054661 -0.052264
-0.158293 0.136902 -0.115281 -0.060810
0.118132 -0.037555 0.060711 -0.014029
0.065765 -0.032811 0.225132 0.356803
-0.028673 0.111214 -0.174254 -0.182797
-0.102416 -0.025921 -0.058657 -0.006793
-0.079640 -0.004829 -0.139157 0.058567
0.066797 -0.171382 0.054912 -0.129224
-0.003368 -0.028393 -0.086811 0.109707
0.023483 -0.030395 0.115842 -0.076683
-0.094687 0.110760 -0.092104 0.065672
-0.024511 -0.060000 -0.428138 -0.137318
0.019730 -0.276979 0.058487 0.198226
0.190081 -0.273666 0.251950 0.031177
-0.086924 0.154926 0.003929 -0.168855
0.121501 0.099423 0.013867 0.210894
0.113728 -0.066959 0.078289 -0.236427
0.023723 -0.100130 -0.000584 0.128253
0.074004 0.137208 -0.078444 -0.113198
-0.254088 0.072032 0.058239 0.017783
0.091933 0.027466 -0.066697 -0.052209
-0.162182 0.133915 -0.186734 -0.203044
0.197732 0.005016 -0.193438 -0.139270
0.086136 -0.327536 0.072459 0.194772
-0.269436 0.256612 -0.204533 0.065862
-0.110945 0.113457 0.046468 -0.356650
0.121265 0.126965 -0.015858 -0.042247
-0.037010 -0.172138 -0.007251 -0.115835
0.096053 -0.197838 -0.163667 -0.103876
0.159942 -0.128523 -0.008693 0.072316
0.385085 0.072807 -0.058103 0.170617
-0.159978 -0.036211 0.013731 -0.026315
0.056638 -0.076499 0.168730 0.200943
-0.134410 0.060837 0.058912 0.163976
-0.162783 0.070495 -0.095262 0.104871
-0.068078 -0.021795 0.008190 0.023730
0.068563 -0.075786 -0.128480 0.218280
-0.129732 -0.177084 0.033286 0.155082
0.189843 -0.169190 -0.129994 -0.075083
0.128198 0.061099 0.003147 0.090983
0.176157 0.173381 0.106735 -0.023643
-0.148151 -0.100397 -0.129568 0.046427
0.111916 -0.202992 -0.202865 0.069719
-0.125029 0.150989 -0.304337 0.109439
-0.113513 0.086413 0.126557 0.271132
-0.018896 0.090778 0.076887 -0.133332
0.044604 0.054026 0.073858 -0.069902
0.286110 0.244414 -0.112909 0.272859
-0.025248 -0.097768 0.178413 0.035450
0.018339 -0.086482 0.084262 -0.058973
0.114748 -0.041393 0.094178 0.082255
-0.164356 -0.031060 0.076244 0.166517
-0.107918 -0.177453 -0.080355 0.063449
0.005878 -0.162511 0.115977 0.198154
-0.143973 -0.106780 0.017292 0.295310
0.206352 0.287883 0.001332 -0.154233
-0.160521 -0.068352 0.055849 -0.213510
0.297445 0.047476 0.021573 -0.027360
0.193468 0.053325 0.047272 -0.067816
-0.087645 -0.206634 0.025851 0.027984
0.019216 0.232173 0.049618 0.006017
-0.076605 0.136299 -0.037882 -0.144531
-0.269961 -0.002653 0.174998 0.052966
0.019487 -0.224059 0.073898 0.193229
-0.024214 0.142002 0.123749 0.045073
-0.067514 -0.023069 0.095543 0.154275
0.117651 0.157054 -0.360767 0.068570
0.288958 0.307188 -0.152781 -0.304552
0.140490 -0.019504 0.136075 -0.121248
-0.070444 -0.053188 0.006936 -0.102512
0.011832 0.110021 -0.006702 0.021124
-0.262293 0.289671 0.094795 0.248555
0.114521 -0.120051 -0.061738 0.262840
-0.154227 0.199052 0.262151 -0.187582
-0.122551 0.040444 0.154938 0.099684
0.050481 0.002545 0.033636 -0.267628
0.047391 0.017956 -0.235172 -0.002480
-0.009849 0.057689 -0.079331 -0.051743
0.305423 -0.198358 -0.215316 0.014411
0.254031 0.066487 0.109343 0.088227
0.195562 0.157403 -0.085169 -0.128236
-0.060755 -0.270499 0.108528 0.059301
-0.200647 0.031666 -0.139148 -0.027843
-0.219242 -0.088207 -0.133184 -0.287177
0.223678 0.199065 -0.005655 -0.071595
-0.057373 0.071034 0.034556 -0.109253
0.163993 -0.096656 -0.098663 -0.171056
-0.040057 -0.063111 -0.130839 -0.308556
0.014116 0.112714 0.088847 -0.325115
-0.122731 0.190414 -0.015023 0.205466
0.002700 -0.009898 -0.029793 -0.101768
0.060278 -0.128670 -0.177478 -0.223057
0.014891 -0.112140 -0.032838 -0.083076
-0.022448 0.081471 -0.210533 -0.031942
-0.045352 0.126952 0.146718 0.048289
0.163493 0.002178 0.108855 -0.126493
0.282464 -0.061468 -0.078075 -0.146768
-0.082603 0.129731 0.124332 0.196865
0.006143 -0.140004 0.014673 0.051772
0.010645 -0.028112 0.175028 0.091794
-0.065290 -0.025219 0.228299 -0.030420
-0.094650 0.312402 -0.004735 -0.007433
-0.124460 0.201960 0.136071 -0.045737
0.154928 0.185583 -0.142248 -0.144937
-0.082976 -0.040457 -0.111376 -0.051375
0.126411 -0.257136 0.134515 -0.059588
-0.025512 -0.063571 0.119974 0.077658
0.160970 0.107811 0.182563 -0.123389
0.017126 -0.256763 0.327727 0.024876
0.162067 0.108953 0.242518 0.025452
0.014544 0.031182 -0.082854 -0.061094
-0.095820 -0.022161 0.025213 0.043490
-0.042923 0.091732 -0.245048 0.074858
-0.132674 0.043968 0.044483 0.231058
-0.124960 -0.018029 -0.110160 -0.056362
-0.083333 -0.001122 -0.193568 0.121121
0.117913 0.161129 0.087373 0.007930
0.058745 0.161531 -0.139499 0.011067
-0.140023 0.005628 -0.120603 0.128912
0.104851 0.057514 0.088054 -0.089904
-0.104823 0.084645 -0.007211 0.047926
-0.050614 -0.248360 -0.079532 -0.040060
0.342931 -0.176722 -0.084585 -0.019054
0.010299 0.001965 0.162485 0.278372
0.180576 0.167144 0.065859 -0.340054
-0.032730 -0.175929 0.027258 0.096686
-0.113908 0.099645 -0.000383 -0.132693
-0.080911 -0.014001 -0.107060 -0.011370
-0.194122 0.017881 0.094074 -0.156197
0.021360 -0.015747 -0.330283 -0.470564
-0.006624 -0.088468 -0.093189 0.332629
-0.025353 -0.083026 -0.004256 -0.033630
-0.151762 0.025633 -0.046285 -0.074396
0.177574 -0.034690 0.314091 -0.028924
0.124332 0.070008 -0.068761 0.179733
-0.100356 0.042204 -0.002004 -0.348129
0.159749 0.279760 0.008448 0.018430
-0.181254 0.144269 -0.024721 0.060188
-0.092307 -0.273415 0.086193 0.160452
-0.183937 -0.125815 -0.092380 0.175072
-0.185371 0.107877 -0.017065 -0.077702
-0.101325 0.150658 -0.120018 0.096463
0.102336 0.075920 -0.107519 -0.041628
0.103675 -0.275540 -0.139105 -0.086688
-0.114416 -0.016629 0.150551 -0.024029
0.030355 0.089874 0.065922 0.121856
-0.028498 -0.103788 -0.148867 -0.019310
-0.121795 -0.108949 0.201182 -0.099661
0.250204 -0.151018 0.012188 0.046712
-0.068352 0.214041 0.016477 0.189196
0.233024 -0.079285 -0.183204 0.204433
0.016311 0.239455 -0.022405 0.207722
-0.244383 0.199584 0.009844 -0.204638
0.143394 -0.118101 -0.128770 -0.098206
-0.142967 0.174005 -0.139585 -0.363646
-0.068964 -0.193713 -0.038176 -0.165311
-0.026829 0.105168 -0.068134 -0.057718
0.132154 -0.126466 0.010759 0.029438
-0.044494 0.029827 0.062975 0.200407
0.112745 0.118569 0.122348 -0.280022
-0.289009 -0.093271 0.103470 0.103592
0.018197 -0.122773 0.165972 -0.029433
0.092216 0.280165 0.016951 -0.023258
-0.073686 -0.051551 0.109016 -0.135063
-0.152465 -0.031053 0.045041 -0.111655
-0.081873 -0.032910 0.001626 -0.068304
0.150898 0.050738 -0.080395 0.090887
0.076613 0.008160 -0.044558 0.082559
0.012703 0.134275 0.055870 -0.003836
0.205333 -0.132760 0.144269 -0.177514
-0.158067 0.060872 0.194231 0.378411
0.051374 0.147192 -0.177405 -0.211449
0.043228 0.278451 -0.040395 -0.006805
0.129803 0.022696 0.057026 0.097838
-0.337027 0.195217 0.111772 0.320426
-0.067334 0.034171 0.032435 -0.119781
-0.011423 0.113657 -0.003055 0.049914
0.125138 -0.034277 -0.074459 -0.224904
0.034550 0.005675 0.031855 0.149795
0.079657 0.089925 0.205148 0.123989
0.072432 -0.009918 -0.093859 -0.120345
0.121891 -0.025743 -0.026761 0.197668
0.114040 0.067816 0.197081 0.087578
0.236444 -0.026667 -0.184236 -0.205755
-0.200702 -0.108042 0.346745 -0.050934
0.055319 0.205895 0.077816 -0.039714
-0.088172 0.020736 -0.060857 0.248095
0.040415 0.078889 -0.044483 -0.056863
0.166823 0.101613 0.086880 0.100930
-0.038872 0.070021 0.071135 0.047281
-0.178165 -0.043942 0.051288 0.239579
-0.056068 -0.138857 0.085185 0.100878
-0.139070 -0.026209 0.190913 0.062146
0.110355 0.181883 -0.002624 0.047466
0.196716 -0.132841 0.172436 -0.042301
-0.106300 0.162099 0.035289 -0.201039
-0.086509 -0.022090 -0.196378 -0.154143
0.188835 -0.133998 -0.210077 0.093999
-0.035029 0.029708 0.199274 -0.044321
-0.108710 -0.033973 -0.099607 -0.193589
-0.037689 -0.230006 -0.049569 -0.270143
-0.333892 0.078830 -0.119466 -0.113538
0.036122 -0.075245 -0.138062 -0.036085
0.015397 0.028690 0.033391 0.108873
-0.010789 -0.163557 0.078546 -0.109746
0.103418 0.141766 -0.065120 0.056494
-0.224665 -0.245671 0.120740 0.124952
-0.002652 0.129385 -0.022182 0.125768
-0.023954 -0.025231 -0.102803 0.087532
0.244614 -0.177421 0.067718 0.129600
0.064202 0.155102 0.328000 0.070820
0.007600 0.016097 -0.155984 0.193179
0.054179 0.172565 -0.009948 -0.075425
0.172096 -0.073083 -0.000519 -0.027456
0.242439 -0.102479 0.055153 0.228832
0.152207 -0.175143 0.049951 0.061107
-0.001974 0.200441 -0.070976 0.390337
-0.157689 -0.171637 -0.176449 -0.026417
-0.059786 0.179952 0.101092 0.322410
0.030779 0.003652 0.043889 -0.090062
0.104873 -0.003199 0.370519 0.015937
0.096544 0.003876 0.374986 -0.152373
0.101615 -0.174161 0.034655 -0.263977
-0.103562 0.113898 0.037267 -0.003244
-0.093151 -0.071707 -0.155065 0.235209
-0.034303 0.003880 -0.049613 -0.022457
-0.069361 -0.183271 0.020242 -0.042392
0.233110 -0.001244 -0.049533 -0.012402
-0.090353 -0.100519 -0.009891 -0.020336
-0.125256 0.131707 -0.131179 0.262424
0.375194 0.156514 -0.214634 0.115279
0.140429 0.275160 0.149981 0.220796
0.323649 -0.036278 0.142382 0.058038
0.005439 -0.056066 -0.022034 0.128572
0.304903 0.034978 0.109366 -0.020245
0.004657 0.083156 0.031135 -0.083107
0.006453 0.107182 -0.307935 -0.030767
0.290699 -0.048500 0.399661 -0.089459
0.127097 -0.143167 -0.093459 -0.160988
-0.001254 -0.151527 0.300396 0.106314
-0.006963 0.079786 0.086321 0.208725
0.263037 0.183495 0.094415 0.072299
-0.083369 0.002689 0.376811 -0.024946
0.024773 -0.137187 0.053802 -0.130810
-0.219208 -0.003505 0.165277 -0.221460
-0.133435 0.084832 -0.204944 -0.028354
0.205680 0.161726 -0.133375 -0.113983
0.224870 -0.052210 -0.224668 0.116336
-0.077896 0.013747 -0.233302 0.013994
0.216993 -0.006610 -0.103067 -0.057685
-0.168541 0.145270 0.089132 -0.080103
0.048155 0.116247 -0.042337 -0.056853
-0.080198 -0.056607 -0.276939 -0.349931
0.048030 -0.175709 0.116094 0.127011
0.039743 0.061290 -0.134324 0.048845
-0.204704 -0.033166 0.173892 0.183626
-0.080087 -0.106601 0.081458 0.057239
0.113803 -0.011792 -0.214595 0.099363
