0.329710 -0.174686 0.090695
-0.007821 0.076764 0.139479
0.087783 0.019998 -0.120811
0.021045 -0.111806 0.133957
0.119603 -0.187896 -0.010429
0.098756 0.136165 -0.021650
0.063111 -0.027251 -0.049595
0.021689 -0.048528 0.025131
0.043487 -0.070676 0.074613
0.202771 -0.227608 -0.270343
0.001204 -0.160594 0.218724
-0.289503 -0.149153 -0.100048
0.334281 -0.069527 0.061428
-0.090302 -0.220268 -0.006863
0.262960 -0.130109 0.002220
0.446945 -0.480062 -0.065056
0.451826 -0.329281 0.269571
0.501152 -0.361877 0.290484
0.355079 -0.274285 0.483536
0.234340 -0.262540 0.495746
0.034769 -0.186619 0.397701
-0.062909 -0.269579 0.533187
-0.360627 -0.069573 0.318335
-0.266816 -0.505953 0.149670
0.199465 -0.208339 -0.064689
-0.149459 -0.152254 -0.104978
-0.194823 -0.001129 -0.104433
0.001875 0.105735 0.049978
0.027810 0.072433 0.170929
0.093074 -0.116918 -0.293363
-0.185011 0.034829 -0.068688
0.029650 -0.037281 0.144790
-0.177481 0.063866 -0.091774
0.050724 0.012547 -0.059582
0.058886 -0.053668 0.010960
-0.100079 -0.107602 -0.068616
-0.072267 0.015305 -0.224253
0.005627 -0.039277 0.097594
-0.320309 -0.074309 0.155107
-0.343250 -0.237399 -0.338887
-0.298193 -0.004668 -0.127198
-0.485256 -0.331476 0.218001
-0.144001 -0.361277 -0.066801
-0.325667 -0.173563 0.271712
-0.418924 -0.348220 -0.007973
-0.050597 -0.294043 -0.094758
-0.308455 -0.537907 -0.251245
-0.213387 -0.270003 -0.496789
-0.008404 0.076524 -0.085796
-0.065880 0.078191 0.185238
-0.123576 0.074837 0.069084
-0.044710 0.059257 0.136980
0.097640 -0.002632 0.047931
0.078882 -0.027907 0.047780
0.013866 0.175516 -0.080251
-0.011284 0.001431 -0.061246
0.190538 0.215879 0.095988
0.110811 -0.109611 0.177032
-0.086784 -0.078507 -0.209151
0.303877 -0.087836 0.014463
-0.165028 0.014891 0.059905
-0.091848 0.088963 0.121433
-0.111057 0.024619 0.165650
-0.044440 0.128118 0.030655
-0.071890 -0.198420 -0.014779
-0.194015 -0.040955 -0.134630
-0.319367 -0.126397 -0.232081
-0.386820 0.061422 -0.486302
-0.294396 -0.345547 -0.507806
-0.360137 -0.036715 -0.561168
-0.423378 -0.410969 -0.707851
-0.517383 -0.498199 -0.461543
0.188228 0.163322 -0.097706
-0.060733 -0.321174 0.011183
-0.007239 0.077174 0.017115
0.281936 0.052630 0.265507
0.071634 -0.152547 -0.038779
0.217840 -0.331881 -0.332434
-0.007907 0.047974 0.038898
-0.089295 -0.074328 -0.073319
-0.020456 0.133547 0.055320
-0.141314 -0.207205 0.053325
0.002586 0.007126 -0.062839
-0.101918 0.145895 0.144010
0.070191 -0.044445 0.065738
0.106409 -0.234191 0.058942
0.130031 -0.350978 0.131934
-0.004192 -0.155896 -0.686990
0.078116 -0.098721 -0.485457
-0.330190 -0.107199 0.203747
-0.931534 0.222167 0.295715
-0.056959 -0.082401 0.281396
-0.075391 -0.134759 0.169314
0.483615 0.136517 -0.305904
0.064658 -0.175116 -0.068349
0.130277 0.231227 -0.558994
0.243529 -0.200106 0.321155
0.017251 -0.053407 -0.187734
-0.019193 -0.085720 -0.156275
-0.286818 -0.038815 -0.169949
-0.260167 0.100958 0.322297
-0.183972 0.235858 0.019873
0.006076 -0.194914 0.124748
0.059510 0.077901 0.064646
0.163739 -0.138257 -0.143029
-0.015233 0.132100 -0.136085
0.083903 -0.036479 -0.032650
-0.194488 0.155749 0.052603
-0.122231 -0.019596 0.051423
-0.186559 -0.396092 0.324339
0.164527 -0.255065 0.101152
0.546655 0.109544 -0.425607
0.153076 0.283704 -0.791227
-0.368805 0.092200 -0.181233
-0.545253 0.009496 0.250644
-0.113263 -0.239739 0.454600
0.330038 0.171351 0.138734
0.376442 -0.213223 0.030590
0.277612 0.189515 -0.077154
0.134657 -0.198280 -0.307497
0.306213 -0.321248 0.150870
0.113364 -0.188089 -0.212966
0.012610 0.010568 0.083151
0.202311 -0.120052 -0.044119
0.083595 -0.056305 -0.050694
0.002954 0.110505 0.014366
-0.032185 -0.054358 -0.113808
-0.051344 0.123136 -0.128949
0.070093 0.089445 0.126454
0.042541 0.181109 0.244463
0.194899 0.257195 -0.158076
-0.179728 0.157340 -0.224949
-0.024624 0.144458 0.148195
0.094448 -0.715878 0.308019
0.306339 -0.070060 0.074892
-0.012101 0.218356 -0.931147
-0.042076 0.312326 -0.250229
-0.830781 0.285620 -0.187939
-0.633876 -0.040495 0.207134
0.202982 -0.055453 0.582124
-0.075641 -0.196728 0.195977
0.302956 0.007671 -0.191334
0.198647 0.008477 -0.310077
0.093365 -0.221131 -0.376329
-0.085369 -0.299707 0.271954
-0.141893 -0.351038 -0.108165
-0.060299 -0.078769 -0.199656
0.015315 -0.386013 -0.334632
-0.143745 -0.193213 0.016738
-0.067402 -0.115310 -0.193594
0.056026 0.027886 -0.094741
0.163147 -0.101314 0.028129
0.130242 -0.264955 0.218287
0.231229 -0.014462 -0.053182
-0.007218 -0.207779 0.109247
-0.099790 0.083570 -0.001962
-0.074215 -0.196634 -0.036291
-0.110755 -0.033574 0.061015
-0.027544 0.115093 0.068532
-0.438045 -0.059499 0.206315
-0.167656 0.061148 -0.014166
-0.409605 0.074412 0.177362
-0.436597 -0.129970 -0.042903
-0.429873 0.052349 0.255060
-0.173725 0.079414 -0.060528
-0.065228 -0.003063 0.319916
0.015133 0.209671 0.347758
-0.179361 -0.175588 0.412265
0.238051 -1.017087 -0.132137
-0.141296 -0.491797 -0.001315
0.012141 -1.045155 -0.233184
-0.222460 -0.684474 0.157816
0.273318 -0.501095 -0.153836
-0.098177 -0.299490 0.260943
0.059696 -0.285979 -0.116477
-0.050562 -0.080455 0.012885
-0.287190 0.026993 0.007619
-0.024442 -0.069836 0.125072
-0.161144 0.153839 0.239636
-0.201972 -0.039174 0.061970
-0.054391 0.042940 0.125631
-0.379289 -0.120893 0.293252
-0.041733 0.247768 0.092484
-0.113483 -0.129050 0.183984
-0.217344 -0.007788 0.276685
0.014845 -0.249897 0.549301
0.388055 0.339256 0.379617
0.170978 0.013704 0.162002
-0.067645 -0.124050 0.327589
0.249056 0.118926 -0.125685
0.277070 0.084014 0.178854
0.044899 -0.147797 0.190785
0.069494 -0.401064 -0.427615
-0.246691 -1.053262 -0.522897
0.157084 -0.631984 0.031501
-0.122855 -0.873370 0.001413
0.019213 -0.439129 0.074995
-0.064391 -0.532702 -0.279430
-0.018800 -0.158104 0.075464
0.095362 -0.411184 0.107560
0.152654 -0.040236 0.083311
0.273703 -0.334361 -0.011285
0.092296 0.073310 -0.001983
0.443103 -0.106858 0.127632
0.111377 -0.126885 0.231247
0.316028 -0.048080 0.048967
0.299721 0.034926 0.176983
0.307915 0.144834 0.287199
0.435385 -0.010098 0.248170
0.441248 0.007179 0.421006
0.008003 -0.213580 0.220269
0.115705 0.248544 0.320459
0.291763 0.006685 0.249321
-0.164754 -0.072108 0.211880
0.117451 0.205217 0.097362
0.208051 0.108762 0.704357
-0.169866 0.088097 0.132374
0.427770 0.283706 -0.047559
0.752172 -0.073663 -0.011091
0.001951 0.050395 -0.089064
0.169353 0.123869 -0.213325
-0.175008 0.450927 0.048942
-0.289518 0.473993 -0.017326
0.161687 0.047192 0.248085
-0.321837 0.059993 0.001452
-0.019907 -0.233620 0.041269
-0.052320 -0.489830 -0.000500
0.440542 -0.393782 0.087896
0.098672 0.206988 -0.382343
-0.012592 0.045650 0.114481
-0.075980 0.064329 -0.141162
-0.008468 0.048340 0.192373
-0.040800 -0.179334 0.198758
0.167114 0.136985 -0.014600
-0.087885 -0.094266 -0.500762
-0.094603 0.172433 0.296226
-0.047151 -0.104571 0.136870
-0.096475 -0.003453 -0.024248
-0.184736 -0.185336 0.144848
0.213339 -0.136022 -0.548850
0.076054 0.027581 -0.000927
0.117625 -0.305665 -0.267071
0.498616 0.302429 0.042878
0.502559 0.068061 0.231056
0.146693 -0.007142 -0.219761
0.004567 0.122160 -0.114680
-0.211061 0.106110 -0.065512
0.363961 0.100198 -0.034010
0.002383 0.081200 0.085530
-0.252331 -0.044434 0.029496
-0.436042 -0.148606 0.236268
0.054910 -0.265050 -0.145343
0.018015 -0.255297 0.022306
-0.103732 -0.024434 -0.121392
-0.092803 0.188005 -0.003053
0.178769 0.073014 -0.149520
-0.108236 -0.205985 0.054727
0.130908 -0.291981 0.055569
-0.121000 -0.013638 0.162879
0.154134 0.127769 -0.188799
-0.014908 -0.046432 0.004639
0.027616 0.199268 -0.054181
0.365886 0.004685 -0.155518
0.283290 -0.460300 -0.212754
-0.660208 0.170822 0.191075
0.060504 0.241377 -0.167534
0.092294 0.212162 0.018174
0.519588 -0.086334 0.355861
0.416792 0.024409 0.565825
0.343887 -0.293115 0.186958
-0.112877 0.168702 -0.245195
0.216895 0.412435 -0.168237
0.344053 0.450313 -0.238998
0.219237 0.131938 0.006878
-0.126167 0.008195 0.156891
0.112155 0.025486 0.245573
-0.051840 -0.309225 0.105300
0.168218 0.074677 -0.048989
0.129940 0.114392 0.072706
-0.013244 -0.002263 0.027894
0.088656 -0.142644 -0.075847
-0.122828 0.023535 -0.103968
0.148856 0.029862 -0.165832
0.005954 0.078091 0.169063
-0.095837 -0.102496 0.043542
0.105957 0.404689 0.013958
-0.100716 -0.132338 0.359165
0.083109 -0.012979 -0.012896
0.370909 -0.202327 0.544385
0.472598 0.049083 0.251869
0.348621 -0.313903 0.028450
0.246246 -0.086101 0.067143
0.025977 -0.417546 -0.056957
0.248943 -0.118092 0.276679
0.303348 -0.126012 -0.089771
-0.021625 -0.060783 0.022700
-0.037152 -0.134073 -0.156717
-0.084968 0.119048 -0.079645
0.075890 -0.115231 -0.166144
0.146212 0.097440 -0.160380
-0.121870 0.022240 0.240047
0.084019 0.165669 -0.000585
0.136493 -0.130891 -0.308224
0.214661 -0.111886 -0.003204
0.006272 -0.320874 -0.017598
0.025502 -0.392154 0.065766
0.156138 -0.960118 -0.271514
0.183216 -0.934049 0.096139
0.309361 -0.354243 0.057351
0.134265 -0.689560 -0.131580
-0.136762 -0.159182 -0.263539
-0.003145 -0.259026 -0.044687
-0.138247 0.070301 0.755432
-0.270612 -0.194298 0.039285
0.003355 -0.032320 0.411955
-0.189163 -0.125760 0.026424
-0.356367 -0.104421 0.112432
-0.107238 -0.048872 -0.402505
-0.105155 -0.200303 0.103915
-0.431522 -0.274948 0.399522
-0.010679 -0.295648 0.215396
0.134362 -0.153515 -0.042446
-0.039789 0.215676 -0.019696
-0.096656 0.292347 0.136904
-0.232176 0.048849 0.156907
-0.050287 0.049594 0.100478
-0.078272 0.287024 -0.147560
-0.077652 0.426750 0.107814
-0.401704 -0.167213 0.012056
-0.242734 -0.908213 -0.163300
-0.370910 -0.229791 0.080682
0.013308 -0.142741 0.065011
0.010354 0.277715 -0.207663
0.124384 0.147814 -0.064032
0.113521 0.003313 0.190324
0.228497 -0.021941 -0.361834
-0.184324 0.067662 0.160676
-0.014943 -0.057220 0.579887
-0.155487 0.206326 -0.315801
0.224096 0.080559 0.223997
-0.085048 0.011638 0.030788
-0.299264 -0.060998 0.135369
-0.285343 0.114113 0.147043
-0.585133 -0.208125 0.099167
-0.540327 -0.069284 0.328507
-0.088768 0.203976 0.025162
-0.460437 0.468525 0.062837
0.004471 0.262323 0.009571
-0.257217 0.166430 0.070022
0.249533 0.179145 0.229334
-0.370252 0.140969 0.086752
-0.171667 -0.342044 -0.133727
-0.302121 -0.734469 0.058184
-0.253617 -0.831491 0.274612
-0.244692 0.157056 -0.156777
-0.092762 0.080789 -0.171545
-0.367025 0.331053 -0.084178
-0.007071 0.427444 -0.133438
-0.019711 -0.061906 -0.183208
0.092285 0.246328 -0.215896
0.075331 -0.378194 0.030588
0.158778 -0.160002 0.363490
0.222031 -0.068049 0.090796
0.500607 0.181918 -0.202170
0.253668 -0.059299 0.053164
-0.008038 0.018763 -0.104285
-0.269454 0.635692 0.008484
-0.806880 0.076578 -0.000364
-0.639047 -0.218564 0.016877
0.258960 -0.430532 -0.263402
-0.140204 -0.240539 -0.351972
0.227258 -0.130911 0.059975
-0.048576 -0.207159 -0.313979
-0.183616 0.001014 0.207630
-0.135316 -0.066115 0.200111
-0.367006 0.278074 0.165486
-0.551585 -0.101412 -0.161366
-0.324269 0.196685 0.225349
-0.164942 0.046002 -0.181535
-0.027277 0.113423 -0.631082
0.028174 0.235445 -1.104304
0.082992 -0.143453 -0.887046
-0.085570 -0.021897 -0.683414
0.337087 0.295043 -0.183136
-0.559984 -0.288971 -0.061492
0.192215 -0.109994 0.100351
0.029404 -0.037683 0.102181
0.305139 0.006698 0.044048
0.123650 -0.003509 -0.065443
0.136733 0.102824 0.052698
-0.425241 0.216728 0.037975
-0.690688 0.134553 0.161811
-0.390686 -0.541611 -0.115976
-0.132114 -0.730633 0.127794
0.090197 0.027268 0.044417
0.045589 0.082189 0.215715
0.083295 0.114950 0.017366
-0.018700 -0.021287 0.057346
-0.125465 -0.195371 0.188625
-0.517998 -0.079699 0.068009
-0.413059 -0.043289 0.222862
0.199638 0.071168 0.015680
-0.169654 -0.016589 -0.246422
-0.052895 0.011121 -0.635258
0.021477 -0.019749 -0.961611
0.030715 0.115362 -0.667575
-0.165746 0.089785 -0.242414
-0.135718 0.024485 -0.290112
-0.479856 -0.213431 -0.150363
-0.062055 -0.297049 0.186182
0.160595 -0.193264 0.138523
0.671653 0.039500 0.053176
0.497344 -0.075528 -0.072957
0.230857 0.344254 -0.018762
-0.187660 0.275635 -0.004418
-0.393973 0.010056 -0.047766
-0.390406 -0.237003 -0.045417
0.005870 -0.369054 0.067932
0.010592 0.252613 -0.011725
0.167274 0.154589 0.200849
0.321427 -0.169315 0.079762
0.068630 0.016997 0.194396
-0.231707 0.065733 0.105922
-0.245601 0.005206 0.003313
-0.309772 0.095763 -0.100887
-0.409512 -0.070416 -0.603425
0.409043 -0.074296 -0.699736
-0.346813 0.156031 -1.373147
-0.012597 -0.070663 -0.801755
-0.020840 0.240533 -0.260296
-0.036538 0.048050 0.254686
-0.232775 0.127292 0.168910
0.280248 0.162158 -0.686284
-0.272235 -0.426350 -1.036721
-0.489279 -0.361492 -0.606921
-0.531096 -0.066116 -0.252993
-0.439434 0.180592 -0.079616
-0.696844 0.117516 0.237970
-0.555437 0.404335 0.100165
-0.573363 0.115955 0.265407
-0.378141 0.018672 0.193866
-0.153549 -0.080063 0.273947
0.032813 -0.350234 -0.183118
-0.154668 0.172799 0.149666
0.068184 -0.022096 -0.155135
0.147436 -0.073093 -0.180151
-0.058564 -0.131076 -0.024895
0.067569 -0.025286 -0.113087
-0.050173 -0.129715 -0.220994
0.410156 -0.326974 -0.102937
0.240804 -0.238593 0.005953
0.190963 -0.193723 -0.277654
0.584181 0.050254 -0.167183
0.385454 -0.103984 -0.052127
0.122593 -0.054547 -0.273672
0.115742 -0.010492 -0.071061
-0.024413 0.181050 -0.313833
-0.360634 0.149227 -0.256888
-0.267820 0.028028 -0.723781
-0.392624 -0.097874 -0.372105
-0.483081 -0.147181 -0.185629
-0.486676 -0.037668 0.012560
-0.425002 0.103218 0.004976
-0.711821 0.156152 0.325650
-0.859066 0.240363 0.173652
-0.695251 0.029375 0.344220
-0.618230 -0.032031 0.290890
-0.837846 0.076708 -0.069244
-0.496872 -0.306151 0.088132
-0.464690 -0.101658 -0.176776
-0.618127 -0.183912 -0.172726
-0.033311 -0.168748 -0.153563
-0.017595 -0.227430 -0.159425
0.275071 0.004227 -0.159878
0.266564 0.122712 -0.167557
0.278927 -0.027512 -0.056423
0.308652 0.033421 -0.214276
0.037056 -0.173103 -0.153960
0.352576 0.258132 -0.089197
0.353306 -0.203109 -0.159661
0.238380 0.241387 -0.503691
0.050113 -0.084479 -0.245774
0.227031 0.025143 -0.111637
0.221778 -0.520747 -0.188174
-0.042585 -0.099044 -0.452548
0.336014 -0.146299 -0.529004
0.000552 0.010262 -0.481053
0.199263 -0.033758 -0.009283
-0.188256 0.097501 -0.192328
-0.437066 0.040705 -0.033067
-0.607509 -0.190525 0.119148
-0.504412 -0.095855 0.146243
-0.487285 -0.155249 0.105765
-0.586623 -0.015119 -0.149040
-0.380020 0.121658 0.092917
-0.079446 0.148456 -0.138692
0.287107 -0.095957 -0.007906
0.186695 0.152104 0.070551
0.225346 0.066361 -0.210429
0.000828 -0.169857 0.086817
0.188166 -0.067560 -0.007837
0.066940 0.167544 -0.013894
-0.226241 -0.213827 -0.194925
0.127521 -0.020537 -0.081737
