-0.130465 0.239329
0.304200 0.107189
0.217301 0.000877
0.012270 0.047899
0.130372 0.088970
0.099668 0.206878
-0.096938 0.145685
0.009730 -0.146690
-0.104591 -0.012511
-0.105966 -0.179402
0.097516 0.102595
0.143413 -0.023168
-0.111404 0.247385
-0.131549 -0.011467
-0.327881 -0.213872
-0.189804 0.079079
0.204502 -0.167505
-0.385057 0.356794
-0.026072 -0.184379
0.093468 0.038830
0.035011 -0.551782
-0.419109 -0.170066
-0.088949 -0.385668
-0.049388 -0.173763
0.201416 -0.025705
-0.140970 -0.016927
0.113787 0.094324
-0.222088 -0.065285
0.019256 -0.011389
-0.198993 -0.137974
0.284456 0.157096
0.226471 0.113716
0.028174 -0.303429
0.142096 0.164627
0.019834 -0.601081
0.214603 0.003434
-0.314882 0.237359
-0.212814 -0.075757
-0.306482 -0.199637
0.178259 -0.218582
-0.056768 0.041132
0.306561 -0.150328
-0.261932 -0.208324
-0.025759 -0.033133
-0.361877 -0.204631
-0.060032 0.162604
0.078660 0.457465
-0.027886 0.053146
0.005891 -0.002115
0.098730 -0.055673
0.101577 -0.347559
0.076768 0.011645
-0.306653 0.070697
-0.254608 0.105284
-0.134917 0.072871
0.062618 0.091895
0.023020 -0.235187
0.237994 -0.052637
-0.143621 -0.098527
0.121599 0.074080
0.104649 0.340728
0.201452 -0.087425
-0.177502 0.080630
0.446121 0.229485
-0.132646 0.083250
0.231050 0.341475
-0.011023 -0.418716
-0.276210 0.197914
-0.001998 0.077988
-0.326260 -0.014293
0.030681 -0.083398
0.215169 -0.246644
-0.328259 -0.213659
0.143517 0.177868
0.021582 0.359555
0.052847 0.011352
-0.059373 -0.114626
0.088855 -0.212695
0.161586 0.014932
-0.066575 0.054069
-0.129117 -0.133004
-0.205952 0.114102
0.550336 -0.255278
-0.300411 0.085364
0.140041 0.092847
-0.275756 -0.181633
-0.007987 0.004339
-0.253533 -0.134785
-0.098622 -0.064043
-0.036779 -0.208711
-0.067529 0.341930
0.123087 -0.308900
-0.326327 0.033429
-0.128947 0.086051
-0.210323 0.118626
-0.018433 0.188753
0.203112 0.120724
0.202172 -0.012590
0.231941 0.021641
0.006649 0.178212
-0.215326 -0.001020
-0.326021 -0.035055
0.116379 0.042322
0.334931 -0.298370
0.044878 -0.158335
0.176330 0.098055
-0.014196 0.286200
-0.087017 -0.299530
0.133458 -0.060966
0.156174 -0.136544
0.123991 0.149719
0.094369 -0.199487
-0.211281 -0.251072
-0.382369 0.128663
0.333304 -0.279298
-0.030609 0.047666
0.192165 0.473743
0.214026 0.278322
0.228441 -0.192363
0.004520 -0.121275
-0.190154 -0.034847
-0.236115 0.118885
0.344237 0.036926
0.482944 -0.101519
-0.060092 -0.261966
-0.072684 -0.257605
-0.204999 -0.242985
-0.057186 -0.143528
-0.425878 -0.102707
0.148188 0.018038
-0.131690 -0.098350
0.108883 0.529930
0.151073 -0.032487
-0.099168 -0.166132
0.255608 -0.042623
-0.040575 0.037290
0.471415 -0.191590
-0.195209 0.022494
-0.254382 0.169461
0.252270 -0.069643
0.157167 -0.135127
-0.336552 0.104562
-0.385137 0.251620
-0.030458 0.292263
-0.220680 -0.277583
0.315703 -0.324199
-0.312373 -0.208050
-0.068436 0.078834
0.131757 0.166153
0.064501 0.385669
0.333119 0.072448
-0.089158 -0.337232
-0.108299 0.034802
-0.044187 -0.297142
0.269632 0.104858
0.076759 -0.324308
0.096137 0.225891
0.181392 -0.239734
0.017281 0.316614
-0.225032 0.142787
-0.144225 0.133368
0.179125 -0.005994
-0.348326 -0.140277
0.130755 0.204822
-0.279859 -0.333581
0.278020 0.034772
-0.091751 -0.104324
0.049246 0.113788
0.098005 0.095474
0.226496 -0.102912
0.524931 0.004404
-0.090160 -0.185526
-0.056149 -0.323782
0.013482 0.257959
0.197495 0.074599
0.073595 0.108690
0.389064 0.168881
0.065468 0.027710
-0.089383 0.304293
0.094469 -0.261624
0.009496 0.195268
-0.045026 -0.479563
-0.218141 0.301539
-0.040227 0.029668
0.039132 0.063428
-0.055997 0.046034
0.210777 -0.044477
0.023871 -0.059289
0.332002 0.202071
-0.032745 0.222325
0.179809 -0.154066
-0.231178 -0.073467
0.108670 0.170627
0.006508 0.019894
-0.119983 -0.124971
0.132443 0.447153
0.182508 0.288645
-0.146984 0.129411
-0.142710 0.086187
-0.157803 -0.270253
0.062115 0.011155
0.163668 0.141996
0.023641 -0.035611
0.307213 -0.168153
-0.259100 0.114769
-0.038035 -0.144542
0.226224 0.189252
0.101414 0.176378
-0.311836 0.356801
-0.027367 -0.201228
0.044073 0.194041
-0.183085 0.188442
0.097906 0.035731
0.212639 -0.021877
0.059473 -0.344498
-0.568527 -0.154075
-0.270578 -0.111899
0.073753 -0.156895
-0.136966 0.230759
-0.071951 0.338100
-0.149566 -0.249515
0.067649 -0.302392
0.012497 -0.184985
0.260258 0.218393
-0.106413 0.522851
0.132048 0.098040
-0.130079 -0.170712
0.613878 0.577680
0.195801 0.103995
0.413154 -0.164454
0.108829 -0.050714
-0.039511 0.116749
-0.313222 -0.060161
0.174491 0.056483
-0.368748 0.229549
-0.199399 -0.024851
0.068391 -0.108441
0.020363 0.083249
0.101298 -0.061773
0.261386 0.025178
-0.153255 -0.500798
0.213110 0.291632
0.205090 -0.085779
0.079055 0.094422
0.053047 0.117736
0.004389 -0.159077
0.216393 0.058769
0.286097 -0.028458
0.237607 -0.138774
0.354914 -0.138467
-0.104509 0.208720
0.178747 -0.076730
0.109243 -0.285073
0.144331 0.204403
-0.061960 0.153971
0.056774 0.377974
0.205060 0.017107
-0.153822 0.311180
-0.098642 -0.079099
0.032930 0.192444
-0.040436 0.099275
-0.115289 -0.266804
-0.221355 -0.061351
0.429647 0.280593
0.172763 -0.090973
-0.212879 -0.184508
0.188929 0.010627
0.376365 -0.071386
0.190335 -0.431663
0.182904 0.065081
-0.414878 0.133086
-0.021626 -0.202543
0.184428 0.043771
-0.522026 -0.382526
-0.340676 0.370189
0.099427 -0.159006
0.302404 0.064962
-0.033423 -0.473916
-0.003093 -0.065846
0.017937 -0.062332
0.131324 -0.033364
0.196519 0.133780
-0.221452 0.245233
0.067460 0.021594
0.379422 0.137542
0.587754 -0.103639
-0.186052 -0.152627
0.230572 -0.297499
0.031639 0.020449
-0.129186 0.003160
0.014587 -0.098261
-0.301376 -0.014046
0.144003 0.176273
-0.013986 -0.128863
0.220469 0.080806
0.442026 -0.054858
-0.191776 0.066056
-0.207962 0.060757
0.222736 -0.227306
0.296415 0.196453
0.322485 0.031906
0.108425 0.057674
-0.240043 -0.285185
-0.413829 -0.117675
0.337814 0.167266
0.223014 0.018590
-0.111708 0.258094
0.146146 -0.090748
-0.143058 -0.213189
0.212811 0.028691
0.164483 -0.023806
-0.275441 -0.044895
-0.699631 0.219168
0.212228 0.266164
-0.068377 0.191876
-0.089348 0.044613
0.009245 0.334800
-0.172779 0.043515
0.100697 0.024591
-0.014773 0.123066
-0.394384 -0.177814
-0.156020 -0.020540
-0.075257 0.406537
-0.150241 0.173257
-0.035947 0.138594
-0.049046 -0.004421
0.061625 -0.169164
0.183083 0.125756
-0.005595 -0.015685
0.313518 -0.030700
-0.135388 -0.448368
-0.002218 -0.193519
0.014725 0.195079
0.199057 0.226984
0.097512 0.502507
0.072837 0.106383
