0.119172
0.099997
0.244252
0.426933
-0.096629
0.150994
-0.296838
0.212371
0.222698
-0.001185
-0.275089
0.060907
0.417426
0.245468
-0.172879
-0.132729
-0.302831
0.317291
0.156265
0.569425
0.507944
-0.028252
0.135635
0.346731
-0.203622
-0.206612
-0.395542
-0.397089
-0.048939
0.178598
0.252360
-0.058766
-0.259722
0.040059
0.128345
-0.833096
0.216471
-0.005844
0.074215
-0.209985
-0.390319
0.030762
0.162154
-0.255692
0.449488
0.030273
0.058983
0.245834
-0.194156
0.003474
0.144905
-0.013416
-0.320190
-0.294165
-0.412811
-0.092231
0.343868
-0.052379
0.144284
0.305808
0.431550
-0.323810
0.354677
-0.352218
-0.476608
0.145837
-0.238714
-0.062390
0.068294
-0.002863
-0.175979
0.372362
-0.172316
0.024088
-0.211050
0.246235
0.092567
0.287819
-0.248916
0.242675
0.365581
-0.438927
0.241805
-0.801893
0.064213
0.042158
0.409109
-0.274847
0.202790
0.015227
-0.031310
0.140543
-0.286159
0.558991
0.364931
0.263886
0.296763
-0.365850
-0.033119
0.391919
0.280066
0.045590
0.497888
-0.165016
0.068695
0.360214
0.104690
-0.428554
0.157265
-0.717068
-0.003031
0.005866
0.249988
-0.022436
-0.037109
-0.235699
0.057682
-0.133406
-0.174147
-0.824769
-0.190664
0.282747
-0.072409
0.223652
0.202434
0.157783
-0.131055
0.434142
-0.356817
-0.207833
0.655198
-0.566348
0.045745
-0.104072
-0.216673
0.295276
-0.189844
0.210014
0.084821
-0.084294
0.085878
0.349562
-0.024437
0.322105
0.388057
-0.525398
0.085484
0.081408
0.027019
-0.042090
-0.373048
0.243705
0.327306
0.066830
-0.002593
0.112048
-0.025518
-0.306657
-0.301952
-0.207788
-0.022651
0.304316
-0.252356
-0.038596
-0.165562
-0.678929
-0.307080
0.095001
