0.211898 -0.340078 0.122012 -0.464665 0.101785 -0.018918 -0.568016 -0.637448 -0.089682 -0.651874 -0.468396 0.352372
0.054701 -0.179905 0.006809 -0.939566 -0.187099 -0.032265 -0.028184 -0.067566 -0.092347 0.009831 -0.350680 -0.370902
-0.712810 -0.199319 -0.043780 -0.634835 0.026586 0.071777 -0.319921 -0.228326 -0.217130 -0.038153 -0.397731 0.157667
0.101345 -0.325019 0.126793 -0.150596 -0.090004 -0.158668 -0.167878 -0.180909 -0.021029 0.090896 -0.383247 0.019923
-0.259596 -0.170166 -0.156499 -0.152225 -0.114560 0.207123 -0.140103 -0.188845 -0.423637 0.100381 -0.417858 0.117591
0.107227 -0.120784 0.125683 0.011493 -0.003764 -0.160863 -0.334553 -0.218968 0.013563 0.028293 -0.328056 -0.069111
0.312268 -0.389666 -0.097321 -0.122832 -0.190129 0.150046 -0.080142 0.001203 -0.361533 0.106498 -0.318226 -0.274115
0.154561 -0.370101 0.048834 -0.112345 -0.088448 0.009761 -0.302328 -0.249432 0.003291 -0.011097 -0.611960 0.060429
0.171385 0.231357 0.024505 -0.249602 -0.044724 0.052827 -0.141439 -0.175518 -0.421356 0.021989 0.273360 0.157177
0.159304 0.161171 -0.080871 0.136323 -0.134706 0.121176 -0.448189 -0.048760 -0.035851 0.073012 0.140957 -0.000764
0.112043 -0.233313 0.041211 -0.214260 -0.027736 -0.206333 -0.240984 -0.090744 -0.093717 -0.012658 0.217570 -0.047405
0.176575 0.282919 -0.098309 -0.123525 0.011858 0.057501 0.056674 -0.392529 -0.173533 0.113385 0.231264 0.157592
0.137156 -0.093254 0.039931 -0.065232 -0.133629 -0.250555 0.231993 0.252480 0.116520 0.002956 -0.042657 -0.126578
0.085026 -0.051862 -0.052068 -0.187553 0.130620 -0.026125 0.198611 -0.112004 -0.060669 0.055379 0.282132 0.218523
0.222851 0.183428 0.137033 0.046217 -0.138048 -0.162137 0.070190 -0.156073 0.220120 0.102396 0.019662 -0.045075
0.041630 -0.100390 0.001523 -0.165553 0.262594 -0.304833 0.092512 -0.034457 0.052891 0.111383 0.144121 -0.021067
0.206824 0.218632 0.127564 -0.075090 0.015099 0.079504 -0.012608 -0.011730 -0.160959 0.049941 0.114477 0.246780
0.099388 -0.298669 -0.112172 -0.153633 0.108424 -0.244564 0.098476 0.235278 0.331026 0.175554 0.096775 -0.218392
0.154370 0.393258 0.010209 -0.025269 0.260344 0.120808 -0.057715 -0.046764 -0.452462 -0.013522 -0.013807 0.308871
0.064151 -0.127411 -0.153543 -0.129056 0.240562 -0.066737 0.106686 0.187396 0.194655 0.150937 0.162063 -0.148802
0.260357 0.113050 -0.117018 -0.049419 0.415105 0.231174 -0.028457 0.045217 0.029431 0.045842 0.062426 0.247963
-0.042802 0.184736 0.267112 0.054789 -0.040247 -0.081775 0.018372 0.145586 -0.166872 -0.027638 -0.027328 -0.085824
0.263451 -0.040439 -0.166764 -0.180359 0.428091 0.240470 0.028287 0.049379 0.204125 0.076657 0.025283 0.168844
0.001903 0.113014 0.244994 0.137332 -0.051912 -0.070933 -0.103016 0.164637 -0.149336 -0.072045 0.081894 -0.078568
0.207378 0.021081 -0.172297 -0.373148 0.164304 0.144059 -0.021689 -0.166505 0.225670 0.127193 -0.187424 0.181344
0.180461 -0.153713 0.253805 0.241119 0.067048 0.097177 0.018188 0.181836 0.091405 0.398818 0.210794 -0.041486
-0.611203 -1.059803 -0.079044 -0.267381 0.245782 -0.023855 0.255818 0.174573 0.542346 -0.317939 0.700048 0.136698
-0.413160 -0.843366 -0.574018 -0.250450 0.353238 0.174741 0.341197 -0.186404 -0.136963 -0.303278 0.390816 0.422645
0.020590 -0.860777 -0.086616 0.004645 0.106593 -0.200799 0.337765 0.011892 0.242010 0.062780 0.293678 0.515934
0.056867 -0.268964 -0.268109 -0.064131 -0.295107 -0.270940 0.275681 -0.393798 0.187380 -0.079647 0.127327 0.105533
0.129042 -0.253529 -0.047119 -0.113918 -0.264487 0.125664 0.056382 -0.172816 -0.402201 0.621574 0.101988 0.030672
-0.365327 0.239794 -0.063654 -0.328872 0.240032 0.133812 0.044712 -0.092143 -0.406994 0.175061 0.197813 0.393604
0.233575 0.136102 -0.464175 0.284443 0.057931 0.001785 -0.040357 -0.044962 -0.298365 -0.298656 0.493018 -0.201130
0.025213 0.151752 0.835417 0.097031 -0.017406 -0.305600 -0.111499 -0.617725 -0.175338 -0.162056 0.327996 0.417577
0.349952 0.052388 0.474009 -0.325403 -0.212702 0.119017 0.123071 -0.008382 -0.046996 -0.336658 0.344522 0.287835
0.272488 0.179091 0.537232 0.383585 -0.185043 0.490143 0.434512 -0.222099 -0.269824 0.057766 0.012595 -0.458549
-0.673258 0.309969 0.538123 0.043236 0.206368 -0.521736 -0.170121 -0.385863 -0.281294 0.056840 -0.213717 -0.093652
-0.744917 0.681948 -0.017469 -0.155096 0.672249 -0.521619 0.057606 -0.018568 -0.560872 0.316643 -0.184382 0.034736
-0.203040 0.112246 0.439808 -0.116342 1.115720 -1.117376 0.108394 0.542827 -0.560535 -0.203343 -0.547904 -0.808334
-0.258343 -0.164051 0.225445 -0.551905 0.594602 -0.321375 0.295699 0.372972 0.377814 0.699690 0.387853 -0.188931
0.206250 -0.082670 -0.105709 -0.662429 0.379406 0.002912 -0.098237 -0.395518 0.391833 0.568187 0.303409 -0.298151
0.092595 -0.073605 0.033812 -0.483206 0.105792 0.266134 -0.074469 -0.109563 -0.279331 0.687477 -0.045445 0.032066
0.096690 0.316382 0.028200 -0.051923 -0.533465 0.445514 0.373242 -0.187881 -0.412049 0.230049 0.023230 0.056327
0.285349 0.064031 0.267284 -0.237430 -0.414366 0.196349 -0.255366 0.421086 -0.377183 -0.341273 0.065684 -0.148648
0.413672 0.058882 0.113641 -0.283898 -0.080822 0.503285 0.235966 -0.104023 0.319452 0.043046 -0.201198 0.033583
-0.024389 0.484338 -0.083060 0.077816 -0.336184 0.336629 -0.187949 -0.475975 0.000893 0.153354 -0.034481 0.398697
-0.003574 -0.143345 -0.219118 0.201805 -0.420215 -0.010320 -0.109683 0.001000 -0.321715 -0.201340 0.385409 0.559934
-0.012695 -0.178216 -0.160905 -0.044727 -0.223386 0.734152 -0.036363 0.146711 -0.067839 -0.301300 -0.079968 0.464747
-0.027571 -0.539025 -0.036233 0.434572 -0.076826 0.182650 -0.377087 -0.046446 -0.204225 0.708193 -0.084358 0.674487
-0.054261 0.100552 -0.232264 0.404322 -0.373413 0.193697 0.397337 0.592619 -0.613826 -0.000422 -0.336425 0.520457
0.256090 0.435929 0.168637 -0.069577 -0.429822 0.289952 -0.387693 0.349651 -0.416437 0.658070 -0.135996 1.283832
0.183975 0.466872 0.670223 0.088628 0.252167 0.042812 -0.638826 0.350965 -0.675607 1.052653 -1.004037 0.623148
-0.129240 -0.418797 -0.139892 0.325454 -0.119895 -0.005400 -0.448657 0.091285 -0.136054 -0.023761 0.132680 -0.309206
0.029216 0.074225 0.077205 0.034539 -0.202988 -0.225824 0.001408 0.073304 -0.108609 0.182088 0.139460 0.094618
-0.087131 -0.340096 -0.147831 0.091651 0.021258 -0.137074 -0.455480 -0.135727 -0.154732 -0.008620 0.187585 -0.301450
0.075954 0.040938 0.117308 0.068643 -0.108068 -0.197789 -0.271770 -0.016885 -0.112854 0.203195 -0.081147 0.082088
-0.146789 -0.484993 -0.197778 0.152057 -0.093573 -0.256987 -0.448907 0.196414 -0.136211 0.006688 0.149372 -0.271900
0.089404 -0.107720 0.119935 -0.066471 0.146990 -0.130108 -0.372804 -0.155136 -0.125184 0.154989 -0.028625 0.010396
-0.100064 -0.327616 0.030331 0.199632 -0.256757 -0.320611 -0.450453 0.022251 -0.156055 0.054389 0.008941 -0.216828
0.129956 0.446411 -0.070025 -0.160111 0.160657 -0.091687 -0.264443 -0.056782 -0.120569 -0.022768 0.080670 0.009165
0.000022 0.149271 -0.230519 0.104403 -0.471920 -0.471639 -0.228725 0.064465 -0.136574 0.203856 -0.042277 -0.075734
0.139544 -0.041679 -0.205544 0.025645 0.176426 -0.051452 0.001593 -0.083319 -0.001902 -0.182038 0.158745 -0.162521
-0.112327 0.319618 0.400602 0.108259 -0.353965 -0.628429 -0.150055 0.013412 -0.053764 0.308707 -0.107282 0.036287
0.322247 -0.274889 0.021712 0.021405 0.005339 -0.186464 0.119929 -0.189960 -0.018910 -0.182090 0.187026 -0.229176
0.386557 0.374031 0.187401 0.080093 -0.195831 -0.442508 -0.055306 0.001364 -0.047577 0.259036 -0.111959 0.073086
0.100265 -0.183712 -0.260729 0.195125 -0.004345 0.430502 0.139294 -0.014907 -0.005004 -0.075818 0.009500 0.141322
0.267142 0.289257 0.246667 0.034217 -0.058167 0.324153 0.058260 -0.095675 -0.073817 0.112497 -0.033414 -0.098719
0.068693 -0.040242 -0.039566 0.094970 -0.102598 0.426753 0.132038 0.126218 -0.008291 0.007395 0.036752 -0.223620
0.182430 0.139197 0.013860 -0.112695 -0.012565 0.198032 0.242934 -0.100529 -0.097995 0.088602 -0.074978 -0.258352
0.130872 0.115413 -0.038691 -0.071444 -0.101908 0.399747 0.033335 0.160469 0.057575 0.232757 0.010418 -0.196604
0.055403 0.068190 -0.152626 -0.117861 0.015282 -0.018085 0.279480 -0.073524 -0.100479 -0.205455 -0.115369 0.222019
-0.027449 0.210064 0.055333 -0.019938 -0.070156 0.330857 -0.137063 0.181315 0.043284 0.155141 0.068167 -0.299185
0.128804 -0.012588 0.066244 0.155884 0.075793 -0.044863 0.134918 -0.070360 -0.114225 0.069960 -0.147242 0.029194
-0.101231 -0.046754 -0.132394 0.122758 -0.200337 0.277380 -0.351767 0.075505 0.045401 0.259783 0.100572 -0.143125
0.063555 0.188126 0.188028 0.102844 0.248492 0.062044 0.260168 0.151807 -0.205232 0.340572 -0.058808 0.003222
0.098019 -0.133097 -0.181231 0.117632 -0.280662 0.104760 0.002876 0.108720 -0.140860 0.269422 0.233197 -0.119223
-0.081342 0.072235 0.138690 0.144969 0.069478 0.063218 0.094996 0.025606 -0.147139 0.058985 0.179390 -0.042252
0.001291 -0.026565 -0.096307 0.194006 -0.315526 0.054296 0.176809 -0.020507 -0.244106 0.250108 0.329266 -0.062008
0.186448 0.303470 -0.046942 0.248650 0.150512 -0.311153 0.363024 -0.118595 0.030949 0.487122 0.384972 0.028905
-0.235492 -0.110474 -0.158684 -0.115722 0.018195 0.302390 0.327037 -0.347396 0.184099 0.509493 0.043299 -0.030869
0.144085 0.141011 0.090295 0.204683 0.421255 -0.329852 0.266385 0.126358 -0.170649 0.438943 0.116518 0.219662
-0.096672 0.015712 0.007239 -0.059277 -0.192073 0.168573 0.019353 -0.169473 0.245683 0.044920 0.026719 0.355809
0.012290 0.024135 0.082029 0.074168 0.336337 -0.181624 0.191262 0.418503 -0.143066 -0.150507 -0.112058 0.251040
0.066189 0.095639 0.205210 0.092660 0.026409 0.033244 -0.105691 -0.150964 -0.045475 -0.176086 0.123539 0.316501
-0.151543 -0.049416 0.141009 -0.096722 0.223831 -0.027004 0.132520 0.300452 0.042130 0.150634 -0.358488 -0.160600
-0.149783 0.075341 0.295432 0.084194 -0.006717 -0.112123 0.085433 -0.164345 0.181465 -0.129611 -0.247844 0.087908
-0.105807 0.060303 0.113621 -0.114139 0.233116 0.049056 0.023875 0.324926 0.108654 0.010784 -0.127825 -0.251199
0.289266 -0.315192 0.092787 0.243768 -0.012423 -0.200428 0.098599 -0.200632 -0.083813 0.177535 -0.137579 0.099614
0.375978 0.039372 0.114380 -0.087775 0.295579 -0.109508 0.021412 0.267265 0.319995 0.085796 -0.053588 -0.164032
0.028774 0.185426 -0.249250 0.180370 0.045855 -0.375588 0.148626 -0.109492 -0.035004 -0.165666 0.024999 0.059411
-0.195926 0.245812 -0.330112 -0.040464 -0.190608 0.066249 -0.181096 0.163431 0.168597 -0.138063 -0.198525 -0.096419
0.165677 -0.074260 -0.135754 0.330747 0.326169 -0.071698 0.173695 0.007547 0.096599 0.012222 0.223253 -0.051306
-0.248787 -0.212323 -0.383802 -0.215094 0.132910 0.267937 -0.131250 0.038275 0.135106 -0.228308 -0.408273 0.044385
0.096130 -0.114934 -0.113234 -0.135543 -0.064542 -0.037698 0.197484 0.034079 0.096725 0.316542 0.154817 -0.044968
-0.140069 -0.117678 -0.285077 -0.161327 0.094187 -0.248443 0.052789 0.014005 0.265353 -0.257863 -0.371367 0.065499
-0.023121 0.135538 -0.166204 -0.472739 0.282038 -0.013298 -0.174630 0.046075 0.134150 0.197218 -0.033425 0.097924
-0.116649 -0.200100 -0.162261 -0.089199 0.107293 -0.085790 0.075311 -0.029566 0.284143 -0.227841 -0.289838 0.016176
-0.116441 0.155195 -0.217665 -0.333695 -0.177976 -0.095479 0.060426 0.044472 -0.128984 -0.094347 -0.066731 -0.016178
-0.123950 -0.170709 -0.058050 -0.015336 0.195024 0.031185 -0.172245 -0.027108 -0.563719 -0.278274 -0.272052 -0.211556
-0.130343 0.141513 -0.295745 -0.206979 0.113716 -0.275435 0.333302 0.004119 -0.389912 -0.157239 -0.048582 -0.018400
-0.085971 -0.091744 -0.090583 0.008908 0.012914 0.088987 -0.069084 0.063702 -0.297577 -0.459229 -0.128245 -0.404404
-0.147137 0.047486 -0.267679 -0.073801 0.077058 -0.251306 -0.223034 -0.066518 -0.458420 -0.496726 -0.152991 -0.258811
-0.076119 -0.022687 -0.028891 -0.093108 0.051127 0.067527 -0.594048 0.087085 -0.211021 -1.071809 -0.051539 -0.315407
-0.133444 0.042751 -0.306985 0.043832 0.059206 -0.207778 -0.156886 -0.192404 -0.496706 -0.627720 -0.085258 -0.478865
