0.270771 0.061744 0.151327 -0.078531 -0.701679 0.447107 0.498526 -0.284353 -0.133138 -0.131289 0.682223 0.256315 -0.131128 0.119171 -0.105254 0.337798
0.159689 -0.128620 -0.022903 0.081817 -0.472255 0.027032 -0.135422 -0.312568 -0.230994 -0.007144 0.173029 0.146457 -0.112337 -0.199868 -0.404424 -0.116922
0.330925 -0.193073 -0.020471 0.170453 -0.715216 0.181703 0.487435 -0.024849 0.214676 -0.434997 0.311204 -0.188256 0.058900 0.324800 0.041713 0.383138
0.187436 -0.016433 -0.095654 0.265464 -0.270585 -0.093435 0.105159 0.257278 0.195940 -0.042940 -0.283077 -0.192378 0.109744 -0.335940 0.286818 0.629605
-0.189136 0.052440 0.056714 -0.006041 0.205414 -0.095382 0.626283 0.004218 -0.217149 -0.147660 -0.585771 0.526109 -0.312205 -0.136256 -0.075744 0.374235
0.322902 0.129535 -0.321280 0.055835 -0.374898 -0.124210 -0.450737 0.091388 -0.249606 0.048454 0.096061 0.040897 0.916399 0.217721 -0.307107 0.279775
-0.101721 -0.068425 -0.042735 0.154898 0.019428 -0.154634 0.172269 0.185232 0.468428 0.238078 0.357701 -0.255611 0.491585 -0.007566 0.078914 0.660673
0.004826 0.052444 -0.154986 0.269608 0.183686 -0.281343 0.120459 0.382077 0.204010 0.240444 -0.129034 0.823741 -0.074959 -0.099389 -0.047711 0.258848
-0.408953 0.204902 0.079401 0.246307 0.042169 0.025222 -0.282157 0.020948 0.044458 0.431462 -0.178843 0.095208 -0.299831 0.441239 -0.001355 -0.262856
-0.309040 0.013156 -0.615429 -0.470620 0.368963 -0.821736 -0.626375 0.208082 0.068942 0.511298 -0.014426 -0.183346 0.366705 0.253136 0.005192 0.033218
-0.107974 -0.041951 -0.169324 0.350254 0.383834 -0.143888 0.019556 -0.146660 -0.363394 0.669117 0.026207 -0.044937 0.002382 0.464208 0.137436 0.014153
-0.802418 0.270175 -0.343717 -0.394815 0.141149 -0.429681 -0.443467 0.276891 -0.210179 0.336563 0.011529 -0.041717 0.161091 -0.130006 0.018069 0.100226
0.271065 -0.017236 0.611577 -0.220030 0.115835 -0.381128 -0.023938 0.025502 -0.177932 0.239978 0.240646 -0.616830 -0.021209 -0.456556 0.428733 -0.288945
0.113325 -0.116835 -0.390285 -0.425301 0.213939 0.167518 -0.213498 0.401677 0.154735 0.187052 -0.546914 -0.169271 -0.376081 -0.185947 -0.101656 -0.038548
-0.348763 0.000948 0.178913 -0.253687 0.174898 -0.609490 0.195857 0.248599 -0.355022 0.272647 0.037310 -0.343779 0.089179 0.438291 0.387127 -0.302991
-0.354509 0.536163 -0.114640 -0.360203 -0.220054 -0.635059 0.357488 0.116537 -0.515893 -0.538077 0.411442 -0.159131 0.071433 0.076152 0.348039 -0.682263
0.454468 0.002259 -0.092049 0.128649 -0.108208 -0.391302 0.451280 0.235933 0.225564 -0.563208 -0.126852 -0.084213 0.274310 -0.020371 -0.127470 -0.459913
-0.525689 0.045546 -0.317425 -0.163661 0.117279 -0.093694 -0.304810 0.023882 0.022359 -0.338831 -0.378806 0.149761 -0.127932 -0.021551 0.525596 -0.060472
0.190284 -0.040146 0.437577 -0.336774 0.479986 0.141508 -0.109975 -0.041569 -0.265044 -0.149964 0.090884 0.184399 0.004061 0.096575 0.290017 -0.232047
-0.145206 -0.380335 0.315149 0.392367 0.365568 0.092573 -0.076655 0.057316 -0.514825 -0.347955 0.188652 0.046429 -0.006300 -0.220518 -0.250162 -0.020983
-0.093986 0.491323 0.434964 0.092211 0.177408 0.809914 -0.439657 -0.560751 0.157892 -0.167805 0.026684 0.201610 0.122528 0.151863 -0.187247 -0.104203
-0.676283 0.592063 -0.453477 0.295322 -0.099278 0.454415 -0.424332 -0.328851 0.047842 -0.273558 -0.217821 -0.297881 0.088349 -0.061472 0.047569 0.125116
0.342098 0.198817 -0.207506 0.061027 -0.561383 0.064557 -0.007358 -0.039775 0.347036 0.021071 -0.301111 -0.118354 0.054007 -0.077822 0.305741 -0.384802
0.337305 -0.764320 0.294068 0.269892 0.306528 0.214860 -0.163368 -0.230645 0.492374 -0.059456 -0.232683 -0.359857 0.056080 0.075917 -0.225493 0.055878
