0.327215
0.390696
0.457776
0.747631
0.702992
0.553647
0.475716
0.617462
0.374072
0.510443
0.316358
0.582035
0.576114
0.815386
0.523964
0.464786
0.635279
0.488565
0.560990
0.539056
0.239852
0.516276
0.277486
0.891688
0.592586
0.710472
0.782942
0.488735
0.565222
0.962756
0.507220
0.535601
0.608885
0.440271
0.510630
0.402802
0.749506
0.475308
0.490417
0.443384
0.151310
0.664066
0.823536
0.687725
0.573011
0.444719
0.769310
0.580974
0.886264
0.216884
0.608824
0.798569
0.725458
0.458162
0.384652
0.850403
0.668076
0.354546
0.507025
0.478422
0.663791
0.476888
0.457804
0.620020
0.712235
0.985845
0.905684
0.955672
0.820723
0.423209
0.448465
0.700121
0.669476
0.539353
0.229523
0.490032
0.665953
0.464401
0.158388
0.459708
0.375248
0.384111
0.732572
0.704413
0.600067
1.248603
0.374713
0.703929
0.755049
0.565966
0.238188
0.956364
0.623023
0.176192
0.693509
0.591947
0.754807
0.311317
1.116250
0.261736
0.328558
0.456353
-0.099989
0.967464
0.914147
0.841818
0.321868
1.020409
0.640386
0.413234
0.693083
0.949921
0.328406
0.589120
0.508862
0.621724
0.513502
0.728157
0.413601
0.143227
0.480572
0.532197
0.951153
0.553750
0.264256
0.505004
0.400142
0.258677
0.733227
0.631415
0.572104
0.895212
0.534087
0.655698
0.642136
0.495733
0.655233
0.496573
0.399804
0.273694
0.427229
0.477627
0.436532
0.787800
0.360353
1.037873
0.487416
0.446818
0.811323
1.061210
0.623748
0.864045
0.502364
0.477652
1.363546
0.542352
0.874384
1.207528
0.437544
0.946887
0.806708
0.730143
0.260522
0.771674
0.664638
0.838383
0.341047
0.536768
0.228447
0.537930
-0.018868
0.511479
0.700337
0.425456
0.676135
0.788980
0.719296
0.565136
0.783313
1.047328
1.003410
1.037400
0.913561
0.520552
0.762258
0.883195
0.182900
0.710837
0.496735
1.066765
0.438765
0.901371
1.089068
0.658673
0.780032
0.923504
0.894264
0.701186
0.632461
0.912810
0.924600
0.834029
0.898813
0.895856
0.960731
0.786546
0.938748
0.857414
0.915733
0.955912
1.002668
1.054189
0.876600
0.759744
0.713890
0.882267
0.971042
0.903891
1.212160
0.936095
1.117199
0.888128
0.778622
0.869922
0.675233
0.501875
0.375060
0.857542
0.749367
0.448811
0.410149
0.567616
0.906352
0.669573
0.586514
0.520824
0.762981
0.649322
0.644244
0.707021
0.601539
0.927716
0.529720
1.011236
0.443730
0.832282
0.823167
0.744583
0.445164
0.694457
0.725567
0.605152
0.605889
0.442112
0.597360
0.522612
0.870829
0.577356
0.715503
0.747947
0.639984
0.494689
0.888449
0.254623
0.551510
0.867727
0.373867
1.003477
0.728999
0.459795
0.544229
0.956943
0.772985
0.606302
0.722415
0.647098
0.623742
0.559359
0.704849
0.697751
0.657356
0.509842
0.871469
0.788846
0.530007
0.669961
0.938213
0.959266
0.779060
0.803838
1.006513
0.505395
0.571614
0.845729
0.809456
0.493995
0.767438
0.674039
0.106258
0.731232
0.433375
1.084412
0.283731
0.706836
-0.017717
0.722546
0.498393
1.102733
0.448277
0.982506
1.074028
0.409583
0.242282
0.975136
-0.036578
0.891622
0.975378
0.203993
0.735948
1.076908
0.986386
1.116365
0.896146
0.703776
0.417442
0.717486
0.849187
0.686975
0.802075
0.973595
0.717274
1.259806
0.797303
0.903754
0.401284
0.578658
0.331230
0.635292
0.543282
0.490911
0.628561
0.665740
0.622209
0.628597
0.564136
0.519228
0.476178
0.464196
0.511316
0.327356
0.715992
1.048343
0.562068
0.650984
0.271539
0.748436
0.440964
0.519568
0.870211
0.589191
0.520014
0.501248
0.425451
1.141575
0.676294
0.445148
0.638934
0.702337
0.172042
0.531324
1.035392
0.804351
0.633891
0.920121
1.044756
0.952718
0.978188
0.766606
0.749314
0.714552
0.353485
0.546726
0.448783
1.053448
0.577013
0.509841
0.671416
0.617646
0.420395
0.558857
0.599927
0.614956
0.311530
0.526344
0.178068
0.701733
0.636045
0.733200
0.504727
0.902594
0.938698
1.010901
0.936537
0.475438
0.876999
0.856529
0.406152
0.087204
0.743317
0.398733
-0.074111
0.911608
0.117304
0.617154
0.055823
0.577218
0.514328
0.477793
0.776825
1.046010
0.869806
0.647870
0.690686
0.747688
0.405790
0.508076
0.349703
1.105437
1.006694
0.931587
0.873466
1.026825
1.172229
0.849295
0.654916
0.879913
0.809174
0.564668
0.695969
1.152836
1.034211
0.791532
1.025296
1.248314
1.167756
0.877468
0.963112
1.017841
0.987555
0.461615
0.425388
0.442299
0.431587
0.589383
0.562686
0.637784
0.634726
0.521005
0.835180
0.563435
0.856306
0.382900
0.903295
0.546721
0.478564
0.542806
0.634879
0.500121
0.871979
0.804297
0.693334
0.747050
0.541030
0.463127
0.805948
0.809505
0.654715
0.600366
0.676884
0.594329
0.637709
0.581902
0.518067
0.510371
0.520441
0.733879
0.777104
0.495789
0.555227
0.603379
0.673492
0.594552
0.579303
0.806056
0.728800
0.658619
0.515640
0.716337
0.684180
0.445298
0.460800
0.740871
0.829898
0.607136
0.463775
0.796611
0.762429
0.508198
0.749473
0.800601
0.438519
0.601936
0.583131
0.846996
0.991180
0.719896
0.519311
1.028518
0.737068
0.839231
0.755470
0.898252
0.880523
0.655561
0.780407
0.774256
0.775328
0.751635
0.599742
0.961362
0.600718
0.934186
0.612116
0.905114
0.362471
0.608892
0.416785
0.637506
0.440711
0.848237
0.813078
0.981253
0.799883
0.623683
0.899846
0.896224
0.903976
0.933518
0.728895
0.911162
1.022461
0.731819
0.844970
0.770429
0.702440
1.009484
0.717187
0.666098
0.633702
0.719408
0.774187
0.499344
0.192206
0.920095
0.771440
0.551319
0.635790
0.741256
0.812851
0.819114
0.521022
0.559127
0.591301
0.447683
0.541611
0.852614
0.536319
0.703512
0.418114
0.731351
0.481508
0.481274
0.819895
0.614400
0.642671
0.547787
0.765524
0.537266
0.536486
0.367013
0.748972
1.087776
0.562108
0.608193
0.691877
0.721772
0.755656
0.742479
0.730644
0.960890
0.722745
0.831301
0.907307
0.881269
0.716004
0.717154
0.877615
0.581297
0.423171
0.564914
0.405643
0.459551
0.225026
0.610005
0.727563
0.820358
0.352982
0.586157
0.533094
0.379824
0.603049
0.594207
0.668491
0.851800
0.984206
0.708862
1.011511
0.865944
0.688066
0.858880
0.732630
0.951870
0.769391
0.971587
0.623075
0.667696
0.713209
0.477672
0.576150
0.660179
0.721780
0.465722
0.712895
1.031204
0.751671
0.760279
0.439423
0.742212
0.696067
0.692037
0.607080
0.649319
0.660929
0.809221
0.790082
0.941890
0.781721
0.638109
0.984122
0.948233
0.794672
0.999635
0.581498
0.779853
0.843147
0.302042
0.673724
0.842991
0.872136
0.792013
0.532643
0.470886
0.607775
0.838313
0.492818
0.606822
0.495172
0.988953
0.586263
0.384938
0.613657
0.592632
0.371720
0.802665
0.273943
0.667575
0.701375
0.574232
0.435080
0.757950
0.452765
0.673828
0.921741
0.778455
0.411289
0.471654
0.419105
0.594686
0.729488
0.846812
0.624503
0.303113
0.447356
0.683239
0.758379
0.651072
0.476001
0.764171
0.516905
0.130670
0.442709
0.764893
0.242234
0.511227
0.475042
0.355156
0.377943
0.483395
0.451237
0.909855
0.226995
0.324773
0.505017
0.648136
0.227894
0.817019
0.476565
0.501720
0.297916
0.605117
0.550401
0.387850
0.290727
0.556803
0.512170
1.143222
0.621397
0.567462
0.751612
0.502293
0.609805
0.550950
0.539752
0.519443
0.424303
0.701441
0.546460
0.521739
1.149773
0.295838
0.421797
0.547466
0.919376
0.412863
0.634644
0.555708
0.890735
0.655230
0.423627
0.787784
0.574708
0.543897
0.849877
0.323427
0.613926
0.825503
0.364880
0.824254
0.690716
0.546824
1.030278
0.980168
0.563337
0.970495
0.305216
0.825962
0.739961
0.734550
0.606433
1.011896
0.566589
0.805486
0.740751
0.745604
