0.049016 -0.042217 -0.152212 0.020157 -0.196465 0.072518 0.003304 0.116805 0.069281 -0.003097 0.030279 0.138312 -0.140590 0.049848
-0.116538 0.006447 0.061076 -0.077732 0.045711 0.045057 0.079085 -0.081832 0.040513 -0.197484 0.027016 0.088345 0.065528 0.036535
0.035864 0.019860 -0.015497 -0.006157 -0.044255 0.110936 0.013212 -0.013926 0.003754 -0.038219 0.090322 -0.047193 -0.030791 -0.015467
0.113798 -0.024393 -0.028285 -0.007377 0.004363 0.030075 -0.004477 0.085309 -0.086666 0.010507 -0.224851 0.021329 -0.088036 -0.152463
0.031303 -0.078005 0.149426 0.005200 -0.052490 -0.007326 0.010116 -0.001162 -0.028637 0.041155 0.120107 0.037555 -0.076779 -0.114425
0.114718 -0.064468 0.122134 -0.028191 0.043951 0.000420 0.027456 0.027747 -0.085813 0.002668 -0.071651 0.020499 0.024916 -0.149625
0.007022 0.027733 0.007911 0.038512 -0.078508 0.045181 -0.080279 -0.052855 -0.009144 0.049941 -0.016249 0.072162 0.021408 -0.057252
0.108835 -0.042677 0.150917 -0.082849 -0.047735 0.007122 -0.176372 -0.091057 0.024943 0.000675 -0.090928 -0.021339 -0.076268 -0.160318
-0.068837 -0.036537 0.069214 -0.054202 -0.014779 -0.013885 -0.004706 0.051022 -0.043157 -0.024378 0.002496 0.042155 -0.056536 -0.032397
-0.022239 -0.087679 0.132600 0.029055 -0.115746 -0.070243 -0.107842 0.087565 0.056141 0.093629 -0.052178 0.174765 -0.106787 -0.106905
0.116537 -0.003186 0.089967 -0.103472 0.014748 -0.043323 0.000259 -0.071081 -0.028127 0.047496 -0.170965 -0.146787 -0.078788 -0.006177
-0.057148 0.077592 0.052412 -0.026469 0.007135 -0.000392 0.110096 -0.088453 -0.066328 0.065285 0.071917 -0.221219 0.083893 -0.006753
-0.009281 0.032038 -0.032067 0.034334 -0.060526 -0.028700 0.026141 0.084349 -0.053274 0.020124 0.000048 -0.172831 0.072786 -0.027917
-0.163633 0.142494 0.018571 -0.076974 -0.089303 -0.138821 -0.029957 -0.086370 -0.085565 -0.061597 0.025201 -0.136661 0.210907 0.088374
0.022519 0.075893 0.042068 -0.005434 -0.074390 0.123926 0.122091 -0.049073 0.104672 -0.010518 0.091097 -0.118784 0.165374 0.072384
-0.066097 0.087562 0.161104 -0.034203 0.002957 -0.033166 0.001508 -0.040092 0.048528 0.005348 -0.005682 -0.004313 0.099742 -0.002338
0.046618 0.032044 0.124258 -0.114814 -0.226625 -0.198183 -0.126895 -0.076022 0.084548 0.005064 0.080322 -0.165499 0.050173 -0.021658
0.079219 0.039960 0.202680 -0.022460 0.002721 -0.038716 -0.068011 -0.106037 0.119405 0.090396 -0.077794 -0.075699 0.009926 0.024556
-0.083743 0.005581 0.088576 0.005324 -0.011180 0.006304 0.028492 -0.006296 0.032725 0.086361 0.034953 0.069787 -0.092627 0.015041
0.048640 -0.030718 0.072487 0.026467 0.017288 0.064762 -0.025523 0.043391 -0.117064 0.052434 -0.040438 -0.041130 0.022403 -0.022845
-0.116450 -0.073858 0.001783 -0.039786 0.022632 -0.034200 -0.234814 -0.024729 -0.086100 0.031013 -0.057961 0.069222 -0.053503 0.049753
0.013624 0.090665 0.061709 -0.017175 -0.078004 -0.085974 0.015990 0.004102 0.056298 -0.003390 -0.069030 -0.040576 0.033889 -0.063690
0.008340 -0.060469 -0.139006 -0.059530 -0.008603 -0.037133 0.062884 0.051555 -0.060820 0.000107 -0.062715 0.067816 -0.073954 0.012861
-0.095842 0.019057 -0.069881 0.055886 -0.050327 -0.052864 -0.014836 0.119393 0.003295 -0.047628 -0.163744 0.025536 -0.165612 -0.051230
0.098478 -0.134828 -0.056277 -0.048171 0.005761 -0.006090 0.060630 0.103520 -0.102004 0.043390 0.061837 0.097565 0.043445 -0.101848
-0.112669 0.131832 0.049810 -0.048106 -0.060829 -0.073889 -0.002716 -0.028555 0.084852 -0.054957 -0.097016 -0.056616 -0.011305 0.088808
-0.008152 0.081490 -0.046611 0.054150 0.029630 0.051491 0.007549 0.033852 -0.117549 0.058923 0.054034 0.054769 -0.101357 0.017524
0.154453 -0.080353 -0.041584 0.114101 -0.101274 -0.071086 -0.018929 0.111693 0.138162 -0.063685 -0.053625 0.218119 0.068438 -0.004769
-0.016842 -0.105673 -0.164735 -0.117674 -0.002251 -0.032204 0.154749 -0.055812 0.027836 -0.115929 -0.049037 -0.026968 0.091799 -0.060958
0.016395 0.127403 -0.095501 0.042115 0.029911 -0.025869 -0.053598 -0.001079 -0.012428 -0.055965 0.001373 0.055833 0.075665 0.056682
-0.026208 0.008728 -0.011153 0.014978 -0.162363 0.043955 -0.016670 -0.011613 0.055105 0.014232 0.034984 0.066564 0.058926 0.012403
0.038186 0.029197 0.000786 0.064714 -0.051783 0.011594 -0.196605 0.013208 0.064295 -0.101646 -0.031552 0.025769 -0.109117 -0.015884
0.025391 -0.009552 0.036540 0.008765 0.067508 -0.003693 -0.024553 0.087216 0.076511 -0.040979 -0.027330 0.055743 -0.034238 0.055268
-0.058979 0.018078 -0.033934 0.045021 0.025761 -0.006630 -0.077781 -0.018966 -0.208022 -0.114546 0.081221 -0.018255 -0.060650 0.064022
-0.024495 -0.039000 -0.007571 0.099135 0.087871 0.017303 0.013268 -0.041027 0.030406 -0.007240 0.032403 0.032977 -0.101172 -0.078979
-0.062456 -0.148176 0.080291 0.037903 -0.044656 -0.077456 -0.095002 0.051880 0.038287 -0.097001 -0.074903 0.068944 -0.111527 0.038279
-0.072958 -0.102121 0.002590 0.073515 0.068260 0.015316 -0.160519 -0.173060 0.029614 0.057954 0.002576 0.028532 -0.120491 -0.049092
-0.122695 -0.026062 0.040560 0.036095 0.087919 -0.018152 -0.015044 -0.098229 -0.001713 0.026718 0.031169 -0.038840 -0.039167 -0.039773
-0.067572 0.064872 -0.009614 0.043212 -0.046167 -0.011872 0.019198 0.048031 0.019600 0.044023 -0.021825 -0.007999 -0.020396 -0.074775
0.053409 0.013543 -0.022407 0.038965 -0.073142 0.076871 -0.003764 0.013189 -0.095228 -0.025873 0.014785 -0.165640 0.062022 0.053856
-0.062565 0.034237 0.086289 0.019290 0.005423 -0.016676 -0.059817 0.078205 0.085393 -0.054135 0.162599 -0.124524 0.027337 -0.015128
-0.051838 0.032574 -0.054809 -0.073688 -0.037630 -0.096145 -0.004113 0.057751 -0.015329 -0.024141 0.022739 -0.050469 0.059829 0.029130
0.104882 0.068418 -0.004671 -0.041645 -0.087345 -0.036801 -0.115905 0.019768 0.052064 -0.001675 -0.015952 0.028075 0.147688 -0.028386
-0.054182 0.011804 -0.034157 0.067467 0.010454 0.043408 -0.049247 0.019378 0.031671 0.008146 -0.012914 -0.137976 -0.039604 0.075649
0.010811 0.030711 0.099260 0.089595 -0.013102 -0.103320 0.004827 -0.036370 0.022057 0.027941 0.004839 -0.051411 -0.022203 0.035138
0.000027 -0.022748 0.104142 -0.063913 0.098183 -0.062502 0.004759 -0.046642 0.033679 0.105840 -0.035206 0.045907 -0.049205 0.020836
0.018226 -0.064548 -0.026122 -0.020963 0.021115 0.085245 0.001906 -0.038940 0.028626 0.047800 -0.118084 0.048784 -0.029331 0.048226
0.013599 -0.042090 0.050847 -0.025714 -0.038621 0.048214 -0.152954 0.025108 -0.036352 0.033892 0.024556 0.062856 -0.020877 0.063580
-0.084878 -0.054862 0.002736 -0.016172 0.068234 -0.006334 -0.067220 -0.093076 -0.067772 0.079186 -0.027920 0.022292 -0.118408 -0.045544
-0.060196 -0.063427 -0.029228 -0.084942 0.097551 -0.051428 -0.027058 -0.065550 -0.079145 0.095899 -0.012959 0.129052 -0.126374 0.048620
-0.102994 -0.090557 -0.009908 -0.104337 -0.042587 -0.042671 0.043064 0.143965 -0.063257 0.057412 0.021017 0.009339 -0.052668 -0.038161
0.024562 -0.018295 0.027180 -0.006009 -0.062925 -0.006491 -0.158153 0.083118 0.130743 -0.042143 0.048889 -0.014763 -0.083186 -0.013405
-0.040452 0.082542 -0.031248 -0.136350 0.025673 -0.003076 -0.058331 0.088886 -0.060643 0.079519 -0.024894 -0.069323 -0.034413 0.098982
-0.023856 0.101936 -0.119235 0.065891 -0.082802 -0.039109 0.042332 -0.033735 0.098839 -0.029504 0.036308 -0.018624 -0.152857 0.133511
-0.067832 -0.062698 0.063542 0.063972 -0.058012 0.027641 -0.150663 -0.043340 -0.128911 -0.007947 0.133169 -0.014119 -0.194528 0.014546
0.121537 0.083551 0.011308 -0.021600 -0.071468 0.034700 0.053455 0.098721 -0.072271 0.064159 -0.097638 -0.021014 0.044028 -0.134472
-0.017132 0.101947 -0.091555 -0.013799 0.046773 -0.045634 -0.021490 -0.000188 0.085264 0.006477 -0.069960 0.066555 -0.067095 -0.015466
-0.133446 0.077399 0.017778 -0.047982 0.010706 -0.016464 0.101458 0.045623 0.067634 0.066365 0.065702 0.019213 0.055684 -0.032713
-0.062456 0.016806 -0.005074 -0.099267 -0.005922 -0.088418 0.049599 -0.043448 0.067411 0.018250 0.110369 -0.019316 0.101271 -0.076877
-0.011188 -0.011666 0.031280 0.059793 0.019064 -0.066879 0.098112 -0.037273 0.005440 -0.007367 -0.096926 0.043010 -0.026823 -0.005809
0.021001 -0.077617 0.108312 -0.010807 -0.044640 0.066875 0.037453 0.007964 0.053971 0.074154 -0.017505 -0.050092 0.028057 0.052060
0.019647 0.008211 -0.014396 -0.094333 -0.027522 -0.104047 0.131426 0.143892 0.048563 0.036190 -0.033099 0.008535 0.047351 -0.058328
-0.066215 -0.073951 0.028219 -0.086493 -0.045329 0.029300 0.161220 -0.015046 -0.058443 0.052455 -0.004722 -0.051089 -0.055675 0.033800
0.042558 -0.034523 -0.034398 -0.048656 -0.023530 0.005181 0.029480 0.021988 -0.030298 0.013016 0.020296 0.026872 -0.078202 -0.093521
0.021193 -0.141218 0.053281 -0.145459 -0.079468 -0.189354 0.013147 0.012028 -0.022234 -0.074369 -0.054444 -0.000269 -0.079216 -0.097405
-0.053624 -0.031300 0.060575 -0.055611 0.058171 -0.109831 -0.066718 -0.077061 0.005570 0.122680 0.050698 -0.018899 -0.118696 0.089893
0.034124 -0.021206 0.009850 -0.096408 -0.014042 -0.024562 -0.035890 -0.030069 0.063083 0.022136 0.021464 -0.123697 0.067702 -0.102707
-0.012487 0.082462 0.025418 -0.004483 0.006394 0.110381 0.020294 0.041899 0.099735 0.023907 -0.047857 -0.201481 0.055285 0.025076
-0.071921 0.101400 0.000639 -0.134803 -0.110422 -0.043748 -0.034375 -0.006353 -0.048197 0.044299 0.022287 0.002541 0.024735 -0.072614
0.061261 -0.004074 0.023418 -0.078150 -0.067073 -0.100821 -0.080308 -0.101960 0.016730 0.021403 -0.010196 -0.072898 0.063286 0.006609
-0.059556 0.114634 0.067188 -0.060523 -0.054285 -0.041450 -0.022461 0.059532 -0.024882 0.024484 0.054608 0.003410 0.076284 0.112099
0.001382 0.001073 0.109867 -0.068432 -0.032445 -0.132789 0.015073 0.016080 -0.003569 0.048601 -0.050751 -0.043068 -0.010510 0.077797
0.065673 0.016868 0.103756 -0.078739 -0.056911 -0.051586 0.100758 -0.010933 -0.072907 0.004315 0.030617 0.034741 -0.030644 0.056241
-0.054483 -0.049523 0.080906 -0.013416 -0.047017 -0.045230 -0.009024 0.137414 -0.051058 -0.061399 -0.047370 0.100598 -0.040314 0.112624
-0.027409 -0.019535 0.064274 0.068044 -0.066209 0.027272 -0.025877 -0.088103 -0.031849 0.050777 -0.037710 0.080653 -0.043161 0.014147
-0.213784 -0.161730 -0.039123 -0.027145 -0.061197 0.070656 -0.065501 -0.026252 -0.160024 0.055913 -0.064033 0.004556 -0.178361 0.011982
-0.064651 -0.070017 0.007108 0.038727 -0.046729 -0.037803 -0.012932 0.009323 -0.144279 -0.016120 -0.069275 0.107828 -0.106345 0.057001
0.053202 -0.170531 -0.086129 0.019444 -0.018432 -0.032332 0.014255 -0.053209 -0.027537 0.076616 0.154159 0.068507 -0.075947 0.084123
0.038548 -0.073691 -0.040878 -0.083757 -0.020839 -0.115754 -0.081305 -0.033731 -0.038061 -0.018843 -0.132767 0.029822 -0.045761 0.038644
-0.006457 -0.009961 -0.045169 0.015864 0.036461 -0.033825 -0.069555 -0.041858 0.057434 -0.021131 0.040255 -0.035959 0.041235 0.047037
-0.057994 -0.015526 -0.084850 0.108969 0.202644 -0.117033 -0.006407 -0.016239 0.051535 0.027224 -0.089151 -0.008123 0.013703 0.190291
0.064400 0.113568 -0.063319 -0.009070 -0.092086 0.021839 0.048496 0.020040 0.017932 -0.054919 0.025759 0.079917 -0.036777 0.040242
-0.059022 0.010231 0.035469 -0.095366 -0.072596 -0.080384 0.123348 0.032652 0.014121 0.067220 0.012936 0.151085 0.105178 0.069088
0.015882 -0.005386 -0.115846 -0.077873 0.129581 -0.030991 0.015928 -0.016789 -0.163458 -0.066474 -0.080144 -0.089355 -0.055992 -0.022579
0.051085 0.024790 0.018004 -0.003993 -0.107455 -0.026322 -0.014554 -0.002139 0.076853 -0.074319 -0.179571 -0.033518 -0.098127 0.071057
0.060503 -0.086513 -0.060393 -0.101488 -0.078274 -0.033175 0.012898 0.020405 -0.085182 0.007237 0.004397 0.022816 -0.038580 0.010552
0.018075 -0.047527 0.001332 -0.059833 -0.040289 0.071457 0.082208 -0.078463 -0.067272 0.020429 -0.111392 -0.084284 0.086257 -0.013731
0.008799 -0.059335 -0.130917 -0.000705 0.026689 -0.014363 -0.158154 -0.052435 0.103165 -0.092311 0.050928 -0.007023 -0.035395 0.045547
-0.019429 0.156236 -0.011040 -0.079247 0.099096 0.056466 0.018287 0.048768 -0.026034 -0.008328 0.086154 -0.004829 -0.054830 0.010919
0.040900 -0.099387 -0.025383 -0.130785 0.037714 0.040017 0.001790 -0.078500 -0.083212 0.012946 -0.021542 0.038843 -0.193225 0.071436
0.043952 -0.070928 0.004768 -0.088778 0.035699 0.036392 0.141987 -0.002943 -0.012333 0.055191 0.020501 0.027149 0.004896 0.035582
-0.023329 -0.104038 0.018218 -0.010558 0.077179 0.060603 -0.058107 -0.009255 -0.011714 0.019115 0.125812 0.029045 -0.040329 0.048098
-0.077179 -0.184781 0.134890 -0.033756 0.004130 0.100444 0.042930 -0.002259 0.013813 0.027045 0.016069 -0.072550 0.125151 -0.058469
-0.031981 -0.121105 -0.058216 -0.119789 0.023514 0.000781 -0.108075 -0.024320 -0.010727 0.053118 0.045971 -0.157482 0.131368 -0.069008
-0.048485 -0.082592 0.021534 -0.084722 -0.038287 -0.109608 0.066082 0.000377 0.083812 0.015871 0.004594 -0.076178 -0.002565 -0.033949
-0.176283 -0.027069 0.050528 -0.140496 -0.113460 -0.063862 -0.062434 -0.092847 0.028563 0.040348 -0.000152 -0.067423 -0.080281 0.051157
-0.148676 0.006944 0.023113 0.056335 -0.122372 0.079136 -0.032527 0.029289 0.088118 -0.018584 0.054849 -0.161882 0.026386 -0.018210
-0.256914 -0.015080 0.015528 -0.078493 -0.019537 -0.064754 -0.033772 -0.075680 0.063105 0.013689 0.104075 -0.060088 -0.004905 -0.041812
-0.058828 -0.055806 0.106416 -0.140665 0.026168 0.099441 0.040791 -0.062435 0.026412 0.049143 0.011212 -0.026925 -0.052244 0.003811
-0.097997 -0.068458 0.095134 -0.108286 0.101453 0.033734 -0.022995 -0.107303 0.027925 -0.001140 -0.015042 -0.023796 -0.131441 0.017311
-0.061086 -0.090672 0.039997 -0.074129 -0.088054 -0.005830 0.008970 -0.114549 0.068528 0.047955 -0.030902 0.065662 -0.078562 0.052107
-0.103958 -0.072317 0.047754 0.013069 -0.076871 0.020848 -0.032362 -0.111692 0.086649 0.034932 -0.166831 0.096676 -0.025791 0.093266
-0.068813 0.006525 0.032856 -0.043755 -0.094833 0.116888 0.043306 0.051630 -0.077519 0.084382 -0.060748 0.041352 -0.024981 0.091702
-0.032365 -0.006794 -0.015001 0.081665 0.063228 0.052590 -0.089978 -0.113510 -0.000174 0.069773 -0.068239 -0.008203 -0.023815 0.049190
0.054026 -0.005192 -0.013226 0.045611 0.053594 -0.085677 0.083357 0.139545 0.018809 0.024334 0.018691 0.050319 0.006461 0.047521
-0.039168 0.012385 0.019023 0.017734 0.048779 -0.093919 -0.204143 0.031200 -0.011532 0.015811 -0.084103 -0.001422 0.053987 0.109341
0.115819 -0.039643 -0.043332 -0.063438 -0.015858 0.042940 -0.008228 0.063189 -0.008043 -0.033756 0.042033 -0.004202 -0.117816 0.053091
-0.084891 -0.043250 -0.124087 -0.068741 0.177984 -0.104618 0.022516 -0.042193 -0.049254 0.153323 -0.011918 0.012907 0.061760 0.097633
0.100659 -0.063596 -0.083083 0.042336 -0.004959 0.074386 -0.092567 0.082919 0.079509 -0.026250 -0.020834 0.040818 -0.116003 0.100218
-0.030977 -0.068069 -0.062522 -0.043849 -0.136455 0.009178 0.087242 0.037253 -0.016982 -0.134220 0.093975 0.095344 -0.134180 0.001273
0.020935 0.202294 -0.040927 0.036983 0.043515 -0.011072 0.018748 0.020320 0.036745 0.093111 0.039794 -0.107895 -0.009860 0.028290
0.116139 -0.068194 -0.066126 -0.102256 -0.129189 -0.022224 -0.067088 -0.074180 0.015460 0.055826 -0.067599 0.080130 -0.008912 -0.065955
-0.009118 -0.059013 0.007047 0.017435 0.059865 0.007996 -0.010570 -0.000182 0.047061 0.087783 -0.051861 0.120038 -0.089933 0.058749
0.124728 0.081338 -0.024891 0.002339 -0.073071 0.011162 -0.062112 0.003656 0.023232 -0.024495 0.007254 -0.071405 0.001032 0.041802
0.044526 0.035964 0.055205 -0.030423 -0.154427 -0.123692 -0.065533 0.112897 -0.051003 0.082621 0.120201 0.040534 0.064654 -0.021365
0.016139 -0.042568 0.042543 0.023097 0.028869 0.004474 0.069053 0.108903 -0.011142 -0.067687 -0.031186 -0.030608 0.086977 -0.068850
-0.079257 -0.042029 -0.154853 -0.116395 0.042248 -0.047947 -0.034879 0.081534 0.032981 -0.132290 0.082741 -0.078320 0.040687 -0.025756
0.131382 -0.062156 -0.155610 -0.026094 0.012053 -0.085963 0.109331 0.058569 -0.040932 0.064779 -0.113144 0.018928 0.081077 0.054300
-0.083227 -0.026890 0.071229 -0.004049 -0.085334 -0.086736 -0.034693 0.032373 0.022866 0.026205 0.015250 -0.080615 -0.067396 -0.030010
0.002050 0.020097 -0.046849 -0.039888 0.029474 0.015130 0.096706 -0.025226 -0.102241 0.021949 0.018313 -0.013727 -0.000627 -0.037421
-0.127729 -0.172012 0.050054 0.026132 -0.030677 -0.009869 0.123250 -0.142694 -0.077272 -0.054155 -0.147512 0.006846 0.021084 0.101814
0.024115 -0.389540 -0.068713 -0.010657 0.053262 -0.059371 0.086304 0.091551 -0.108086 -0.017634 -0.010981 -0.074903 0.029365 -0.028591
-0.159632 -0.161330 0.053486 -0.022435 -0.021665 0.015315 -0.008674 -0.090807 -0.080354 0.010488 0.036863 -0.150716 0.123459 0.047925
-0.092965 -0.234258 -0.091045 -0.063128 0.037647 0.038139 0.030574 -0.133657 0.032545 0.035628 0.084310 -0.137127 0.037042 -0.085879
-0.028377 -0.135070 0.070741 -0.075464 0.023808 -0.161332 0.056455 -0.088842 -0.120499 -0.016518 0.072644 -0.033204 0.026345 -0.080008
-0.081295 -0.091710 -0.019249 -0.118723 -0.117035 0.055397 0.141271 -0.210756 0.096040 0.099054 0.082043 0.086104 -0.032148 -0.012211
-0.050754 -0.085140 0.034959 -0.078230 0.044785 -0.157039 0.038289 -0.120421 0.009508 -0.018612 0.068158 0.001763 0.001609 0.013210
-0.120910 -0.121063 0.007616 -0.176214 -0.064473 -0.083172 0.044208 -0.049934 -0.041357 0.023415 0.027848 0.030542 -0.085601 0.029709
-0.046775 -0.042642 -0.028260 -0.091194 -0.024473 -0.052265 -0.014682 -0.117088 -0.008802 0.020602 -0.019472 -0.019322 0.029937 0.074275
-0.104467 -0.051110 -0.019922 -0.102841 -0.060775 -0.051482 0.118425 -0.100687 -0.142947 0.046915 0.015353 0.016960 -0.042549 -0.006862
0.028040 -0.164715 -0.057452 -0.097883 0.001848 0.074603 -0.143930 0.019563 -0.038923 0.094207 -0.002337 -0.064087 -0.072506 0.142482
-0.131123 -0.027937 -0.080173 0.049804 0.016428 -0.104297 -0.127960 -0.080094 -0.082132 -0.012943 0.110851 0.028261 0.036712 -0.013758
0.107732 -0.049279 -0.122714 -0.119133 -0.005760 0.089352 0.024326 0.026480 -0.064524 0.139791 -0.019392 0.035639 0.006003 0.129217
-0.040895 -0.033566 0.037100 0.030090 -0.181893 -0.130009 -0.012664 -0.099214 -0.106077 -0.000723 -0.001729 0.036999 -0.024662 0.001225
0.019138 -0.016284 -0.169000 -0.133751 -0.179152 -0.014096 -0.129046 0.003515 0.031173 -0.048100 0.015021 0.024442 0.012261 0.069872
0.086359 -0.052722 -0.023957 -0.012631 0.033847 0.111059 0.016369 0.022862 0.012389 -0.086928 0.062286 -0.116392 0.073154 0.090432
0.012224 -0.066276 -0.099950 -0.005680 -0.061294 0.078152 0.005404 -0.041871 -0.097174 -0.110238 0.110269 0.007961 0.000132 0.094830
-0.019630 -0.059438 0.021585 0.031307 -0.036038 -0.045307 -0.090508 -0.065907 0.118485 0.019419 -0.013207 -0.087770 -0.031397 -0.000979
0.053325 -0.038211 -0.003981 0.101854 0.165600 0.116626 0.021540 -0.074686 0.047504 -0.051339 0.004797 -0.156017 -0.061781 0.077532
-0.132999 0.052465 -0.157995 -0.057761 0.003157 0.036679 0.040608 0.076551 -0.012244 -0.025018 -0.003958 -0.035617 -0.129244 -0.080794
0.034348 0.096099 0.047830 0.056664 0.080046 0.113908 -0.034888 0.051052 -0.025808 0.053704 -0.021465 0.056723 -0.017859 0.004936
0.049242 0.080196 0.071717 0.018294 0.079303 -0.024346 -0.024783 -0.101308 0.032904 -0.053317 0.047510 0.119782 0.028864 0.158341
0.065704 0.006389 -0.064446 0.042019 -0.071861 -0.075582 -0.057559 -0.015654 0.039232 0.088754 0.009876 -0.074986 -0.085796 0.011712
-0.033472 -0.011015 -0.054000 0.109536 -0.013743 -0.133744 -0.129474 0.117751 0.063166 -0.014994 0.021065 0.045026 -0.180375 0.038634
0.050497 0.034573 0.156157 0.110003 0.066367 -0.100723 0.125033 -0.069459 -0.016776 0.011325 -0.011815 -0.018856 -0.047670 -0.005665
-0.022692 0.012207 -0.040330 0.032442 0.070727 0.026517 0.002767 -0.044067 -0.094009 -0.017847 -0.010285 0.060562 0.032425 0.041884
0.013304 -0.088949 0.029722 -0.065335 -0.015993 -0.111429 0.047143 0.087835 -0.003558 0.035726 0.008430 -0.145880 -0.122603 -0.074992
-0.031781 0.003794 -0.145324 -0.024271 0.052658 0.128474 -0.011440 -0.140894 -0.086257 -0.001124 0.006744 -0.074009 0.026846 0.018884
0.044974 0.004274 -0.133414 0.062748 -0.123406 -0.008964 0.055068 0.060005 -0.079375 0.012186 0.088737 0.008879 -0.018755 0.069266
-0.074748 -0.006075 -0.071156 -0.043107 -0.060407 -0.161662 -0.021512 -0.073096 -0.092866 0.014770 0.069907 -0.111628 0.030466 -0.031132
0.048905 -0.189693 -0.190239 -0.049217 -0.060143 0.104285 0.029425 -0.107766 -0.075106 0.005122 0.002747 -0.036814 -0.022016 0.006324
0.019155 -0.101830 -0.043359 -0.019315 -0.079450 0.024640 0.050108 -0.012823 -0.105107 -0.009941 0.130182 -0.108021 -0.025649 0.011454
-0.019374 -0.123199 -0.125411 0.012067 -0.094372 0.012290 -0.081116 -0.065163 -0.077290 -0.025301 0.059799 -0.035738 -0.022585 -0.100771
-0.098442 -0.131614 -0.023584 -0.072952 0.049248 -0.032107 0.047024 -0.033388 -0.152442 0.069427 0.006344 -0.084424 -0.133906 -0.118977
-0.189980 -0.041365 -0.063820 -0.005050 0.037336 -0.143290 -0.050991 -0.088938 -0.056098 0.073092 -0.027411 -0.010491 -0.072416 -0.017142
-0.247095 -0.062860 -0.001438 -0.084115 -0.078378 -0.007497 -0.066151 -0.063028 -0.051021 0.005266 -0.063259 0.006137 -0.031123 -0.078847
0.026746 -0.062022 -0.056075 -0.183981 -0.095691 -0.021135 -0.017394 -0.037530 0.035754 0.020471 -0.009851 0.022137 -0.109343 -0.036880
-0.158913 -0.041082 -0.111989 -0.121183 -0.195187 0.042071 -0.094431 -0.160134 -0.021382 0.068880 0.012901 -0.047535 -0.050446 -0.022945
-0.043370 -0.050772 -0.067287 -0.041162 0.007486 0.034990 -0.225011 -0.091528 -0.035927 0.070713 0.025478 0.093282 -0.106173 -0.055061
-0.067344 -0.099508 -0.031430 -0.041584 0.071629 0.044998 0.008465 -0.165603 -0.096341 0.014690 0.004756 0.059694 -0.037368 0.199874
-0.123971 -0.051819 -0.065863 -0.036097 0.047796 -0.005068 -0.105521 0.030271 -0.172682 0.085553 -0.039642 -0.068310 -0.018031 -0.015446
-0.087050 -0.036279 -0.208639 -0.052030 0.107502 -0.076334 -0.112514 -0.140541 -0.091820 -0.013129 0.003055 0.022790 -0.031368 0.183819
0.008817 -0.116239 -0.086948 0.064345 -0.100414 -0.009514 -0.021272 -0.105502 -0.074726 0.084271 -0.119385 -0.058326 -0.049604 0.048547
-0.071724 -0.014656 -0.008507 -0.032718 0.095495 0.037469 -0.025317 0.036231 -0.008044 0.015055 -0.004450 0.047410 0.028019 0.052591
0.000282 0.022478 -0.026841 -0.001803 -0.024048 -0.075599 0.037123 -0.069224 -0.008271 -0.023739 0.009206 -0.029674 -0.079871 -0.020020
-0.017681 -0.013920 -0.019834 -0.019537 -0.080759 -0.121450 0.062031 -0.050237 0.042012 -0.074567 0.092033 -0.070617 0.016214 0.078607
0.053266 0.026997 0.025679 -0.071530 0.049960 0.003034 0.001104 0.006790 -0.041907 -0.061212 0.052216 -0.116980 -0.079255 0.056805
-0.032959 -0.024491 0.134023 0.071255 -0.078412 0.029221 0.067270 -0.131750 0.120471 -0.040176 0.035651 -0.102865 0.080828 0.018849
0.045876 0.034628 -0.047489 0.137413 -0.028090 0.084359 0.008922 -0.042262 -0.040047 0.102258 0.108633 -0.011294 -0.009611 0.120767
-0.084589 0.035345 -0.040954 -0.017723 0.156307 0.099283 0.002786 -0.074996 -0.021644 0.041411 -0.000191 -0.117066 0.048466 -0.066298
-0.111612 0.052212 -0.054539 0.073827 0.105435 -0.034070 -0.023426 0.040584 0.054990 -0.008334 -0.056218 0.034120 0.059671 0.032830
0.089104 -0.196197 0.006113 -0.035181 0.111035 0.026511 -0.042385 0.099568 0.101036 -0.042537 0.041480 -0.066957 -0.038148 0.071339
-0.041393 0.039861 -0.153507 -0.074597 0.054284 -0.023162 -0.028766 -0.035827 0.063478 0.150978 0.127322 -0.079172 0.079907 -0.089872
-0.013122 -0.057042 -0.138509 -0.120597 -0.051984 0.108930 -0.018414 0.016719 0.045920 -0.026435 0.047229 -0.022755 -0.016498 0.040671
0.088419 0.041974 -0.085544 0.072456 0.033739 0.087511 0.078098 -0.145668 -0.093439 0.043568 -0.027475 -0.051257 0.032417 0.023821
-0.039269 -0.021292 -0.125503 -0.049589 -0.039685 -0.094422 0.019004 -0.053158 -0.021487 -0.067638 0.066324 -0.042048 0.009755 0.031891
0.030520 -0.031003 -0.219327 -0.095444 -0.052286 -0.026923 -0.028259 -0.106206 -0.168950 0.068098 -0.075162 -0.152883 -0.089916 -0.033136
0.022639 0.005435 -0.080414 0.051886 0.014129 -0.027338 0.032017 0.006144 -0.042648 0.033694 -0.012770 -0.161577 -0.043235 0.103078
0.016545 -0.055462 -0.111167 0.041348 0.138596 -0.048906 0.078580 -0.087232 -0.202647 -0.016680 0.021804 -0.028931 -0.035196 -0.023032
-0.027205 -0.060657 -0.069403 0.009872 0.006114 0.027359 -0.064712 0.058842 -0.013948 -0.028968 -0.003601 -0.149945 -0.110411 -0.007141
0.101267 -0.043770 0.007557 -0.015734 0.125424 -0.029121 0.055256 0.009860 -0.046081 0.058125 -0.026227 -0.002176 -0.036353 -0.048663
0.035060 -0.001322 -0.111386 0.099714 -0.106312 -0.089682 -0.010566 0.097367 -0.002450 0.048812 -0.124151 -0.008409 0.007296 -0.102233
-0.373343 -0.049983 -0.082301 0.087083 0.069744 -0.003847 -0.064142 0.149332 -0.027783 -0.001493 -0.184754 0.103028 -0.061060 -0.103040
-0.230097 0.001812 -0.035849 -0.096010 -0.124564 -0.098789 -0.025013 0.077038 -0.047478 0.078007 -0.011414 0.031499 0.014817 -0.157878
0.060047 -0.031135 0.011047 -0.258510 -0.100175 -0.048001 -0.080654 0.048035 -0.147637 0.010293 0.061197 -0.001706 -0.008102 -0.108132
0.115693 -0.031261 0.043154 -0.256908 -0.090862 0.006799 -0.161421 -0.088985 0.075894 0.040938 0.070718 0.087859 -0.029864 -0.021925
0.081514 -0.080339 -0.015722 0.025334 0.006552 -0.100031 -0.039634 -0.137721 -0.055177 0.051474 0.124595 -0.021129 -0.052059 -0.135069
0.015243 0.074132 -0.178035 -0.107065 0.045170 -0.017219 -0.031462 0.035282 -0.020285 0.034225 0.117561 -0.021369 -0.060676 -0.012909
0.016568 0.008032 0.008287 0.042686 -0.082925 0.067537 -0.087990 -0.079963 0.021401 -0.025602 0.078024 -0.001173 -0.008852 -0.028247
0.030870 0.042302 0.037281 0.001844 -0.027744 -0.019022 -0.042440 -0.093344 0.009654 0.016154 0.045299 -0.020556 -0.039577 0.016904
-0.010757 0.076724 0.063427 0.033967 0.014131 -0.033138 -0.066025 0.023276 -0.038502 0.109027 0.041109 0.010165 0.011455 -0.030271
-0.004592 0.073092 -0.055229 -0.048341 -0.040026 0.070789 -0.015977 -0.187160 -0.054063 -0.019910 0.034646 0.021556 0.015468 0.078859
-0.163092 0.009409 0.017003 -0.015756 -0.106580 -0.047881 0.043257 -0.003266 -0.122763 -0.155667 -0.048280 -0.115002 0.053881 0.070046
-0.082964 0.011646 -0.037394 -0.041255 0.188586 0.088839 0.040189 0.015472 -0.035913 0.122531 0.094350 -0.058609 -0.166509 -0.018704
0.059582 0.008940 0.050253 0.030757 0.006114 -0.085563 -0.011839 -0.043615 -0.077973 -0.060203 0.020226 0.091802 0.029437 -0.054027
-0.023624 0.010715 -0.096990 -0.072369 -0.137393 -0.155533 0.069180 0.192453 -0.035331 -0.000011 0.043929 0.162502 0.090678 0.148185
0.038648 -0.050194 -0.029767 -0.063293 -0.005722 -0.058197 -0.020345 0.140290 0.081458 0.027924 -0.087431 -0.066078 -0.016335 -0.047142
0.092283 0.007571 -0.084948 -0.040085 -0.134686 -0.003192 -0.055273 0.038298 0.036638 0.128056 -0.021280 0.021920 -0.013350 0.042110
-0.037766 -0.011896 -0.034558 -0.129422 0.023547 -0.123663 -0.032747 0.041447 0.165706 0.025429 0.102102 0.038519 0.061159 -0.100966
-0.059345 -0.093206 -0.074836 0.007429 0.020137 -0.046968 -0.048523 0.007491 0.028539 0.060237 -0.051594 0.035617 -0.093596 -0.032346
0.052751 0.114668 -0.079050 -0.024745 0.038796 -0.125086 0.006457 -0.049246 0.048064 0.064084 -0.062614 -0.116203 -0.016562 -0.037351
-0.058936 -0.061718 -0.013337 -0.062918 -0.076057 -0.077792 -0.055394 -0.033951 -0.026604 -0.055656 -0.002182 -0.061889 0.007244 -0.019652
-0.044040 0.091717 -0.111792 0.002135 0.017875 0.036167 0.025984 -0.008485 -0.025363 0.060449 -0.103916 0.025131 0.030122 -0.086024
0.028133 -0.004780 -0.062700 0.061601 0.034392 -0.059408 -0.021949 -0.078590 0.060960 0.016029 0.083815 -0.106381 0.063120 -0.047921
-0.100803 0.067024 -0.067989 0.078011 0.077317 -0.121084 0.104259 0.028967 -0.044933 -0.025372 -0.010079 -0.104222 0.036867 0.011986
-0.012554 0.031735 -0.053086 -0.041100 0.001768 -0.200060 -0.094613 -0.026665 -0.050870 -0.049908 0.049265 -0.053254 0.089004 -0.011416
0.044969 0.016037 -0.042344 -0.010623 -0.010165 0.036560 0.006573 0.013360 0.015952 0.027247 0.000121 -0.025880 -0.016202 0.020509
0.059653 0.050372 -0.065421 0.039054 0.000832 0.048725 0.115042 0.048370 -0.138307 0.015057 0.053115 -0.062955 -0.029149 0.020122
0.027660 -0.005231 -0.072682 -0.077791 0.010652 0.035884 -0.073286 0.168938 -0.075281 -0.050804 -0.118390 -0.003963 -0.018751 0.034454
-0.043579 0.008920 0.038330 0.115059 -0.014545 -0.038099 -0.050416 0.139285 -0.072888 0.001269 0.003705 -0.056348 0.024517 -0.024016
-0.309132 -0.014421 -0.114034 0.048231 -0.140131 -0.102104 -0.039652 -0.087555 0.015640 0.092584 -0.167227 0.030427 -0.080975 -0.014093
-0.153369 0.018719 -0.110629 -0.072377 -0.058210 -0.131613 -0.115799 -0.038429 -0.111388 -0.047406 -0.104367 -0.066292 -0.007073 -0.113280
0.098144 -0.010251 -0.018853 -0.383810 -0.037831 0.007740 -0.120611 -0.153898 -0.002314 0.044294 0.026132 0.048585 -0.022544 -0.147582
0.018334 0.033364 -0.134814 -0.067036 -0.048078 0.001506 -0.082403 -0.067488 -0.059972 0.018068 0.057747 -0.030836 0.031062 -0.156333
0.071632 0.037033 -0.008329 -0.126914 -0.056399 -0.036853 -0.024891 -0.005485 -0.025713 0.004764 0.038775 0.073882 0.052060 -0.063426
-0.018389 -0.046359 0.079409 0.167302 -0.040224 0.015445 -0.049503 -0.155470 -0.067105 0.007134 0.095977 -0.066479 0.027728 -0.057848
-0.001744 -0.030977 -0.149978 0.073247 0.024496 0.012397 -0.065873 -0.044538 0.030587 0.021248 0.022271 -0.012829 -0.012516 -0.137157
-0.060950 -0.040307 -0.041454 0.006122 0.041073 0.107168 -0.040004 -0.074231 -0.107146 0.067035 0.130785 -0.041751 0.070968 -0.023580
-0.024223 0.002982 -0.147552 0.014883 -0.115719 0.038699 -0.080133 -0.116927 0.030202 0.000574 0.070576 -0.076868 0.022072 -0.047383
-0.177183 -0.007105 -0.083594 0.042536 0.002820 0.027650 0.055193 0.056332 -0.037757 -0.061896 0.009990 -0.068603 -0.083107 -0.070873
-0.049135 -0.077121 0.063837 0.028403 0.023634 0.193062 -0.057690 0.005313 -0.083140 0.113031 0.066501 -0.086458 -0.076155 0.025934
-0.028017 0.037341 0.017276 0.058393 -0.070164 -0.172090 0.130309 -0.027666 -0.014399 -0.013586 -0.046247 0.051273 -0.039625 0.006780
0.018089 -0.014468 0.055378 -0.137010 -0.034557 0.061490 0.100772 -0.033471 0.072095 -0.031944 -0.124432 0.003278 -0.058179 0.106661
-0.095968 -0.077385 0.074450 0.037463 0.215514 0.142804 -0.132501 -0.050207 -0.003430 -0.140998 -0.029880 -0.143374 -0.018019 -0.150395
-0.083153 0.018017 0.083667 0.030249 -0.106881 -0.055120 -0.035123 -0.010272 -0.011477 0.020414 -0.047488 0.036923 -0.079363 0.002049
0.151648 -0.104613 -0.012190 0.023808 -0.025458 -0.085042 0.034228 -0.012797 -0.100701 0.078715 0.019201 0.000032 0.195830 -0.029437
-0.009036 -0.031198 -0.043543 0.146546 0.020071 0.001939 0.086427 -0.020977 -0.089682 0.103839 0.029905 0.079013 -0.058028 0.126892
-0.027535 -0.036480 -0.003096 -0.009320 0.010667 -0.044107 0.027674 -0.106994 0.003898 0.050435 -0.084674 0.027768 0.043550 -0.006269
0.022089 0.004941 -0.090564 -0.031816 -0.037730 -0.082258 0.069845 -0.043968 -0.003966 -0.095955 0.022227 0.096821 0.044621 -0.062335
0.087503 0.074430 -0.021580 0.033448 0.015779 0.037239 -0.024856 0.038054 0.068227 -0.037923 0.099710 -0.057714 0.025554 0.085405
0.101072 0.030574 -0.088553 -0.037936 -0.021840 -0.014565 -0.085546 0.006287 -0.114802 0.065517 0.020986 -0.059553 0.070041 -0.032752
-0.110503 0.105962 -0.095089 -0.011252 -0.004361 0.137896 0.028710 -0.044540 0.048588 -0.142997 -0.034813 -0.081464 0.130936 -0.011752
0.034366 0.006348 -0.063697 -0.141873 -0.040228 0.041355 0.027475 -0.042460 0.079002 0.035709 -0.014477 -0.010583 -0.014527 0.067905
0.066477 0.027377 0.056829 0.005253 0.087453 -0.055371 0.026394 0.019921 0.005184 0.015387 0.104716 -0.159599 0.048461 -0.028182
-0.054463 0.146497 0.048350 0.026934 -0.005682 -0.028913 0.003530 -0.090760 -0.022349 -0.064826 -0.046969 0.105648 0.112990 -0.008176
0.093444 0.067966 0.001390 0.049105 0.090040 -0.072293 0.034058 0.086485 -0.034110 0.028591 0.051272 -0.110332 0.089255 0.096375
-0.009150 0.076088 -0.054298 0.068616 -0.007713 -0.027756 0.024668 -0.083318 -0.058918 0.022256 -0.049519 -0.023524 0.047883 0.019458
-0.088587 0.071385 -0.041890 0.069825 -0.028900 0.008617 -0.054042 0.036802 -0.154929 -0.035133 -0.131324 0.007894 0.059209 0.007020
-0.282566 0.021863 0.027293 0.035553 -0.030508 -0.086129 -0.156576 -0.020948 -0.169905 -0.036062 -0.035434 0.054455 0.059109 -0.022375
-0.024626 0.035737 0.012823 -0.178170 -0.177364 -0.092379 -0.122295 -0.072845 -0.045913 0.031852 -0.020793 0.043371 0.032530 0.022016
0.050867 0.018542 -0.003299 -0.277117 -0.043817 -0.058731 -0.046440 -0.097367 -0.105540 0.034865 -0.041611 0.015084 -0.025135 -0.154154
0.101529 0.065191 -0.016475 -0.095566 -0.050263 0.014762 -0.045075 -0.005735 -0.046114 0.075358 0.075234 0.056908 0.020809 -0.146688
0.017768 0.017647 -0.021480 -0.002862 0.075141 0.052572 -0.127632 -0.082378 -0.043598 0.025813 -0.009909 -0.060296 0.047623 -0.189016
-0.027756 0.084428 -0.117103 0.019499 -0.015192 -0.142861 0.012378 -0.053318 0.038852 0.025983 0.053343 0.004450 0.053800 0.031071
-0.022673 0.043145 0.064493 0.036094 -0.042555 0.062021 0.006495 -0.102955 0.008852 0.034931 0.000749 -0.099317 0.002190 -0.064912
-0.102827 0.087623 -0.002716 -0.037751 0.060535 -0.008502 0.094434 -0.142516 -0.015099 -0.022781 0.012939 -0.029600 -0.027028 -0.074365
0.064957 0.010443 0.012313 0.029385 -0.001866 0.019422 0.007480 -0.065725 -0.031988 -0.030024 -0.002816 -0.027675 0.058908 0.081630
0.000933 0.085625 0.088676 -0.020763 0.089671 0.115891 0.040335 -0.152870 -0.095255 0.057228 0.024951 0.001582 -0.014482 0.054091
-0.028390 0.035691 -0.034765 0.013420 -0.044267 -0.017191 -0.060111 -0.099757 -0.131325 -0.040314 -0.082066 0.041387 -0.065804 -0.117882
0.020146 -0.089721 0.078676 -0.056133 0.022249 0.019684 -0.089005 -0.050352 -0.014480 0.103546 -0.081541 -0.033867 -0.048278 -0.002675
-0.041458 0.108938 0.077904 0.119075 -0.022231 0.095351 -0.110233 0.010864 -0.067032 0.028908 -0.110790 -0.009239 -0.076418 0.106479
0.046460 0.003565 0.049652 0.009783 0.099538 -0.057965 0.031645 0.047945 0.059629 0.115644 -0.050913 -0.016903 -0.002092 0.085276
-0.009894 -0.043672 -0.017709 -0.121761 -0.019135 0.009968 0.097103 0.027241 0.100606 0.033803 -0.111573 0.005529 0.005230 -0.098050
0.039904 -0.102722 -0.076887 0.013229 -0.056067 0.114795 -0.116288 -0.070727 -0.060657 -0.102826 -0.109238 0.046574 0.009065 0.018041
-0.015515 -0.056866 -0.043441 0.076023 -0.093841 -0.001436 0.078675 0.074651 0.107054 0.055219 0.029027 -0.032630 0.017071 -0.001142
-0.011762 0.059688 -0.063371 -0.070318 -0.049821 0.003511 0.045665 0.060440 0.063102 -0.006727 0.002776 0.099183 0.056259 -0.028422
0.035705 -0.082369 0.091974 -0.034902 -0.028362 0.176991 -0.053677 0.003433 0.114633 -0.103672 0.016212 -0.067715 -0.129885 -0.033530
-0.018877 -0.036862 -0.152616 0.062087 -0.000228 -0.103471 -0.030363 -0.185357 -0.030723 0.030819 0.105727 -0.107412 -0.001595 -0.017356
-0.019398 -0.012536 0.018090 -0.105793 0.021306 -0.013362 0.075731 0.018040 0.102094 -0.141400 0.017348 -0.076398 0.059300 0.010805
0.047055 0.078741 -0.066186 0.013969 0.071441 -0.197882 -0.093097 -0.021387 0.049501 -0.012920 -0.007150 0.027816 0.016191 -0.054408
0.008410 0.001903 0.077440 0.001410 -0.008237 -0.043482 -0.063741 0.050290 0.036781 -0.044061 0.010472 -0.097474 0.075961 -0.032666
-0.073660 0.124228 -0.051259 0.019068 -0.089351 -0.017955 -0.111212 0.009407 -0.034925 -0.056312 -0.014414 -0.090838 0.066578 -0.083921
-0.004885 -0.024163 -0.065922 -0.063181 0.047422 -0.100380 0.080947 0.070742 0.025089 -0.015840 -0.046381 -0.053372 0.041176 0.028915
0.065167 0.088408 0.024554 -0.017913 -0.056524 0.060992 -0.075581 -0.049336 0.045440 0.008591 0.028396 -0.031115 0.107031 -0.109747
-0.038854 0.045410 -0.034421 0.015891 0.048472 -0.071723 -0.121587 -0.127858 0.040055 0.022208 -0.044867 -0.036086 0.061717 0.138466
-0.042142 0.104099 -0.052825 0.037461 -0.097594 -0.050611 -0.078091 -0.090726 0.057319 0.005578 -0.128239 -0.095510 0.107283 -0.162766
-0.244443 0.020195 -0.052939 -0.008577 0.002842 -0.082459 -0.077655 0.103811 -0.002228 -0.089639 -0.135497 -0.002945 0.088169 0.034422
-0.033278 0.089083 -0.088869 -0.198714 0.020533 -0.090325 -0.065809 -0.030851 0.075629 -0.070089 -0.087038 -0.029010 0.068951 -0.104028
-0.001639 0.043025 -0.052608 -0.298278 -0.059575 -0.040568 0.039823 -0.001839 0.030983 0.012159 -0.151184 -0.076037 0.045518 -0.028399
0.038263 0.065908 -0.020472 -0.100517 -0.221050 0.071655 0.082858 0.013945 0.067490 0.061707 0.056692 0.011096 0.051931 -0.122147
-0.044460 0.061700 -0.003362 0.169514 -0.006895 -0.099768 0.087610 0.015131 0.048875 -0.025937 -0.004775 0.110096 0.034366 -0.132619
0.016614 -0.002415 -0.057581 0.088975 -0.091507 -0.059010 0.078233 -0.010471 -0.102621 0.059228 -0.031435 -0.028629 -0.040272 -0.057828
-0.052512 -0.004447 0.024376 -0.087749 0.240418 -0.117833 0.024301 0.020949 0.008693 0.004014 0.002795 -0.037249 0.039484 0.006260
-0.071052 -0.028167 -0.070625 0.085536 -0.053749 -0.004373 -0.031806 -0.018198 0.027670 0.023618 -0.024270 0.038535 -0.068629 -0.160230
-0.099662 -0.066957 0.035158 0.052790 -0.111450 -0.060029 -0.067451 -0.041255 -0.010328 0.061930 0.063347 0.049522 0.046305 -0.122168
-0.067565 -0.070053 0.038065 0.024836 -0.083925 -0.031507 0.043914 0.019298 0.050073 -0.013673 0.004291 -0.069471 -0.038566 -0.057882
-0.096062 0.039158 -0.040732 -0.076788 0.047011 0.053003 -0.121846 -0.044755 -0.048424 -0.044895 0.022560 0.014962 -0.054656 0.052657
-0.092150 0.086242 -0.049183 0.003453 0.062816 0.002556 0.062525 0.008255 0.002355 -0.084117 0.095353 0.029483 -0.049621 -0.097990
-0.028824 -0.085218 0.010804 -0.114825 -0.071080 -0.063498 0.029201 -0.093351 -0.079365 -0.035966 0.059198 -0.026146 0.005208 0.000333
-0.004525 0.063925 -0.013775 -0.024245 -0.012132 0.197254 0.020403 0.018161 -0.028953 -0.005849 -0.122529 -0.040961 0.044034 0.061924
0.002561 0.029230 0.086642 -0.157839 0.051325 -0.070758 0.025410 0.092131 0.001106 -0.097903 -0.023297 -0.000675 -0.110272 -0.011671
-0.040940 0.055408 -0.032585 0.063017 0.108360 -0.010058 -0.015651 0.037414 -0.053825 -0.033685 -0.031320 0.015910 -0.065592 -0.137913
0.023563 -0.020801 -0.055151 0.143161 -0.079949 -0.114061 0.055902 -0.005589 -0.083005 0.078976 -0.039722 0.037771 -0.036224 -0.174960
0.090705 0.033764 0.042541 0.005775 -0.063596 -0.020223 0.000392 0.069760 0.006125 0.049792 -0.122941 0.073191 -0.106441 -0.022695
-0.074498 -0.119118 -0.021314 -0.005121 0.013776 0.069374 -0.035034 -0.049876 -0.014595 -0.076093 -0.050365 0.025483 -0.030375 -0.084697
0.004681 -0.073751 0.073875 -0.035985 0.030740 -0.057206 0.013296 0.057186 0.177590 0.089141 0.053993 -0.044269 -0.012608 -0.063021
-0.086370 0.094934 0.116330 -0.027504 0.008059 -0.002924 -0.080425 -0.007518 0.033131 0.054284 -0.066620 -0.037227 -0.087170 -0.055381
-0.038108 -0.077669 -0.006155 0.024228 -0.004652 -0.027406 0.006613 0.010570 0.035778 0.124811 -0.013501 0.044439 -0.027335 -0.053227
0.024295 0.054474 0.046581 -0.008677 -0.040637 0.065196 -0.058395 0.105662 0.021034 -0.008116 0.078623 -0.002675 0.041989 0.004857
0.087364 0.009543 -0.028046 0.032979 0.094110 0.004889 0.034360 -0.012915 0.061867 0.040319 -0.077026 0.000132 0.087796 0.034490
-0.016943 0.022545 0.012837 0.040842 0.035261 0.076484 0.014473 0.013430 0.120695 0.025978 0.054745 -0.037519 -0.056414 -0.170912
0.029370 0.012196 -0.073061 0.001573 0.017912 -0.051455 -0.011495 -0.072606 0.103112 0.041516 -0.108848 -0.025202 -0.002223 -0.143893
0.070207 -0.025577 0.028798 0.096670 -0.067519 0.006267 -0.069929 -0.017584 0.043269 -0.047660 -0.015653 -0.002802 -0.007735 -0.126716
-0.110533 0.055584 -0.045109 -0.003167 -0.082059 -0.050348 -0.114504 -0.110732 0.043643 -0.050775 -0.077011 -0.056985 -0.007964 -0.070216
-0.060745 -0.000881 0.002659 -0.052252 0.000220 0.107210 -0.055999 0.031351 0.000577 0.041860 -0.135332 0.010497 -0.036944 -0.068991
-0.036673 0.020698 0.004580 -0.219111 -0.018640 0.077659 0.067119 0.045761 0.050026 -0.054219 -0.125661 0.033114 0.042026 -0.180686
0.044552 0.002236 -0.048603 -0.165874 -0.053751 0.012930 0.032902 -0.027446 -0.092850 0.053842 0.014625 0.044340 0.001368 -0.100859
0.133373 0.033010 0.034140 0.009536 -0.134845 0.009080 -0.016950 0.048531 0.031264 0.070301 0.031856 0.006112 0.017359 -0.103836
-0.055112 0.023259 0.032295 0.050876 0.066708 -0.102272 0.082064 -0.000290 0.005024 0.091207 -0.096935 -0.057915 -0.010008 0.027743
0.018585 0.060502 -0.016372 -0.007551 0.155258 -0.027607 -0.044336 -0.026512 0.010710 -0.051786 0.085973 0.088921 0.064213 -0.143097
-0.169851 -0.004019 0.008672 0.054849 0.072512 -0.060201 0.067940 -0.048231 -0.068572 -0.025393 0.006436 0.004956 0.029719 -0.121758
-0.094496 0.043805 0.014692 0.032201 0.070879 -0.043333 0.101015 -0.067417 -0.017031 -0.000472 -0.076188 0.073164 0.013015 -0.029579
0.009128 0.097919 -0.005239 -0.016527 0.012489 -0.106029 0.031792 -0.087189 0.093542 0.030924 0.019589 -0.033416 -0.005634 0.025297
0.024260 0.050875 0.024081 -0.065591 0.013720 -0.097724 0.087572 -0.113851 -0.021160 0.039185 -0.046508 0.128742 -0.066372 0.016280
-0.094546 0.113286 0.010572 0.131166 -0.070947 -0.070853 0.018553 -0.073688 -0.118036 -0.102392 -0.057655 -0.139403 0.064653 -0.046932
0.059416 -0.065596 -0.118135 -0.011430 0.013310 0.023071 0.098116 -0.032436 -0.126481 0.169760 0.040232 -0.108854 0.145987 0.033612
0.133237 -0.016581 0.131212 -0.092129 0.011775 0.003143 -0.012425 0.000762 0.000411 0.018865 -0.032601 0.090401 -0.092929 -0.015835
-0.085194 0.037040 -0.049732 0.027658 -0.003802 0.011608 -0.041180 0.025419 0.070805 -0.009617 -0.140297 0.014451 0.051254 0.007039
0.146436 -0.046302 -0.025616 0.006612 -0.038543 -0.097964 0.014435 -0.161322 0.000614 0.006269 0.077900 0.054135 0.018030 0.089516
0.028939 0.008083 0.105920 0.009404 -0.047622 0.074633 0.087024 0.061345 0.117976 -0.014602 0.059642 -0.125421 -0.024157 0.165953
-0.018471 -0.123836 -0.082819 0.004050 0.032337 0.028371 -0.040930 0.011701 -0.056692 -0.043082 -0.030065 0.019038 0.091079 0.022494
-0.101955 0.111607 0.066722 -0.112517 -0.130508 0.090275 -0.010936 -0.050823 -0.011317 0.038826 0.041961 -0.076829 0.025615 0.080118
-0.030143 0.066791 0.002936 0.022524 -0.006183 -0.008953 -0.051610 0.127385 0.032999 -0.010631 0.039655 -0.018556 0.056105 0.064463
0.039783 0.006129 -0.012437 0.002775 -0.066926 -0.036187 0.161715 0.057176 -0.064747 -0.163597 -0.001344 0.005609 -0.071721 -0.063746
-0.016780 -0.005369 -0.028179 0.088661 0.014211 -0.044480 -0.045251 0.071436 0.002297 -0.057528 -0.019214 -0.021831 -0.058725 -0.062708
-0.012999 -0.147770 -0.040807 0.009517 0.033833 -0.010198 0.095383 0.014897 0.005838 -0.095219 -0.069048 0.021698 -0.026351 -0.023719
0.009995 -0.061914 -0.059538 -0.033687 -0.012443 -0.047373 -0.043008 0.000903 0.053378 0.022252 -0.070131 0.084148 -0.117723 -0.043264
0.050442 -0.009177 0.087071 -0.020380 0.068905 0.011135 0.032776 0.012167 -0.001121 -0.054343 -0.066832 -0.032909 -0.046812 -0.069861
0.005141 0.024061 0.003542 0.086351 0.071379 -0.124390 -0.013568 0.016571 0.043108 -0.127642 -0.010995 0.081813 -0.025777 0.051478
0.019827 0.034555 -0.039860 0.053819 -0.025522 0.041462 -0.084389 -0.155112 -0.014633 -0.154673 -0.177834 0.100644 0.033429 0.037329
0.029801 -0.049370 0.064831 -0.052459 -0.203193 0.120044 -0.130827 0.005196 0.034025 -0.137469 0.101601 0.036816 -0.051224 -0.059114
-0.049466 -0.065762 0.010981 0.017267 0.019325 -0.050844 -0.114180 -0.010013 0.084831 -0.027593 -0.099505 -0.055288 -0.054577 -0.104771
-0.113127 -0.003675 -0.007068 -0.199902 0.045507 -0.025383 0.016971 -0.039791 0.004944 -0.230267 -0.057190 -0.011612 0.033733 -0.042532
-0.085255 -0.035150 -0.022422 -0.068403 -0.098954 0.011823 0.082423 0.055848 0.102554 -0.119795 0.008268 0.016331 -0.036337 -0.043910
0.003715 0.064270 -0.046541 -0.165730 -0.052669 0.013407 0.022034 0.123735 -0.004210 -0.040421 -0.066405 0.057440 -0.025316 0.101059
0.094288 -0.087086 0.008244 0.052649 -0.060024 -0.011544 0.026569 -0.027551 -0.000509 0.013289 -0.019057 0.014047 0.024712 0.047393
0.025436 -0.003511 -0.035538 0.073644 -0.040372 0.000938 -0.030989 0.012693 0.071332 0.029808 -0.037563 -0.019568 -0.041623 -0.071384
-0.077819 0.002313 0.097515 0.073475 0.004056 0.023791 0.010753 0.021275 0.112389 0.005987 0.029804 0.042133 0.027720 0.079840
0.013059 0.062564 -0.018352 0.036817 -0.146383 0.009541 -0.062881 -0.004455 0.045810 -0.009444 0.043125 -0.092554 -0.047941 -0.097882
-0.085051 0.083373 0.048813 -0.024755 0.084826 0.081113 0.130217 0.004158 -0.019568 0.000367 -0.027603 -0.023468 -0.034832 0.075565
0.043952 -0.025535 0.024576 0.096497 -0.079076 -0.051110 0.028956 0.001516 0.030400 0.056744 0.039637 0.005050 -0.097107 0.029432
0.023603 -0.011518 -0.041922 -0.089468 0.033675 -0.030262 0.022964 -0.080587 -0.039857 -0.053104 0.089128 0.022705 -0.056420 -0.094434
-0.029440 0.027747 0.114649 -0.066840 -0.041823 -0.037545 0.023153 -0.002566 -0.089696 -0.089006 0.147229 0.031470 -0.120790 -0.048716
0.023244 0.052202 -0.014880 -0.015080 0.002579 0.008616 0.007650 -0.187666 0.075726 -0.053855 0.038897 -0.048949 0.071169 0.017818
-0.022599 0.074068 -0.067848 0.065180 0.128345 -0.114975 -0.037973 -0.046689 -0.014831 -0.004267 -0.066901 0.013110 -0.029816 -0.019154
-0.027360 0.005119 -0.067854 0.099898 0.008820 0.092191 -0.029883 0.072420 0.052593 -0.002883 0.021924 -0.011676 -0.074707 0.054947
0.005752 -0.039940 -0.003455 0.033060 -0.029491 -0.051796 -0.075843 0.087286 0.035055 0.107604 -0.029127 -0.045167 0.005781 0.106167
-0.000823 0.068285 -0.050104 -0.059040 0.052662 -0.077679 -0.013166 -0.002647 -0.025735 0.057730 -0.031125 -0.076192 -0.095486 -0.050512
-0.083372 -0.102870 0.139278 0.090710 -0.081028 -0.032366 0.033517 -0.027207 0.122304 0.077040 -0.099759 0.023503 -0.104665 0.036844
-0.048645 -0.001859 0.123213 0.035743 -0.077780 -0.145456 0.026481 -0.065360 0.171890 0.149445 -0.010696 -0.071360 0.089364 -0.073075
-0.023652 0.025419 0.054317 -0.067610 0.109701 -0.072747 0.055046 0.043468 0.052915 0.005827 0.014551 0.122533 -0.074619 -0.061257
0.018371 0.025676 0.058097 0.048747 -0.130822 0.064039 0.052780 0.107289 -0.049597 -0.091514 0.006489 0.009302 -0.004333 0.125332
-0.051005 0.093701 0.073938 0.036211 0.022509 0.002982 0.015339 0.056920 0.030754 -0.117595 0.042421 -0.062665 -0.041590 -0.014908
0.073877 -0.022567 -0.001329 0.017072 0.009652 0.070134 -0.065686 0.023981 -0.001241 -0.256709 -0.205166 -0.079154 -0.171526 -0.084751
-0.057651 0.007772 0.002107 0.082215 0.074577 0.010927 -0.013034 0.001072 0.039315 -0.210846 -0.064716 -0.066553 -0.032513 -0.047628
-0.028354 0.010003 -0.010985 -0.039764 -0.072539 -0.094255 0.025497 0.054177 0.068069 -0.165229 -0.195382 0.108359 -0.060297 0.055747
0.089038 -0.053009 0.035573 -0.046241 -0.107909 0.008860 0.002758 -0.015204 -0.105150 -0.195717 0.072460 -0.054401 -0.068763 -0.088186
0.068541 0.049672 0.021450 -0.063520 -0.103567 -0.129427 -0.107704 0.011224 0.115252 -0.143752 -0.101484 0.015696 -0.024585 0.027721
-0.009837 -0.015501 0.076193 0.010744 -0.099699 0.003997 -0.002497 -0.001991 -0.026550 -0.168324 0.016530 0.003856 0.018803 -0.055249
-0.009055 0.025038 0.006409 -0.010405 -0.108230 0.018228 0.008811 -0.075177 0.064104 -0.087103 -0.079421 0.011972 -0.140654 0.040570
-0.073343 -0.088853 0.054740 -0.019649 0.096975 -0.110051 0.063125 -0.020919 0.084311 -0.169866 -0.073003 -0.038546 0.007770 0.003340
0.059269 -0.011599 0.048688 -0.000645 -0.068821 -0.010940 0.093650 0.028190 0.081755 -0.108260 -0.106076 -0.008061 0.019578 -0.051683
-0.045562 -0.097820 0.057523 -0.016360 -0.066594 -0.044037 -0.064381 -0.025060 0.041147 -0.112422 -0.082030 -0.042931 0.052960 -0.051345
-0.052481 0.158623 0.055377 0.066645 -0.178699 0.018352 0.060669 0.022525 0.030357 -0.024612 -0.159231 0.002083 -0.013640 -0.068135
0.037526 -0.001772 0.024275 -0.060597 0.117288 -0.045830 -0.090016 0.013690 -0.084727 0.006973 -0.023044 0.004148 -0.011231 -0.011814
-0.019655 0.099684 -0.052179 0.032717 0.080502 -0.166024 -0.001810 -0.011448 -0.016055 0.011900 0.018489 0.152167 -0.131492 -0.023723
0.017577 0.031806 0.112823 -0.005066 0.028587 -0.077509 0.045006 0.040029 0.028924 0.012566 0.014577 -0.048204 -0.043883 0.001442
-0.011686 0.167487 -0.069183 0.131801 -0.055205 -0.028140 -0.033383 -0.105170 0.093236 -0.030845 0.034294 -0.089903 -0.113824 -0.009885
-0.041457 0.140532 -0.054854 -0.078344 0.003575 -0.017819 -0.084593 0.021423 -0.053076 0.020525 -0.027152 -0.140539 0.000843 0.098960
0.020801 0.056262 0.054496 0.032463 -0.013306 -0.073494 0.048137 -0.007254 -0.046874 0.164668 -0.009008 0.117352 0.000716 -0.000466
-0.020608 -0.024035 0.041477 -0.098373 -0.035819 0.003258 0.174175 -0.000725 0.022109 -0.053920 -0.004480 -0.100096 -0.014406 0.088552
0.047681 0.063580 -0.052748 -0.112529 0.109622 -0.021665 0.042297 -0.109048 -0.034835 -0.019549 0.030909 -0.032591 0.026447 -0.012307
-0.013917 -0.057225 -0.020286 -0.158628 -0.022243 -0.029419 -0.023464 0.002715 0.083542 -0.007019 0.002560 -0.097196 -0.135468 -0.023597
-0.066548 -0.049798 0.007438 -0.072991 -0.013222 -0.040324 0.030299 -0.000312 0.026289 -0.111990 -0.063937 -0.051282 0.081675 -0.029193
-0.035881 -0.043365 0.029285 -0.045903 -0.018176 -0.020242 0.090129 -0.028889 0.008611 -0.015785 0.034547 -0.060228 -0.093599 -0.008390
0.028254 0.052420 -0.028675 0.117708 -0.104740 0.003135 0.009955 0.120638 0.021452 -0.006323 -0.023510 -0.107959 -0.060431 -0.007803
0.103432 -0.020602 0.121328 -0.054058 0.109005 -0.044855 -0.075199 0.010560 -0.034550 -0.002360 0.050044 -0.016223 0.149209 -0.019219
0.039433 -0.101094 -0.023589 -0.059945 0.078102 -0.034411 -0.002467 0.076470 -0.067871 -0.167325 -0.118665 0.075142 -0.049874 -0.001182
0.035754 0.093340 0.116001 -0.049033 0.124363 0.020490 0.035102 0.012060 -0.075547 -0.045922 -0.094165 -0.016383 -0.044719 0.048402
0.111986 0.002999 -0.026857 -0.061151 0.132164 0.065758 -0.049216 -0.004910 -0.091601 -0.186669 -0.158958 -0.047309 -0.087402 -0.044574
0.101958 0.031516 0.035255 -0.044271 -0.023239 0.051791 -0.035936 0.076884 -0.085394 -0.140412 -0.130467 -0.093364 -0.053355 -0.019127
-0.025385 0.086046 0.042240 -0.012209 -0.042099 0.007774 0.012960 0.051791 -0.067309 -0.115428 0.011445 0.039975 -0.052463 -0.056653
0.076953 -0.006164 0.096685 -0.022568 -0.055065 -0.044548 0.065822 0.105465 -0.115989 -0.101989 -0.059733 -0.065591 -0.077295 -0.073750
0.088084 0.065283 -0.039185 0.032537 0.060140 -0.013365 -0.043120 0.037415 -0.019573 -0.117163 -0.008367 -0.158035 -0.108829 -0.018680
0.033883 -0.068103 0.011292 0.052394 -0.018235 0.047454 0.054711 0.171740 -0.016826 -0.013727 0.041533 -0.095259 -0.081833 0.086350
0.023035 -0.033892 0.012270 0.006227 -0.043640 -0.005805 -0.102016 -0.076657 -0.016212 0.043020 -0.043554 -0.082555 -0.102126 -0.073433
0.075997 -0.048324 -0.028570 0.014833 0.015172 -0.003486 -0.043641 -0.044788 -0.024488 0.056645 0.005232 -0.125130 -0.242269 0.010707
0.005773 -0.012176 -0.078533 -0.001509 -0.027291 0.030812 -0.022394 0.047282 -0.183549 0.046926 -0.051016 -0.183718 -0.071272 0.097458
-0.110282 -0.080498 0.037138 -0.026598 -0.102097 -0.076700 0.059630 -0.086620 -0.046118 -0.066133 -0.000784 0.088609 -0.065718 -0.087030
-0.018436 0.021090 0.079903 0.028894 0.011338 0.071192 -0.003700 -0.046796 -0.020265 -0.061739 -0.028266 0.041958 0.016142 0.048533
-0.007648 0.088583 -0.080179 -0.047340 -0.035832 -0.169969 -0.032340 -0.037718 -0.047162 -0.094005 -0.071424 -0.092541 -0.045753 0.029246
0.133025 0.027147 -0.024339 -0.001930 0.024703 0.007159 -0.004930 0.094767 0.013024 -0.062088 -0.121403 -0.092786 0.004046 -0.071165
0.037973 0.032944 -0.066938 0.116951 0.051340 -0.023252 -0.102065 -0.004400 0.064999 -0.014554 0.048458 -0.079359 -0.072406 0.032511
0.037662 -0.039214 0.007779 0.040307 0.003700 -0.026698 0.082184 0.000683 -0.014005 0.082679 -0.079635 -0.109641 -0.031038 0.169928
-0.044433 -0.061825 0.004719 0.015255 0.000286 -0.010196 -0.128775 0.011404 -0.026147 0.036046 0.096436 0.063694 -0.013184 -0.107677
-0.031818 -0.004370 0.064719 -0.002087 -0.072004 0.050786 0.047592 -0.026045 -0.046632 -0.015416 0.048153 -0.022835 0.091572 0.060305
-0.040120 0.037321 -0.007043 -0.104263 -0.148841 -0.017017 0.090742 -0.173664 -0.077510 -0.040510 -0.092970 -0.047466 -0.020240 0.067027
-0.007677 -0.066062 0.046110 -0.020131 0.028247 0.159222 0.048738 -0.054510 -0.020429 0.004499 -0.072202 -0.069925 -0.027046 0.068201
-0.115851 0.034459 -0.013699 -0.053531 -0.016285 -0.002173 0.044503 -0.102317 -0.074714 -0.126121 -0.019239 -0.030178 -0.056888 0.144274
-0.028590 0.003262 0.046872 0.026192 -0.084286 0.174813 0.110491 -0.145027 0.000131 0.023643 0.043149 -0.044210 -0.018026 0.106435
0.047287 0.014458 0.020371 -0.058004 -0.023264 0.087312 -0.029324 -0.129765 -0.122157 0.029914 0.006239 -0.007383 0.117689 -0.012865
-0.031010 -0.053287 -0.060555 -0.065557 0.027957 0.039800 0.132514 -0.187793 -0.067514 0.049852 0.057742 -0.089835 0.022624 0.042186
