0.151142 0.021000 -0.115110 -0.196566
-0.066680 -0.083900 0.050929 -0.131785
0.101238 -0.082074 -0.068799 -0.054669
0.180600 0.021471 0.195260 -0.134058
-0.142412 0.013545 -0.002224 0.087954
0.096143 0.011024 -0.000114 0.019394
-0.104292 0.083090 0.094807 0.157310
-0.136744 -0.062052 0.026376 -0.040900
0.012862 0.105769 -0.014603 -0.061801
-0.167547 0.029968 -0.013143 -0.105554
0.147716 -0.173723 0.059509 -0.228745
-0.045440 -0.034504 -0.161572 -0.075035
-0.091393 -0.128358 -0.007677 -0.220557
-0.214458 -0.064309 0.000114 0.027073
-0.082783 -0.100273 -0.000082 -0.212500
-0.088792 0.069659 -0.028788 -0.241177
-0.093107 0.076322 -0.086555 -0.239369
0.092504 -0.112667 -0.037541 -0.078880
0.000064 -0.052367 0.058414 -0.050382
-0.218719 -0.018767 -0.112630 -0.096663
-0.206388 0.082985 0.108677 -0.027668
-0.095972 -0.011641 -0.001808 -0.115496
-0.102693 -0.028585 0.051612 0.146682
-0.067849 0.022598 0.002318 0.085940
0.263750 0.182431 -0.242733 -0.073648
-0.091295 -0.189378 0.105457 0.052207
0.261788 -0.161650 0.035257 -0.073913
-0.041286 0.121660 0.103028 -0.227474
-0.153939 -0.184369 0.129262 -0.050058
-0.040876 0.127108 0.228217 -0.089530
-0.091583 0.072161 0.099184 -0.095664
-0.209928 0.176147 -0.231755 0.011356
0.184896 0.121176 0.256315 0.065030
0.106672 -0.163258 -0.155555 -0.075967
0.162131 0.015323 0.159519 0.249615
-0.193210 0.058671 -0.097918 -0.156264
-0.176397 -0.090462 -0.118462 -0.099289
-0.003472 -0.015497 -0.239393 0.083227
-0.216547 -0.070771 -0.043500 -0.078527
0.012998 0.055642 -0.257807 -0.148173
-0.442065 -0.002767 -0.030113 0.009938
0.031040 -0.096678 0.031424 -0.094342
-0.103718 0.021803 -0.164455 -0.052134
0.023589 -0.136638 -0.203504 -0.162107
-0.054147 -0.060174 0.010093 -0.069083
0.028060 -0.058694 0.193933 -0.185042
-0.033057 0.138363 -0.132254 0.046777
-0.060428 -0.199742 -0.210059 -0.072245
-0.104865 0.104009 -0.086694 -0.075498
0.022943 0.003562 -0.247355 0.072135
-0.033253 0.008227 -0.092508 0.153748
-0.257542 -0.211100 -0.044148 -0.072680
0.049649 0.141365 -0.114527 0.061126
-0.028947 -0.068198 -0.083838 -0.037389
0.102305 -0.174061 0.026237 -0.142270
0.014117 -0.140777 0.034523 -0.026548
0.239619 0.017583 -0.154281 0.040924
0.154457 0.121914 0.055227 -0.181565
-0.088681 0.249419 0.014711 0.001271
-0.055677 -0.038617 0.179908 -0.036878
0.047228 -0.188333 -0.086602 0.156605
0.042385 -0.162950 0.180252 0.028292
-0.069753 -0.175991 0.028083 0.165176
-0.064750 0.225977 -0.041235 -0.077619
0.069287 0.186184 -0.123703 0.124817
-0.144167 -0.018423 -0.190253 -0.166229
-0.087964 -0.172766 0.026516 0.078311
-0.125826 -0.019930 -0.120687 -0.205979
0.077717 -0.071502 -0.264366 -0.071003
-0.038872 -0.125903 0.016855 0.078918
0.033801 -0.077866 -0.111235 -0.027189
-0.133043 0.092255 0.036738 -0.234629
-0.091560 -0.127581 0.020294 0.246041
-0.124446 -0.041206 -0.084212 -0.033026
-0.146784 -0.094071 -0.045172 -0.093953
-0.076625 0.158024 0.134911 0.209181
0.081398 -0.002240 -0.056822 -0.163999
0.057037 0.064081 -0.100552 0.015103
-0.064599 0.090742 -0.016985 -0.141354
-0.020955 -0.054403 -0.138797 0.000397
-0.051310 0.009030 -0.097092 -0.138125
0.078789 0.077611 0.014760 -0.055404
-0.118266 -0.031391 0.179818 -0.040199
0.144107 -0.078912 -0.177124 -0.100565
0.086865 0.067779 -0.182806 -0.030492
0.046836 0.019804 -0.075088 -0.052120
-0.022835 0.030393 0.111222 0.254528
0.126941 0.030963 -0.008369 -0.234509
-0.112576 -0.030607 -0.018178 -0.095932
0.015630 -0.016622 -0.330070 0.049440
-0.003043 0.007491 -0.062854 0.068266
-0.210072 0.157483 -0.095641 0.044911
-0.200830 -0.000240 0.017185 -0.184067
-0.129825 -0.191769 -0.088253 -0.206387
0.115829 -0.021455 -0.155212 0.064983
-0.111696 -0.069420 -0.008673 -0.038922
0.041319 -0.195741 0.092584 -0.165161
-0.047526 0.074737 -0.025157 0.041745
-0.090266 -0.289174 0.029382 0.095870
0.166929 -0.143460 0.031688 -0.238045
-0.169274 -0.246951 0.028111 0.128586
-0.239277 -0.070055 0.011329 -0.058855
-0.092513 -0.148905 0.036128 0.010499
0.010028 -0.114862 -0.038265 -0.226475
-0.079040 -0.075144 -0.114193 0.154075
-0.254759 0.109894 0.142629 -0.161465
0.010662 -0.160369 -0.014424 -0.055206
-0.222190 0.136176 -0.033832 0.098536
-0.258517 0.058855 -0.117246 -0.047507
-0.168534 -0.276774 -0.276500 -0.276960
0.175298 0.189212 0.236415 0.166851
-0.117763 -0.019091 -0.014848 -0.012927
