-0.033751 0.002234 -0.029869 -0.104121 -0.052907 0.701701 -0.013680 -0.016974 -0.151202 -0.079375
-0.004568 -0.000471 -0.003207 -0.024765 -0.005657 -0.001142 0.000819 -0.009976 0.190337 0.016444
-0.315011 -0.137788 -0.098679 -0.030072 0.115362 -0.039527 -0.023154 0.123644 0.241600 0.130924
-0.008502 0.435299 -0.108088 -0.295568 -0.036136 0.204901 -0.041536 -0.023458 0.235666 -0.096384
0.002947 -0.004217 0.430136 -0.027273 0.020565 0.008739 -0.002196 -0.016256 -0.479521 0.024320
-0.076112 -0.077938 -0.128950 -0.008204 -0.212326 -0.110148 -0.185514 0.023640 0.049019 -0.065171
-0.007151 -0.006598 -0.023148 -0.042238 -0.052405 -0.041448 -0.014086 -0.054683 -0.136590 0.667948
-0.053823 -0.007134 -0.092657 0.650464 -0.018617 -0.046488 -0.030263 -0.018568 -0.126573 -0.078818
-0.027272 0.000699 -0.015053 0.489133 -0.026967 -0.073880 -0.013833 -0.022028 -0.068912 -0.024506
0.028682 0.003461 -0.300297 0.041525 0.054511 0.012915 0.029685 0.012124 0.031328 0.076061
0.002426 0.618286 0.042811 -0.021716 0.003482 -0.140051 0.006941 0.001358 -0.322410 0.024566
-0.064837 -0.002175 0.230133 -0.077068 -0.030765 -0.015237 -0.021375 -0.035340 -0.021703 0.214246
0.002807 -0.005562 -0.040606 0.551099 -0.024050 -0.008983 -0.002606 -0.024379 -0.151796 -0.114722
-0.012219 0.158555 -0.333270 -0.104473 0.021982 0.289366 0.030236 -0.058226 0.058943 -0.095891
0.009703 -0.432573 -0.027248 -0.132875 0.041682 0.073905 -0.143158 -0.182039 -0.154027 -0.150269
-0.027329 0.002842 -0.036618 -0.043853 -0.019916 0.615279 -0.047787 -0.057538 -0.145443 -0.027407
-0.008987 -0.006354 -0.115495 -0.089278 -0.004205 -0.024111 -0.002580 0.644592 -0.007644 -0.171052
-0.050205 -0.008025 -0.072106 -0.062578 -0.057975 -0.034166 0.736887 -0.012184 -0.121573 -0.036982
-0.030444 -0.002731 0.374611 -0.080068 -0.050304 -0.027002 -0.031733 -0.024411 0.028588 -0.098899
-0.047057 -0.012488 -0.054825 -0.048007 -0.034197 -0.049181 0.690484 -0.008592 -0.164890 -0.025402
0.617162 -0.003478 -0.052616 -0.089324 -0.024604 -0.039297 -0.027589 -0.007567 -0.121171 -0.075095
0.011835 0.000211 0.041098 0.033030 -0.006893 0.009112 0.009395 0.002238 0.019959 0.038062
-0.021102 0.013249 0.024019 0.007450 -0.025658 -0.028260 0.003258 0.650515 0.011899 -0.537371
-0.041136 -0.011027 -0.034407 -0.141010 -0.035623 0.810583 -0.040402 -0.013744 -0.221130 -0.076291
-0.013856 -0.001546 -0.012323 -0.039603 -0.024785 -0.019853 -0.010784 -0.000476 0.410431 -0.065479
0.006050 0.738222 -0.277984 -0.003873 -0.024850 0.010141 -0.005629 -0.019877 -0.342462 -0.001421
-0.003343 -0.006583 0.004736 -0.009559 0.631385 0.004276 -0.045383 -0.041634 -0.030514 -0.356879
0.039488 -0.006808 -0.022762 0.043434 0.039353 0.180927 0.010237 0.093978 0.074216 -0.364040
-0.010797 0.005543 -0.017042 -0.026083 0.668990 -0.018835 -0.004812 -0.026745 -0.088886 -0.271287
-0.007118 -0.002544 0.012026 0.019156 -0.001530 0.010385 -0.011326 -0.010226 0.014231 0.055085
-0.047559 -0.002944 0.123905 0.065684 -0.208496 0.032688 -0.015378 0.111351 0.005488 -0.100627
-0.016206 0.012449 -0.007517 0.004573 0.617979 -0.011685 -0.013527 -0.030739 -0.155674 -0.256758
-0.010993 -0.028905 0.019543 0.011984 0.343964 -0.021241 -0.008216 0.008737 0.050578 -0.200895
-0.031603 -0.180395 0.040158 -0.181728 -0.396667 0.151082 -0.124890 -0.058918 0.014273 -0.041755
-0.063700 -0.009344 -0.051957 -0.034951 0.070681 0.053247 0.487328 0.007928 -0.104028 -0.053395
0.007601 -0.004127 -0.050318 -0.045063 -0.124939 -0.008175 -0.028664 -0.031596 -0.007340 0.537794
0.016125 -0.001612 0.013832 0.006529 -0.037878 0.009973 -0.013821 0.470882 -0.124893 -0.064933
-0.047555 -0.003719 0.343294 0.017453 -0.008015 -0.007137 -0.023628 0.040554 -0.145110 -0.064679
0.004838 0.001733 0.184717 -0.056650 -0.000131 0.000512 -0.020836 0.001665 -0.034989 0.001682
-0.004217 0.352017 -0.066880 0.043308 -0.114092 0.091062 0.015949 0.017721 0.228874 0.109417
0.007503 0.004005 0.062553 0.039368 -0.022600 -0.006663 0.002533 0.163761 -0.012625 -0.069385
-0.079483 0.004547 0.104699 -0.036219 -0.199081 -0.035032 -0.027193 -0.050924 0.120220 0.101351
0.181217 -0.056346 0.051876 0.107340 0.046845 -0.018048 0.111759 0.150544 0.025779 0.236469
0.035805 0.003006 0.057291 0.125029 0.038925 0.055339 0.017232 -0.005319 -0.485804 0.119327
-0.020300 -0.002064 -0.030250 -0.035872 0.021046 -0.020010 -0.004951 0.040159 -0.135934 0.306729
-0.010189 -0.028449 -0.015821 -0.078784 0.056187 -0.094740 0.082934 -0.040837 -0.084269 0.073282
-0.001252 -0.251964 -0.147180 -0.100062 -0.092738 -0.166391 -0.144432 0.216829 0.068626 0.004021
0.063083 -0.062985 -0.125279 -0.217798 -0.038366 -0.072222 -0.105028 0.185220 -0.050656 -0.173293
0.037316 -0.039245 -0.185024 0.114413 -0.081723 0.316735 -0.033711 0.049002 0.126830 0.054262
0.072172 0.064410 0.020451 -0.165269 0.061586 0.082396 0.076993 -0.165317 -0.187320 0.042333
0.029843 -0.010779 0.007513 0.130066 -0.067611 0.016326 0.012912 -0.114349 -0.026295 0.217328
0.023253 0.005302 0.005827 0.023785 0.032377 0.012613 0.017942 0.001416 0.062884 0.007380
0.005734 -0.001070 0.144274 0.016803 0.020439 -0.001332 0.006003 0.014463 -0.149598 0.068118
-0.070761 -0.012713 -0.075393 -0.085943 0.028328 -0.050281 0.000802 0.531154 -0.014836 -0.001910
-0.023565 0.001520 -0.061688 -0.040768 -0.020994 -0.039268 -0.012981 0.008473 0.423048 -0.067067
-0.020038 -0.002481 0.481618 -0.037499 -0.030901 -0.014433 -0.011195 -0.042690 -0.080684 -0.019526
-0.280548 0.064147 0.000358 -0.076910 0.169733 -0.101701 -0.049537 0.149803 0.086269 -0.177175
-0.072413 0.091457 -0.074445 0.209144 -0.097618 0.219468 -0.187755 -0.132307 0.185895 -0.037774
0.164409 0.012284 0.102375 -0.048034 -0.054667 -0.077518 0.244754 -0.148871 -0.137301 -0.023893
0.066753 -0.113181 0.043208 0.075806 0.068588 0.038713 0.180525 0.057068 -0.074959 -0.117153
-0.106670 -0.023083 0.064171 0.046951 -0.253078 -0.129542 0.108851 0.064028 0.025114 -0.027304
0.161894 0.083340 -0.032557 -0.069531 0.053912 -0.002536 0.174782 0.132674 -0.041982 0.047079
0.025054 -0.009284 0.135189 0.032401 0.044346 -0.042801 0.058148 -0.027548 0.068896 0.258416
-0.033651 -0.011306 -0.033988 -0.067512 -0.116798 -0.121437 -0.001911 -0.153198 0.074457 -0.083618
-0.029576 0.069720 0.004412 0.120919 0.253778 0.026501 -0.048882 0.244048 -0.058281 -0.012829
0.132061 0.016125 0.004674 0.015535 0.085726 0.011925 -0.035425 -0.028747 -0.057934 0.019749
-0.018852 0.242078 0.131204 0.180037 -0.062190 0.079451 -0.100302 0.130733 0.000952 -0.037213
-0.097455 -0.042282 -0.082443 0.160271 0.126100 0.040045 0.073145 0.019267 -0.151907 -0.110907
0.029113 0.133805 -0.118279 -0.038695 -0.073427 0.049393 -0.061129 0.250753 -0.035965 -0.175115
0.480806 -0.004441 -0.015638 -0.030879 0.011319 -0.031006 -0.008927 0.016540 -0.043658 -0.037344
0.058494 -0.178728 0.278058 -0.169967 -0.078208 -0.074519 0.054183 0.201992 0.040785 -0.030337
0.402087 -0.032586 -0.044140 0.008429 -0.003374 0.006963 0.041419 0.067504 -0.025739 -0.006768
-0.007399 -0.046915 -0.091244 -0.037200 0.325200 0.158504 -0.008601 0.027096 -0.264304 0.196672
0.198373 -0.002433 0.044389 0.097565 0.008576 0.098982 0.028288 0.006282 0.068875 -0.002544
0.004617 0.104329 -0.101132 0.009826 0.066275 0.228036 -0.011483 0.213056 0.217732 0.054911
0.467433 0.041529 -0.036321 -0.034325 -0.020027 -0.013511 0.005648 -0.027462 0.057412 -0.049699
0.082009 -0.158278 -0.076748 -0.043289 -0.112694 0.056777 -0.128570 -0.078792 0.053195 0.101488
-0.073704 0.070345 0.015474 0.053626 0.061210 0.016683 0.000269 0.067932 -0.106823 0.122009
-0.101678 -0.198321 0.290434 0.104003 -0.235342 0.028706 -0.133411 0.078994 -0.000380 -0.031096
0.140577 0.162709 0.028548 -0.043357 0.144018 0.174385 0.198081 -0.098299 -0.127314 0.035750
0.050932 0.074496 0.067724 0.007454 -0.030974 -0.143716 0.012462 0.080852 0.152761 -0.117938
0.025339 -0.241799 0.063170 0.038197 0.118962 -0.195467 0.064000 0.183468 -0.068471 0.204356
-0.183367 0.010517 -0.104898 0.027705 -0.201412 0.055877 -0.135242 -0.002391 0.020609 0.089421
0.210344 0.175260 -0.038126 -0.039991 -0.137005 -0.044473 0.016456 -0.024833 -0.074975 0.003258
-0.037289 -0.274708 -0.097834 -0.142530 -0.108114 -0.060956 -0.036909 -0.228179 -0.168051 -0.026307
0.239795 0.049561 0.086311 0.033746 0.013568 -0.085349 0.110911 0.287573 0.059710 0.012875
0.069047 -0.076484 -0.043363 0.109946 -0.114314 0.075850 -0.009370 -0.017466 0.076723 0.073575
0.080648 -0.159464 0.043192 0.035932 0.059987 -0.034665 0.074757 -0.100814 -0.107120 -0.228827
-0.245394 0.031217 0.334702 0.028500 -0.217778 -0.005646 -0.059289 -0.017753 -0.162078 -0.036418
0.151367 -0.020423 -0.041059 0.271277 -0.003820 0.010917 -0.151127 -0.036265 0.171055 0.040592
0.118739 -0.078043 0.149939 0.202278 -0.078490 0.097973 0.026484 0.193115 0.030306 -0.075918
-0.022757 0.118118 0.145372 0.059676 -0.039077 -0.053080 0.033536 -0.078081 0.033726 0.213645
0.039653 -0.080380 -0.065994 0.066416 -0.032615 0.196731 -0.004864 0.169490 0.012607 0.014076
0.044501 0.175264 0.088840 0.054810 0.048227 0.111766 0.062649 0.051128 -0.104855 0.100205
-0.088714 -0.111325 -0.047550 0.072320 0.036094 -0.002309 0.056167 0.099351 -0.123460 -0.090884
-0.051821 0.033925 0.094265 0.188634 0.233816 0.068680 0.039935 -0.037306 0.055851 -0.050337
-0.086983 -0.129024 -0.036135 0.163991 0.026850 0.101479 -0.031382 0.112536 0.306351 0.124645
0.045523 0.056917 0.058986 0.042435 0.111606 -0.051632 0.106441 -0.026779 0.077481 0.067439
0.000913 0.007622 -0.026060 0.067604 0.087405 -0.043822 -0.003494 -0.017910 0.082760 -0.012370
-0.063572 -0.113135 0.048895 -0.030635 0.135159 0.260551 -0.056287 -0.098117 0.309981 0.013926
-0.076799 0.151248 0.052829 -0.042505 0.118634 -0.077169 0.077466 -0.038327 0.133905 0.065761
0.053288 -0.084029 0.117195 -0.021316 -0.069510 0.063584 -0.033526 0.089283 0.156433 -0.010674
0.101315 -0.011723 0.130857 0.122830 0.096871 -0.002505 -0.064123 -0.069433 -0.049582 0.116882
0.007261 -0.013395 0.053923 -0.017014 -0.050155 -0.044145 0.174924 0.077850 0.132628 0.004358
0.062527 0.036810 0.049294 0.090248 0.122121 0.083088 -0.029436 -0.008937 0.053185 0.051862
0.149893 -0.040103 -0.104843 0.100515 -0.017609 0.002711 0.182583 0.103734 0.029616 -0.006771
0.047253 -0.006525 -0.074638 0.067014 0.102340 0.138627 -0.170146 -0.022443 0.249204 0.000596
0.017163 0.005239 -0.068298 0.131258 -0.042602 0.028615 -0.010012 -0.002495 0.092459 -0.087089
0.042428 -0.007131 0.038478 0.077296 0.108801 0.063524 0.103412 0.134115 0.094823 0.080415
0.000524 0.292894 -0.011865 0.071061 0.137403 0.060538 0.033485 0.219501 -0.278673 0.220150
-0.066629 0.003627 -0.058102 -0.149277 0.072893 -0.046089 0.033693 0.187143 0.228019 0.160555
0.044576 -0.017557 -0.100795 -0.270471 0.048917 0.006419 0.241344 -0.054675 -0.194250 0.240075
