0.033770 0.064830 0.013318 -0.103243 0.074547 0.013598 0.020164 0.050407 -0.005655 -0.019774 -0.083836 -0.019272 -0.035667 0.037452
0.001602 0.023679 0.083628 0.036184 0.058973 0.011892 0.042957 -0.082320 -0.028296 0.092210 -0.090031 0.079166 0.053588 0.038808
-0.042181 -0.094677 0.028800 -0.013056 0.041362 -0.026877 0.012048 -0.026702 0.072242 -0.023036 -0.035471 0.048523 0.003991 0.025705
0.144140 0.010930 0.032334 0.035701 -0.069095 -0.025828 -0.049403 -0.043432 0.094102 -0.046338 -0.054056 0.076719 -0.050377 0.065740
-0.173540 0.072102 -0.161803 0.084361 -0.134341 -0.047861 -0.087489 -0.062335 -0.094662 0.011030 -0.106956 -0.032490 0.006419 -0.034808
-0.096771 -0.097991 -0.027032 0.037870 -0.055029 -0.033308 0.081775 -0.065315 0.102303 -0.028273 -0.009327 0.064946 -0.078109 -0.139385
-0.010913 -0.076992 -0.025504 -0.050803 0.010309 0.002465 0.017626 -0.075827 0.004246 0.061091 0.061593 -0.099292 0.010102 -0.021877
0.021824 0.033436 -0.214169 -0.003469 -0.096519 0.012745 -0.027799 0.087210 0.035923 0.026876 -0.130102 -0.030303 -0.045387 -0.058024
0.030036 0.107265 -0.122949 -0.027277 -0.073837 0.177957 0.163533 -0.061347 0.062075 0.051734 -0.081129 -0.117111 0.092075 0.023990
-0.178697 0.084818 0.004030 -0.052265 -0.004139 0.089061 0.058893 0.063997 0.046944 0.031215 0.050170 -0.166112 0.120113 0.004208
-0.162363 0.093303 0.021549 0.005798 -0.023787 -0.059902 -0.125538 0.098267 -0.081190 -0.031483 -0.072706 0.026136 0.022326 0.064130
0.060388 -0.055915 0.071360 -0.002685 0.008939 0.056793 0.092917 -0.024239 -0.106784 -0.124695 0.115835 -0.047780 0.100387 -0.060873
-0.066764 -0.070874 0.061658 -0.031605 -0.020134 0.036378 -0.104074 0.082512 0.042158 -0.057414 -0.063690 0.107485 0.029395 -0.014461
0.098857 0.009070 0.055716 0.112390 -0.060899 0.060514 0.035902 0.168837 -0.003969 0.062315 0.095300 0.031939 -0.012009 0.101689
0.066509 -0.046162 -0.062352 0.092037 -0.036987 -0.083926 0.083857 -0.007324 -0.039540 -0.063522 0.126457 -0.023595 0.098929 0.022403
-0.015102 -0.079013 0.140637 0.038798 -0.022471 0.013158 -0.027812 -0.080750 -0.119456 -0.081692 -0.065378 -0.005737 -0.112385 -0.120111
-0.036366 0.070656 -0.092262 0.028772 -0.125353 0.020122 0.008620 0.124761 -0.038373 0.018633 0.018821 -0.022345 -0.025930 -0.088096
0.081419 0.090237 0.059950 0.000329 -0.076913 0.059177 -0.045475 -0.157736 -0.004373 -0.000952 -0.007532 -0.015542 0.044464 -0.092748
-0.024206 -0.095194 0.002764 0.087079 0.077839 0.077848 0.057266 -0.021571 0.010370 -0.133519 -0.014782 -0.007970 -0.172718 0.008421
-0.149600 -0.048676 -0.075485 -0.118895 0.005024 0.013401 0.073993 -0.005943 0.028239 0.051273 -0.145748 0.025458 0.109708 0.042262
0.006112 0.037752 0.104539 0.051946 0.007703 0.037977 0.047697 -0.094663 -0.067506 -0.023964 -0.104889 0.038306 -0.010880 0.024821
0.000064 0.010695 -0.042210 -0.096808 -0.053182 -0.065007 -0.029878 0.004426 0.019942 0.079424 0.032336 0.081320 -0.051971 0.041985
0.099106 -0.009719 0.001501 0.021976 -0.021820 0.000876 -0.026173 -0.083224 -0.049872 -0.033232 -0.191969 -0.091127 0.134000 -0.047572
0.012893 0.087231 0.026545 0.031288 0.019495 0.072236 -0.010353 -0.067910 -0.040880 -0.227141 0.081307 0.029372 0.065263 -0.140587
-0.122313 -0.089898 -0.021444 0.001183 -0.103590 -0.001393 0.000405 -0.033536 -0.003602 -0.091807 0.049881 0.045291 -0.017728 0.006039
0.049410 0.024097 -0.123690 -0.056372 -0.013275 -0.027042 -0.033581 -0.084542 0.026106 0.016933 0.045268 -0.077896 -0.008443 0.076813
0.113797 -0.078406 0.134861 -0.007314 0.079328 -0.034443 0.081105 -0.089787 0.008903 -0.095493 -0.028493 -0.059878 -0.021241 -0.112563
-0.097380 -0.011851 0.006713 0.092772 0.004134 0.009293 -0.013335 -0.032128 -0.002670 0.024409 -0.043168 -0.108938 -0.022884 -0.087428
-0.017309 0.112104 0.064357 0.074713 -0.031892 0.008332 0.018309 0.060088 0.084962 -0.056457 -0.048975 -0.004934 0.078504 -0.092474
0.000809 -0.052394 0.019371 0.049494 -0.159681 0.023920 0.052675 -0.090143 0.094175 0.051409 -0.079769 0.058707 -0.144574 -0.046166
0.055443 0.019996 0.020976 -0.007703 -0.049527 0.112516 -0.003588 -0.156866 0.054469 -0.035694 -0.068196 -0.041230 0.011157 0.009370
0.048533 -0.027695 -0.062041 0.113921 0.036727 -0.044610 -0.016787 -0.062779 0.069733 0.044787 -0.068549 -0.023492 0.002421 -0.086722
0.018358 -0.082445 -0.063548 0.076980 0.044620 0.030531 0.035156 0.201040 0.008119 -0.001457 0.026757 -0.008891 -0.011731 0.068415
-0.044931 -0.024908 0.085613 0.046215 0.055381 0.062103 0.089205 0.057382 -0.030053 -0.057167 -0.091078 -0.019553 -0.048970 -0.026238
-0.097647 -0.007011 0.003303 -0.025353 -0.161197 -0.047416 0.014016 -0.008492 0.058098 -0.146832 0.025946 0.043261 0.093352 -0.121571
-0.057043 -0.069373 0.047672 0.005888 0.048327 -0.051264 0.068511 -0.099055 -0.076796 -0.137142 0.020338 0.035174 -0.029165 -0.021570
0.039113 -0.005505 -0.095300 -0.054535 -0.064011 0.014714 0.072879 0.198831 -0.120617 0.123515 -0.030278 -0.058921 -0.111595 0.078369
0.070946 -0.005452 -0.036040 0.030763 -0.065544 -0.046134 -0.009376 -0.031372 -0.067213 -0.158637 0.070665 -0.082040 -0.004924 -0.006604
-0.086543 -0.096339 -0.151134 0.034941 -0.059033 0.038096 -0.076117 -0.026889 -0.053533 -0.088043 0.058759 0.027914 0.048134 0.029229
0.027682 0.099758 -0.114587 0.023161 0.031178 0.038231 -0.051583 0.006033 -0.062391 0.052567 0.020694 -0.015715 0.064954 0.093289
0.046120 -0.050520 0.036295 0.004104 -0.023575 -0.024877 0.128247 0.117434 -0.020368 -0.149939 -0.025114 -0.018502 0.072102 -0.008222
-0.080358 0.073469 0.088177 0.107007 -0.003056 -0.066663 0.019905 -0.006530 0.106675 -0.077658 -0.037936 0.047756 -0.042574 -0.019252
0.077073 -0.067260 0.039646 -0.068608 0.139822 -0.027965 0.109227 -0.079140 -0.047171 -0.072068 0.078441 0.158916 -0.023376 -0.084841
-0.146932 -0.114843 0.137283 0.091317 0.000665 0.059446 -0.024210 0.081186 -0.006872 0.044371 0.063130 0.123387 0.031517 0.090855
-0.081478 -0.004311 0.040901 0.076285 -0.029208 -0.004786 -0.084866 -0.072811 0.051931 -0.008457 0.093456 -0.098632 -0.030667 -0.107559
-0.167021 -0.004594 -0.092469 -0.061355 -0.011744 -0.005019 -0.054585 -0.027146 0.044940 0.052050 0.014845 0.002767 0.021331 0.080950
-0.087234 0.002966 0.038568 0.053896 0.041815 0.074760 -0.068647 0.036150 0.015978 0.067903 -0.060616 -0.172803 0.046641 0.014114
-0.130407 0.072497 -0.046721 -0.044005 -0.169724 -0.034107 0.041699 -0.036453 -0.000694 0.072201 0.015311 0.029136 0.006140 -0.006720
-0.059682 0.072251 0.020024 0.053329 0.010426 -0.114986 -0.126787 -0.084112 0.032054 0.075210 0.030484 -0.029794 -0.000720 -0.073196
0.046380 -0.017717 0.024053 -0.040717 -0.063482 0.006451 0.029990 0.076989 0.028830 -0.081870 0.158432 0.031974 0.095838 -0.021873
-0.027860 -0.051436 0.005923 0.051314 -0.118633 -0.035935 -0.032721 0.061222 -0.141839 -0.199685 -0.038936 -0.036233 0.048932 -0.035223
0.020922 0.097381 0.046327 0.023253 -0.053145 0.031561 0.099229 -0.021000 0.050705 0.020981 -0.016736 0.073568 -0.048819 -0.044576
-0.072495 0.056015 -0.113568 0.043250 -0.093484 0.131292 0.193614 -0.008068 0.044974 -0.021975 -0.024103 -0.077338 0.135856 0.002616
-0.094357 0.026807 0.012868 -0.021949 -0.008378 0.070248 0.141096 -0.051786 -0.074176 -0.084384 -0.044753 0.052739 0.058975 0.020892
0.065829 0.080944 -0.050281 -0.063481 -0.118622 -0.022878 0.028249 0.079030 -0.041388 -0.022642 -0.004533 0.029490 -0.043019 0.095302
0.039382 -0.069761 -0.100933 -0.089305 0.011792 0.055039 -0.002553 -0.091411 0.079423 0.095772 -0.232915 -0.131691 0.019994 -0.062860
0.220372 0.009576 -0.010496 -0.062435 -0.046493 0.014338 -0.027609 -0.238457 0.127054 -0.058007 0.082180 0.024755 0.078931 0.035195
-0.013426 0.081207 0.059779 0.008358 0.094362 -0.008310 -0.100627 0.045660 -0.052681 -0.122114 0.109923 -0.058923 0.026876 -0.000709
0.020223 0.045965 -0.009919 -0.066124 -0.145998 0.030311 0.102751 0.136666 -0.108482 0.004065 -0.087313 -0.068781 0.019192 0.036244
-0.011423 0.020170 -0.027608 0.051398 0.076617 0.083802 0.025727 -0.066610 -0.027969 -0.095331 -0.019547 -0.059257 0.026127 -0.082623
0.050710 -0.071010 -0.022454 0.012363 0.105118 -0.114976 0.069759 -0.102015 0.148866 -0.018807 -0.096183 -0.091719 -0.032809 0.134612
-0.031750 -0.081478 -0.062704 -0.052960 0.036609 0.092657 0.024682 -0.089323 -0.034175 -0.066147 -0.074631 0.086774 0.113736 0.065093
0.004988 -0.130078 0.059741 0.008792 0.082063 -0.008128 -0.062143 -0.039194 0.004832 0.054975 0.009795 0.102886 -0.021269 0.021199
0.059902 -0.017045 -0.130987 -0.169237 -0.106685 -0.018634 -0.014637 -0.017868 -0.160577 -0.160262 -0.013426 -0.120148 -0.012793 0.079603
-0.024597 -0.079872 -0.046192 -0.075680 0.069880 -0.048780 0.024926 0.035617 0.082904 -0.036038 -0.111298 -0.018071 -0.020197 0.111688
0.046935 -0.019344 0.003909 -0.061695 -0.065600 0.002147 0.007214 -0.016438 0.004922 -0.053774 -0.077806 -0.062432 0.081073 0.146004
0.065397 0.023645 -0.088087 0.155654 0.064479 0.034999 -0.026286 0.053233 0.074595 0.032403 -0.051457 0.039099 -0.036476 0.014570
-0.105280 -0.010915 0.090509 -0.006429 -0.023369 0.018368 0.083616 0.059214 0.076137 -0.078713 0.020350 -0.152076 -0.030746 -0.084845
-0.027751 -0.088636 0.059516 -0.040272 0.045672 -0.003322 0.082869 -0.108117 -0.045277 -0.092937 -0.000451 0.068911 -0.021189 -0.075128
0.026997 0.058187 0.125173 0.006460 -0.036582 -0.109072 -0.121276 -0.086077 0.039098 0.008373 0.011816 -0.016870 0.013314 0.000403
0.057527 0.070440 -0.078604 0.068033 0.020438 -0.032190 0.015601 0.044233 0.023824 -0.021124 -0.055912 -0.150471 -0.015666 0.007560
-0.015750 -0.098420 0.019260 -0.046179 0.025470 0.024997 0.011873 0.070285 -0.110997 0.003039 -0.060152 0.050165 -0.010450 -0.077631
-0.052818 -0.043748 -0.027771 0.042590 -0.045805 -0.054853 -0.056946 0.045452 -0.111536 0.025806 -0.152467 -0.026595 -0.026825 -0.201688
0.017451 0.008553 -0.023816 -0.085205 -0.034580 0.046704 0.122224 0.002212 -0.032145 0.037859 -0.008731 -0.030468 -0.060601 0.169740
0.043910 0.007194 -0.109090 0.079592 0.003014 0.008143 0.016680 0.011432 0.073564 -0.089810 -0.061309 -0.035764 0.013579 0.023977
-0.053240 0.003128 0.040427 0.042469 0.005702 0.010648 0.104216 -0.032438 -0.048508 -0.024581 -0.034862 0.030064 -0.020704 0.014926
-0.014114 -0.079613 0.028452 -0.107748 0.084969 0.006747 0.039099 -0.042710 0.010876 -0.003474 -0.012986 -0.059639 0.030062 0.012241
-0.087039 -0.050485 -0.076794 0.115942 -0.029213 0.066688 -0.175215 -0.009539 0.098691 -0.093870 0.129712 -0.032972 0.122614 -0.004972
-0.049642 0.101121 -0.007532 0.102136 0.015394 -0.006766 -0.016598 0.063351 0.107509 -0.137247 -0.013987 -0.059469 0.139558 -0.128789
0.019145 0.019996 0.004664 -0.021538 0.047683 0.033535 -0.037032 0.019178 -0.028995 0.026082 0.042783 -0.090476 -0.155488 0.014661
-0.008582 0.023409 -0.149274 -0.056851 -0.000352 -0.107884 0.025399 -0.037520 -0.019727 0.035929 -0.019225 0.101813 0.048833 -0.113659
-0.059566 0.133560 0.070579 -0.057418 -0.079959 0.012826 -0.028050 0.041609 -0.029613 0.038813 -0.035800 0.044450 0.086095 -0.059316
0.047142 -0.031908 0.066477 0.140615 0.067381 0.006261 -0.089340 0.041029 -0.009529 0.009315 -0.018936 -0.050941 0.019826 -0.085376
0.151461 -0.011045 -0.103073 -0.032177 0.007963 0.105897 0.135852 0.030991 -0.066119 0.015673 0.048512 -0.047492 -0.070272 -0.035520
-0.038490 -0.050658 0.096964 -0.079568 0.040204 -0.027050 0.006534 0.052633 0.094722 0.017637 0.004854 -0.072951 -0.068488 0.067675
0.022600 -0.088663 0.114845 0.111395 0.040508 0.085901 -0.079290 0.025579 -0.027924 -0.061427 -0.196571 0.018526 -0.086783 0.021128
-0.106096 0.054287 -0.064915 0.031599 -0.037215 0.039594 0.121202 0.010580 -0.021955 -0.017313 -0.064115 -0.030857 -0.069574 0.001055
0.149509 0.004054 0.187157 0.090671 0.040351 -0.060829 0.099983 0.025530 -0.036487 -0.109007 0.028798 -0.062134 0.088627 0.030907
-0.082965 0.055388 -0.114587 0.148945 0.005585 0.003089 -0.016960 0.039239 -0.100640 0.001590 0.045155 -0.113060 -0.024393 -0.092126
-0.017992 -0.030244 -0.006144 -0.169560 -0.090098 0.023823 0.033156 0.036045 0.014359 0.002780 -0.097549 0.079049 -0.007568 0.034028
0.031759 0.074178 -0.058617 -0.072461 -0.024921 0.010342 0.079381 -0.094151 0.031521 0.048246 -0.022159 0.021467 0.051435 0.028527
-0.053227 -0.001606 0.204100 0.047088 -0.046800 0.086169 0.081203 -0.000497 0.134402 -0.049331 -0.026158 0.069605 -0.086668 0.086171
-0.011423 -0.171305 -0.023008 0.011249 -0.013737 0.029887 -0.030650 -0.043858 0.004495 0.066202 0.033625 -0.054554 0.128537 -0.045511
-0.028541 0.025189 0.030981 -0.011779 -0.010313 0.008440 0.012959 -0.115732 -0.135792 0.137729 -0.056163 -0.027187 -0.057072 0.036758
-0.031049 -0.000505 -0.019509 0.037156 0.055336 -0.042530 -0.059826 0.086534 0.028406 -0.083059 -0.166604 0.091470 0.070324 -0.104514
-0.035776 -0.075972 -0.053504 0.040265 -0.055001 0.029400 -0.064688 -0.037946 0.075159 -0.081130 -0.006415 -0.008674 0.056746 -0.047199
0.011527 -0.050371 0.020460 0.088069 0.048068 -0.036206 0.021101 0.026013 0.036627 -0.051709 0.001382 0.017783 -0.061890 -0.042809
0.233535 0.005334 -0.039015 0.038045 -0.040216 -0.065882 0.051286 -0.081278 0.038438 0.030960 0.074189 -0.047111 0.013164 0.059293
0.016060 -0.074339 -0.030195 0.131682 0.009168 -0.076354 0.051969 -0.070800 0.014633 0.036334 0.023469 0.028591 0.009055 0.052757
-0.005119 0.019890 0.134857 0.115262 -0.032660 -0.121547 -0.187236 -0.002993 -0.053238 0.062624 0.055066 0.112360 0.005956 0.028740
0.036429 -0.115418 -0.014304 0.002350 0.015004 0.013535 -0.081810 -0.066304 -0.168134 0.071468 0.100605 -0.013737 0.039506 0.098302
-0.079367 -0.054934 0.080749 0.000202 0.060898 -0.029487 -0.068719 0.042357 -0.157192 -0.043374 -0.079323 -0.042647 0.115886 0.003488
-0.001538 0.065486 -0.006255 -0.067017 -0.062307 0.088421 -0.048498 0.071858 0.017616 -0.114725 -0.083547 -0.088641 0.071664 0.023209
0.021024 -0.006126 -0.011749 0.052970 -0.152715 0.065547 -0.037543 0.081996 -0.126339 0.045508 -0.001102 0.005035 0.031676 -0.153935
-0.032683 -0.070056 0.059484 0.079450 0.015234 -0.090932 0.044903 0.016709 -0.127942 -0.062745 0.096822 0.139027 0.032295 0.024839
-0.122012 -0.075030 -0.036508 0.015738 -0.011922 0.095828 0.092062 0.096425 0.071071 -0.020289 -0.088300 0.056598 0.009801 0.046743
-0.059262 0.027309 -0.024677 0.117582 -0.005966 0.027238 -0.080708 0.035278 0.037070 -0.000616 -0.053553 0.034356 0.003645 -0.089257
-0.041443 -0.077355 -0.088017 0.026566 -0.047307 0.019696 -0.059855 -0.069080 -0.003406 0.105478 -0.125036 -0.037404 -0.054985 0.038405
-0.001391 0.058433 0.025591 0.073525 0.022375 0.020846 -0.022773 0.022209 0.116335 -0.006636 0.083633 0.112331 0.003228 0.061284
0.087791 0.058290 -0.033251 0.042516 -0.027850 0.027787 -0.065244 -0.051656 -0.007739 -0.081132 -0.035253 -0.011144 -0.007380 0.034849
0.096427 0.121712 0.018030 -0.044576 -0.007773 -0.069444 0.167050 -0.016587 0.029222 0.019105 -0.005190 0.045459 -0.007836 0.002032
-0.022506 0.040038 -0.013409 -0.106906 -0.006175 -0.109146 0.033401 0.005964 0.004963 -0.038941 0.034522 -0.035601 0.104855 -0.092022
0.181298 -0.007258 0.012516 0.083224 0.070872 -0.031379 0.028678 -0.001357 0.012921 0.054981 -0.021931 0.031429 0.057140 0.124147
0.052673 -0.004705 0.135742 0.052907 0.085483 0.121749 0.011323 -0.001736 -0.031282 0.027877 0.031476 -0.052141 0.020655 0.103031
0.050999 0.018556 -0.101998 -0.044461 -0.020433 -0.023010 -0.057572 0.028172 0.054546 0.050967 0.089805 0.007027 0.009767 0.076215
-0.056652 -0.083225 0.095212 -0.046652 -0.007761 0.155753 -0.079874 -0.079024 -0.064090 0.057620 -0.087220 0.017752 -0.000332 -0.019642
0.006291 0.025941 -0.000751 0.025649 -0.083403 -0.019971 0.000013 -0.010014 -0.039530 -0.218486 -0.066569 -0.071689 -0.147155 0.140762
-0.000452 0.050981 -0.062424 -0.110845 0.093982 -0.016587 -0.011117 0.169081 0.011416 -0.032673 -0.025969 -0.009274 0.166851 -0.068496
-0.018454 0.078844 -0.069355 0.045165 -0.083250 -0.025762 0.060433 -0.031993 -0.026069 -0.091254 -0.000554 -0.061081 -0.068520 0.057593
-0.046366 -0.056414 -0.001002 -0.020826 -0.089663 0.002647 -0.005552 -0.009180 -0.099865 -0.075326 -0.093120 0.138444 0.078303 0.102142
0.044271 -0.073762 -0.102539 -0.006153 -0.035438 0.038208 -0.034490 -0.008686 0.088785 0.023406 0.029320 -0.137633 -0.017356 -0.042065
-0.114587 -0.109466 -0.027135 0.055077 -0.142184 -0.097433 -0.070794 0.002652 -0.099261 0.032158 -0.006995 -0.014610 0.026074 -0.074741
-0.035294 0.061343 0.075463 0.154494 -0.056466 -0.026429 0.109393 -0.005352 0.107425 -0.129437 0.046627 -0.022973 -0.004270 0.109937
-0.101769 0.009462 -0.106421 0.065132 0.015388 -0.111225 -0.032303 0.025994 0.161167 -0.185519 0.011643 -0.057805 0.032374 0.035555
-0.025696 -0.120908 -0.005332 0.008709 0.049250 -0.022051 0.033817 -0.074654 -0.161411 -0.009974 0.154229 -0.006354 -0.013967 0.149788
-0.019082 0.003208 -0.190514 -0.077643 0.101756 -0.046271 0.012832 0.117699 0.084402 0.068372 0.025379 0.052894 0.029664 -0.084739
0.081946 -0.092669 0.035889 -0.032973 0.040963 0.016077 0.014537 -0.043129 -0.062738 0.050369 -0.082161 0.050521 -0.002355 0.075202
0.005956 0.045989 -0.036846 -0.020009 0.018275 0.002237 0.028117 0.011233 0.001086 0.000312 0.038126 -0.061347 0.014628 -0.057680
0.074364 -0.043486 -0.052659 -0.166459 -0.068016 -0.106212 -0.106128 0.028959 -0.098095 -0.019929 -0.085930 0.097815 -0.049381 -0.088175
-0.026396 -0.035722 0.015549 0.085212 0.006388 -0.016597 0.040038 0.025232 -0.168480 -0.050254 -0.054489 0.034200 0.022709 -0.037541
-0.004317 0.111400 -0.076760 0.000612 -0.003631 -0.033493 -0.063043 0.015805 0.052064 -0.043102 0.075876 -0.011348 0.128671 0.029048
0.083853 0.047381 0.098165 -0.094106 -0.017594 -0.032566 -0.146471 0.011118 0.020192 0.048964 -0.001962 -0.113385 -0.051906 -0.033407
0.027378 -0.011787 -0.101814 0.028905 -0.052242 0.062275 -0.007846 -0.059183 0.043903 0.081917 -0.025374 -0.035260 0.064495 -0.030014
-0.046114 0.110599 0.053978 -0.082349 -0.078484 -0.171868 0.001037 0.023041 -0.089592 -0.067404 0.069594 0.061986 0.097358 -0.091399
-0.101335 0.025420 0.005515 -0.042837 -0.108862 0.015243 -0.028035 -0.112537 0.065110 -0.008266 -0.083744 -0.081732 -0.020241 0.172410
-0.059624 0.035222 -0.045859 -0.024808 -0.110745 0.023569 0.008845 0.053207 0.034983 0.016996 -0.014954 0.155631 0.011765 0.036084
0.021859 0.021815 -0.007057 -0.110665 -0.036645 -0.092305 -0.047099 0.107664 -0.120194 -0.030147 -0.120455 -0.131101 0.116817 0.032726
-0.033723 -0.042035 0.001948 -0.071111 -0.021239 -0.042329 -0.000996 -0.061728 0.052376 0.001052 -0.012107 -0.106100 0.001987 0.007250
-0.046415 -0.006050 -0.039561 -0.057690 0.000897 0.057044 -0.065416 -0.086636 0.082492 0.124464 -0.113893 0.047413 0.078825 0.085934
-0.041020 -0.025363 0.150406 0.084209 0.013179 0.047278 0.045063 0.052792 -0.110320 -0.070234 0.032037 -0.061668 0.041166 -0.032639
-0.039432 -0.004295 0.041212 0.098520 0.004821 0.189771 0.067219 -0.034374 -0.058202 -0.009621 0.135290 0.017289 -0.012713 -0.055446
0.076135 -0.006661 0.037801 -0.079381 -0.087700 -0.119735 0.013413 -0.017577 -0.007404 -0.034300 -0.038526 -0.087838 0.105541 -0.006011
0.000162 -0.044063 0.244598 -0.090401 0.107434 -0.134813 0.063480 0.101023 0.001413 -0.128913 0.080288 0.026197 0.155641 -0.056349
-0.139580 -0.054239 0.081445 0.068306 0.061097 0.070320 0.076100 -0.004118 0.050508 0.023138 0.000667 -0.064673 0.068841 -0.000005
0.011474 -0.075264 0.058554 0.024718 -0.008660 -0.069100 0.017707 -0.111589 0.001022 -0.046015 -0.117467 -0.073756 -0.013880 0.006360
0.051890 0.122631 0.056408 -0.074399 -0.037223 -0.014473 0.009458 0.025422 0.085346 -0.045229 -0.152085 -0.016787 -0.004444 0.018070
0.146353 0.052975 -0.012822 -0.096025 0.068850 -0.039534 -0.005060 -0.131138 0.049118 0.141809 -0.069639 0.018231 0.045924 0.121057
-0.191123 -0.055124 -0.033121 -0.048364 0.010914 0.004453 0.100681 -0.014954 0.028381 -0.090927 -0.053676 0.067465 0.042226 0.071068
0.013651 0.066024 0.012629 -0.135605 0.056189 0.006855 -0.019335 -0.055993 -0.134668 0.029158 -0.083808 -0.101885 0.012252 -0.019954
-0.129801 -0.047793 -0.050310 0.092114 -0.013171 -0.072088 0.073865 0.150527 0.072672 -0.014614 -0.046968 0.085895 0.046730 0.023655
0.057570 -0.004307 0.001601 0.008112 -0.103633 0.003033 -0.013655 -0.023247 -0.056943 -0.062730 0.068740 -0.033444 0.090462 0.064304
0.032787 0.041427 0.035287 0.028659 0.159584 -0.074686 0.128977 -0.131656 -0.055040 -0.003626 -0.106862 -0.141246 0.004587 0.035105
-0.045313 0.028279 0.037503 0.078260 0.085047 0.012659 0.107720 0.120544 -0.030123 -0.004126 0.043295 0.071775 0.158397 0.006200
0.051040 -0.049116 0.007995 0.053817 0.032137 0.012264 0.039912 0.054837 0.105041 -0.078610 0.066296 -0.053807 -0.036536 -0.054824
-0.141419 -0.043223 -0.058056 -0.034691 0.072497 0.005040 -0.055817 0.029380 -0.003804 0.049093 -0.077990 0.048633 0.037747 0.063362
0.030583 -0.063816 0.006956 0.048350 0.136642 -0.132224 0.010945 -0.068202 -0.052388 -0.008250 -0.049717 0.043075 0.103738 -0.046736
0.053307 -0.139153 0.106843 0.024961 0.079174 -0.047840 -0.056680 0.048878 0.136709 -0.077532 -0.054412 0.003789 0.115183 -0.007056
-0.114815 0.151612 0.061829 0.125775 0.153091 -0.092838 -0.054830 0.073840 -0.065250 -0.104664 0.061664 -0.060813 0.010913 -0.146149
0.101987 0.009585 -0.073159 0.017034 -0.159282 -0.100525 0.010173 0.015780 0.017209 0.023479 0.049146 -0.106417 0.119749 -0.167881
-0.019743 -0.008334 -0.033890 0.037817 -0.002753 -0.028060 -0.071492 -0.193251 -0.051997 -0.201019 -0.020568 0.060992 -0.024064 -0.050990
-0.045865 0.030266 0.097051 0.049786 -0.086520 0.052404 0.060445 0.017321 -0.103485 -0.013277 0.042201 -0.025110 0.019643 0.034420
-0.031766 -0.029603 -0.023975 -0.194169 -0.042134 -0.062384 0.008110 0.050794 -0.047602 -0.010819 0.058285 -0.041811 0.170753 0.024296
0.024417 -0.054360 0.147584 0.033291 -0.113945 -0.063361 -0.007027 0.049969 0.010766 0.017229 -0.043884 0.006423 0.167709 0.078965
0.129607 -0.023849 0.007390 -0.116478 -0.038960 -0.016821 -0.052862 -0.156565 -0.147302 0.056337 -0.069775 0.066227 -0.007908 0.015882
0.038014 0.030420 -0.083485 -0.120602 0.014562 -0.026201 0.109008 -0.090947 -0.035575 0.007223 0.058090 -0.018544 0.001590 0.150251
0.051167 0.052572 -0.117837 -0.058963 -0.025500 -0.110258 -0.077901 0.032607 0.022114 -0.139677 0.020281 0.027904 -0.126167 0.011239
0.019536 -0.045478 0.056155 -0.036958 0.162270 -0.001459 0.040473 -0.053698 0.018078 -0.014105 0.102027 -0.023282 0.070982 0.084241
0.047640 -0.053069 -0.069211 0.000983 -0.043998 0.090561 -0.027680 -0.000221 -0.031123 0.113170 -0.014209 0.019758 -0.007626 -0.044476
-0.038872 0.121940 0.045880 -0.052738 -0.047089 0.041782 0.088981 0.025750 -0.076275 -0.093173 -0.075438 0.047156 0.046050 0.062778
0.098905 -0.140139 0.035304 0.046898 -0.017122 0.057997 -0.049633 -0.094500 -0.068015 0.037784 -0.136476 -0.077489 -0.106176 -0.048655
0.001222 -0.043571 0.058621 0.040288 0.110170 -0.161987 0.046092 -0.066777 0.003491 -0.004316 0.017007 -0.048383 -0.053602 0.010148
0.134524 -0.025172 0.110440 0.060871 0.026890 0.025625 0.047171 0.011232 0.027508 -0.089398 -0.038163 -0.060440 -0.020523 0.071612
-0.037945 0.059471 -0.030478 0.006129 -0.095838 0.006832 -0.026066 0.105816 0.010527 -0.002792 -0.051941 -0.119895 -0.047808 0.028878
-0.016893 -0.001135 0.094963 -0.036716 0.065705 -0.069317 0.003703 -0.000936 -0.015857 0.115658 -0.106877 -0.030843 0.112746 -0.007855
-0.094131 -0.045030 -0.032417 -0.008390 0.041919 -0.008056 0.004336 0.085425 -0.009889 -0.080590 -0.055096 -0.011455 0.150155 0.014657
-0.091180 0.075580 0.002991 0.043055 -0.042797 -0.028522 0.037377 0.021701 0.046644 -0.190467 -0.007200 -0.005470 0.032997 0.098930
-0.051872 -0.041869 -0.043888 -0.038877 0.089942 0.020456 0.015420 -0.076099 0.075456 -0.049448 -0.061934 0.020691 -0.000553 -0.042866
0.057395 -0.015613 -0.035401 -0.008064 -0.001252 -0.002590 -0.054469 -0.056954 0.096891 -0.034796 0.001249 -0.048801 0.091390 0.028016
-0.073551 -0.002675 0.000062 -0.030353 0.093907 0.085547 0.038207 -0.064086 0.001950 0.031414 -0.117447 0.057607 0.107097 -0.134111
0.076406 -0.063002 0.043520 0.099614 0.069275 -0.014561 0.093021 0.007968 -0.056286 0.032150 0.100786 0.087281 -0.109535 0.021601
-0.110531 0.147680 -0.015247 0.026866 0.066483 -0.042317 0.049568 -0.072684 0.066298 -0.051197 -0.018352 -0.025601 0.095523 0.107410
-0.040386 -0.030177 -0.105842 0.038774 0.050547 -0.009873 -0.066107 -0.038936 -0.013079 0.109880 -0.017883 0.066451 0.114714 0.102716
0.067318 -0.098034 0.015357 0.060832 -0.004850 0.054190 -0.000229 0.029837 -0.135198 0.010140 -0.043136 0.058620 0.058716 0.027357
-0.034162 0.012591 -0.038809 -0.087360 0.139098 -0.005880 0.033337 0.019573 -0.026178 0.143817 0.064938 0.022367 0.084526 0.027824
0.108624 0.022947 -0.060746 0.032142 -0.173711 0.010349 -0.035820 0.093731 -0.059234 0.007510 -0.107165 0.033563 0.032188 -0.009127
0.062186 0.019071 0.004034 -0.012998 0.094278 0.045373 -0.035592 0.027342 0.078874 0.146905 -0.005263 -0.059311 0.070045 -0.070511
-0.049701 -0.002299 0.093928 -0.017557 -0.065961 -0.055883 -0.079090 -0.010795 0.092899 -0.034968 -0.025840 -0.033107 0.141406 -0.032210
-0.032754 0.014850 0.095873 0.055716 0.002746 0.029145 -0.071729 0.112866 -0.072573 0.004548 -0.029643 -0.007768 -0.096039 0.075891
0.085861 0.040745 -0.048134 -0.068936 0.089253 -0.150495 -0.092200 -0.157270 -0.148542 -0.061543 -0.035949 0.040476 -0.008180 -0.005299
-0.033895 -0.113465 0.083932 0.036302 -0.083431 0.037435 -0.031991 0.028999 0.204060 -0.017695 0.025765 -0.112075 -0.053298 -0.018972
-0.017994 0.013585 0.009271 -0.007914 0.059253 0.157329 0.062571 0.076098 -0.029224 0.054657 -0.051990 -0.102845 -0.097399 0.062855
0.030731 0.007166 0.047726 0.036398 -0.121193 0.034211 -0.022597 0.099608 -0.016643 -0.023147 -0.048717 -0.064658 -0.096370 -0.020373
0.071305 0.026819 0.014224 -0.040321 -0.106815 0.061691 0.095364 -0.004400 0.006305 -0.015226 0.081131 -0.058666 0.028559 -0.010851
-0.021767 -0.126760 0.034677 -0.028380 0.023963 0.010804 -0.000754 0.024472 -0.024420 0.090326 -0.043429 0.129392 -0.031911 -0.043004
-0.147436 -0.045857 -0.030001 0.103416 -0.025204 0.012260 -0.063703 0.024508 -0.092148 0.019412 -0.098653 0.069346 -0.016515 0.025833
0.069616 -0.056402 -0.062395 -0.073054 -0.073316 -0.019303 0.034271 -0.059694 0.052423 0.027066 -0.017034 -0.040612 0.011728 0.146529
0.068898 0.124123 -0.046239 -0.003565 0.022908 0.027435 -0.113601 -0.006597 0.022074 0.162603 -0.009757 -0.018251 -0.112720 -0.052389
0.058603 0.006077 -0.033570 -0.062107 0.027988 -0.003841 -0.026662 -0.022095 0.053824 -0.011552 0.019455 0.003535 -0.049306 0.029519
-0.098555 -0.015948 -0.002212 -0.016019 0.126725 0.025548 0.072411 0.065018 0.052163 -0.022708 0.105032 -0.023447 -0.081597 -0.077097
-0.070345 0.067194 -0.071212 -0.109596 0.093534 -0.001841 0.050417 0.013916 -0.083327 -0.057215 0.112937 0.049752 0.005001 0.143186
0.032280 0.014859 0.087485 -0.081143 -0.100840 -0.030817 -0.045507 0.109962 -0.063989 0.064788 0.072355 0.046060 0.077201 -0.015597
0.083450 0.008946 0.056683 -0.106373 -0.021608 0.082876 -0.001382 0.065507 0.005986 -0.059316 -0.117029 -0.008578 0.020466 -0.049082
0.114973 0.020618 -0.099573 -0.056122 -0.026056 0.076108 -0.043529 -0.026095 0.011232 0.004836 -0.005833 0.125982 -0.032635 -0.029988
-0.074344 -0.042542 0.032939 -0.155094 -0.131601 0.056759 -0.045710 -0.053562 0.153657 -0.056891 -0.075434 0.061290 0.058206 0.004723
0.049338 -0.039761 0.091890 -0.038500 -0.065818 0.131795 -0.052794 -0.035380 0.048672 0.066052 -0.005936 -0.066476 -0.071432 0.119243
0.052720 0.032906 0.032614 0.090889 0.020394 0.065253 -0.025096 0.023191 -0.007256 0.065260 -0.010572 0.039268 0.077864 -0.024339
-0.039121 -0.139519 0.098581 -0.096927 -0.019197 -0.014436 0.045288 -0.056963 -0.102565 -0.145664 0.046759 -0.150893 0.064583 -0.102729
0.054649 0.187687 0.092334 -0.011846 -0.046855 -0.020742 0.081304 -0.005968 0.111178 0.027343 -0.037786 -0.038966 0.053196 -0.152885
0.115649 -0.185957 -0.053025 -0.070470 0.030052 0.106043 -0.087570 0.020960 -0.105712 0.029490 0.094613 0.021194 -0.090291 -0.058208
-0.053952 -0.063639 0.093888 0.155770 -0.029393 -0.058548 0.052998 -0.032551 0.054830 0.055048 -0.157807 -0.018615 0.052445 -0.024082
0.053045 -0.006483 -0.113701 -0.013829 0.029520 0.057872 0.059034 0.100029 -0.120210 0.025197 0.008127 0.081364 0.055162 -0.070709
-0.000764 0.103586 -0.098022 0.069677 0.073635 0.124197 -0.096853 -0.083890 0.008228 0.029836 0.081575 -0.146212 0.140282 -0.002752
-0.070341 -0.014407 -0.077326 -0.034143 -0.114638 0.085642 -0.012084 -0.088193 0.046236 0.109638 0.123274 0.006077 -0.003129 0.063365
0.020821 -0.057338 -0.050704 -0.001776 -0.068200 0.011460 -0.050393 -0.080718 0.069589 0.074897 0.040221 0.093419 0.011094 -0.016837
-0.070332 0.012209 -0.009498 -0.017265 0.035278 -0.015277 -0.134882 -0.208598 0.074290 -0.033947 -0.021342 0.054692 0.012361 -0.062063
0.075279 0.077030 0.038031 0.038167 -0.038341 0.066071 -0.083898 -0.045962 -0.063522 0.073242 -0.149726 -0.142271 -0.005062 -0.020177
-0.025078 0.020894 -0.041257 0.017640 -0.021210 0.038705 -0.039699 0.036313 -0.045165 0.066694 -0.048523 -0.059660 0.117650 -0.045003
0.027875 -0.117565 0.084983 -0.031172 0.008662 -0.171843 -0.023358 0.081997 0.008060 -0.022403 0.024807 -0.071724 0.113640 0.027337
0.067212 -0.027260 -0.031518 0.025982 0.139999 -0.141672 -0.081964 0.006740 -0.109559 0.017429 0.071588 -0.013755 -0.082477 0.133489
0.023880 0.004309 0.019170 0.040457 -0.031652 -0.116995 -0.053501 -0.095101 0.025603 0.080832 0.017613 0.002680 0.004484 0.158424
-0.004273 -0.098176 0.034692 -0.000313 -0.018916 -0.003946 -0.087502 0.017925 -0.030872 0.027249 -0.035622 -0.032408 -0.120643 0.159970
0.024504 -0.113279 0.051185 -0.016827 0.022289 -0.058013 0.033555 -0.080864 0.074275 -0.120325 0.044892 -0.024703 0.076914 -0.013586
-0.040022 0.048361 0.080935 -0.021429 -0.080162 -0.078197 -0.023215 0.022294 -0.008047 0.033142 0.112182 -0.033196 0.047871 0.012899
-0.041715 0.015067 -0.074736 -0.147593 0.087790 0.077641 0.154481 -0.050596 -0.028562 0.065800 0.077086 0.107137 -0.086879 0.023718
0.026079 -0.089620 -0.017381 -0.093883 -0.121383 0.083648 -0.001564 0.009250 -0.046788 0.034154 -0.062180 -0.035243 -0.014659 -0.053874
0.086726 0.016312 0.083839 -0.021146 -0.002821 0.001066 -0.122836 -0.000644 0.081670 -0.065391 0.014058 -0.016560 -0.048371 0.065384
0.099106 0.028420 -0.091466 -0.144842 0.004501 -0.074253 -0.061837 0.100684 0.011121 -0.166321 -0.031111 0.092959 -0.009257 -0.023711
0.078585 0.004434 -0.047580 -0.122890 0.061400 -0.022152 0.002461 0.116186 0.136057 -0.006541 0.081635 0.056445 0.172445 -0.107516
-0.013750 0.085686 0.049127 -0.081645 -0.104794 -0.012808 0.084708 -0.136082 -0.062146 0.036552 -0.162791 0.031035 -0.002751 -0.050143
0.051152 -0.057987 -0.002616 0.032873 -0.084870 0.038140 -0.097013 0.017961 -0.057897 0.012383 -0.136965 0.029584 0.042071 -0.086436
0.137964 0.076543 0.073600 0.015404 -0.059044 -0.072441 0.005738 0.118585 -0.022860 -0.082414 0.041134 0.016203 0.009428 -0.017506
0.074395 0.022064 0.015197 -0.072670 -0.052598 0.053678 0.008592 -0.101607 -0.150334 -0.120422 -0.033985 -0.022465 -0.076805 0.113190
0.004202 -0.105211 0.029607 0.072844 0.101561 0.015813 0.025778 0.009518 0.021071 0.015478 0.004444 0.104550 0.087533 -0.028607
0.085367 0.135994 0.047036 -0.009215 0.106594 -0.007176 -0.071294 -0.167920 0.019795 -0.100791 -0.009599 -0.030724 0.055147 -0.068660
0.021950 -0.062482 0.041275 -0.131078 0.008664 0.024240 0.017822 0.020245 -0.015453 -0.035173 -0.113009 -0.017559 -0.043844 -0.107921
0.021337 -0.049629 -0.016881 -0.061171 -0.013302 0.113128 -0.097119 -0.017742 -0.067227 0.042383 -0.059550 0.099553 -0.071871 -0.016025
-0.039804 -0.099188 0.049974 0.074213 0.065188 0.034029 -0.006112 -0.057041 -0.004804 -0.057495 0.005853 -0.122883 0.045355 -0.072971
0.003668 -0.141748 -0.119430 -0.091919 -0.037004 0.115218 0.023658 -0.013241 0.003482 0.042378 -0.110433 0.021079 -0.091458 -0.059578
0.092561 -0.048336 0.032771 -0.103842 -0.046924 0.006999 -0.010719 -0.008897 -0.107651 0.044285 -0.005131 -0.008964 -0.109641 0.005949
0.033435 -0.121080 0.073403 0.034429 -0.028652 0.041086 0.113454 -0.079116 -0.049572 0.096022 0.025648 0.095600 0.018644 -0.055576
0.094662 0.062434 -0.088855 -0.046591 0.002981 -0.028121 0.000335 0.014182 0.055039 0.036270 -0.002888 0.081303 0.023713 0.073670
0.058882 0.041755 -0.162912 -0.021280 0.024403 -0.044683 -0.062213 -0.031753 -0.103982 0.018737 -0.084267 -0.104654 0.006713 0.012878
0.238989 0.084036 -0.019447 -0.045419 -0.010033 -0.076559 -0.023950 -0.045134 -0.001347 0.083778 -0.028372 -0.142101 0.002009 -0.056466
-0.026138 0.027291 0.032597 -0.069303 -0.049255 0.076982 0.097515 -0.052646 0.058193 0.002177 -0.109560 0.014150 0.014212 -0.051157
0.137080 -0.045425 -0.081704 0.098137 0.043369 -0.134297 0.045544 -0.148932 -0.013049 -0.003474 0.038274 0.100704 -0.033541 -0.038350
-0.004548 -0.025561 0.010810 -0.060985 0.032869 -0.007820 -0.019726 -0.038572 -0.028782 0.102009 0.048963 0.008962 0.093029 -0.026595
-0.041570 0.082185 0.084759 0.055507 -0.105239 0.042351 -0.130932 -0.107146 0.065363 -0.057811 -0.072467 -0.035393 0.014019 -0.046644
0.045152 -0.007363 -0.066161 0.033858 0.069788 0.036266 -0.115801 0.021262 0.116231 0.121169 0.074820 -0.080579 0.080661 -0.103529
-0.074783 0.015293 0.001229 -0.056766 -0.023371 0.019525 -0.027145 -0.095467 0.026604 0.078052 -0.031630 0.005357 -0.055284 0.043872
0.105428 0.035030 0.052455 -0.124993 -0.069710 -0.048246 0.051940 -0.039581 -0.040201 0.100642 0.005889 -0.076457 -0.026871 -0.195152
0.041223 0.147336 -0.098945 -0.062421 -0.054783 0.100234 -0.063292 0.047500 0.110648 0.003248 -0.019998 -0.096859 -0.021578 0.045650
0.055923 -0.010803 -0.074807 -0.004132 -0.045122 0.004807 -0.066851 -0.046863 -0.083027 0.038353 0.051152 0.064735 0.071890 -0.010063
0.110247 -0.022345 -0.032359 0.109819 -0.074232 -0.040014 0.040669 0.011625 0.036200 0.066073 0.061793 0.102753 -0.068446 -0.068585
-0.133928 0.055985 0.057147 -0.053014 -0.073087 -0.073471 0.011072 0.136121 0.059688 0.004346 -0.019349 0.010527 0.038545 0.010069
-0.018029 -0.124034 -0.104766 -0.009225 0.090168 -0.036098 -0.051961 -0.084009 0.074409 0.062625 -0.114821 0.030601 -0.100069 -0.006663
0.034715 -0.004785 0.126375 -0.050153 0.020552 0.046758 0.122475 0.061534 -0.016847 0.060879 0.124278 0.064999 -0.039773 -0.105444
-0.142675 0.146691 0.002364 0.099054 0.020895 -0.036861 -0.042712 0.010899 -0.098322 0.013711 0.132948 0.046286 -0.105018 -0.058650
0.027922 0.020329 -0.020687 0.046310 -0.036697 0.021860 -0.053171 0.014001 -0.029947 0.009632 0.081812 -0.004696 -0.026261 0.100803
0.054440 -0.007894 0.145305 -0.062275 0.122085 0.105787 0.023812 0.058712 -0.044705 -0.060695 0.037393 -0.055914 0.127260 0.066140
-0.059558 -0.058412 -0.005949 -0.079061 -0.053189 -0.004851 0.091801 0.012016 0.033021 -0.029525 0.022306 0.004135 -0.048769 0.049319
-0.041957 0.006990 -0.011495 0.090439 0.051481 0.075038 -0.026115 0.153342 -0.119166 0.059708 -0.059324 0.092884 0.010843 -0.007744
-0.035443 -0.124898 0.086721 -0.078688 -0.025168 0.102765 0.101046 0.066700 0.093138 -0.005221 -0.037279 -0.057768 -0.053072 -0.001613
0.015905 -0.029604 0.011341 -0.127707 -0.110585 -0.050655 -0.017552 0.007874 -0.003377 0.030830 0.009060 0.012941 0.060851 0.004099
0.194326 0.003386 0.113482 0.095141 -0.010556 0.103630 -0.126541 -0.061214 -0.001952 0.069641 0.042703 0.048188 -0.010200 0.083600
0.007915 0.029809 0.098205 0.055729 0.024560 0.003223 0.095668 -0.030729 -0.111395 0.055004 0.057604 0.004620 0.064113 -0.057587
-0.013614 -0.066620 -0.015943 -0.052253 0.077489 0.058095 -0.074245 0.117280 0.016406 -0.011452 -0.092355 0.089142 -0.020078 -0.046779
-0.002293 0.006252 0.001109 -0.066503 -0.027948 0.086967 0.011210 -0.031904 0.061900 0.031731 -0.004269 0.065406 0.023782 -0.129603
0.106554 0.021382 -0.012588 -0.028365 -0.015900 0.051111 0.052123 -0.094649 0.061847 0.019539 0.050987 -0.087673 -0.026033 -0.035011
0.030843 0.030976 0.055548 -0.126531 -0.037591 0.046213 0.033318 0.036759 0.015966 0.023699 -0.021068 0.015773 -0.015254 0.089341
0.043638 0.050431 0.130750 -0.047883 -0.013356 0.004964 0.092541 0.027183 -0.100069 0.029190 -0.027879 -0.151016 -0.068829 -0.061899
0.021747 0.084026 0.055932 0.021025 0.003863 0.052529 -0.103173 0.001598 -0.032441 -0.020414 -0.047101 0.068874 0.128378 -0.246171
0.073189 0.045373 0.034460 0.072212 0.009387 0.043371 -0.083658 -0.080680 0.011428 0.098993 -0.045657 -0.001639 -0.064499 0.041678
-0.086866 0.092904 -0.028428 0.096134 -0.054052 0.102308 -0.083088 0.046904 0.085827 0.093134 -0.070574 -0.054864 -0.080622 -0.054230
0.073022 -0.006739 0.011082 0.025640 -0.032610 -0.021440 -0.065896 -0.013886 0.021661 0.014556 -0.006633 0.162838 -0.047681 0.079888
0.040860 0.002048 -0.006054 -0.019193 0.038493 0.067538 -0.071253 -0.004014 0.162306 -0.037117 -0.040839 -0.056157 -0.040030 0.114051
-0.006098 -0.157230 0.063547 -0.001249 0.011830 0.051801 0.015487 -0.051326 0.098838 0.054146 -0.060988 -0.050618 -0.018123 0.117448
-0.005952 -0.002166 0.080652 0.136519 0.026254 0.014035 -0.030288 0.125010 -0.056494 0.028403 0.172341 -0.079124 0.097186 0.004194
0.016179 0.004633 -0.030310 0.014557 -0.079870 -0.010359 0.095172 -0.004198 -0.031653 -0.202792 0.057008 -0.085844 -0.009634 -0.116847
0.052270 -0.034199 0.060533 0.027869 -0.166150 -0.014950 -0.045267 0.030296 -0.109164 0.028517 0.128990 -0.102347 -0.027549 -0.092660
0.063905 0.120225 0.079099 -0.065713 0.100093 -0.029269 -0.021664 0.072115 0.020337 0.152706 -0.036622 -0.034518 -0.086014 -0.016455
0.048856 -0.064128 0.103568 -0.034682 -0.023131 -0.072453 -0.087893 -0.018904 0.002334 0.066575 -0.033633 -0.013997 0.014521 0.060089
-0.030758 -0.038110 -0.033347 -0.008807 -0.138547 0.073185 -0.055202 -0.041584 0.121599 0.029902 -0.073294 0.000293 0.020048 -0.016369
-0.028545 -0.073482 0.048932 0.022595 -0.079801 0.100286 0.102518 -0.184146 -0.013632 0.017394 -0.019696 -0.079828 0.013820 0.018323
0.083860 0.078416 -0.025508 0.008482 0.102854 0.059261 0.033101 0.010708 0.039760 0.067315 0.017097 0.082905 0.048442 -0.071604
-0.021620 -0.044841 -0.011735 -0.134484 0.072874 -0.063335 0.024439 0.094505 -0.053847 -0.105022 0.094719 0.156062 0.200187 0.053179
-0.164875 -0.078330 0.047988 0.059336 -0.060085 -0.019205 -0.083854 -0.049003 0.050080 0.013425 -0.058746 -0.019619 0.095458 -0.017603
0.008823 -0.049737 0.035618 -0.076364 -0.104355 0.093958 -0.004434 -0.074665 0.158047 0.105444 0.012262 -0.049885 0.002904 -0.068051
-0.080751 -0.003186 -0.032766 -0.117021 -0.020965 0.001249 0.093954 0.006593 -0.057408 -0.056551 -0.049768 0.090428 -0.015348 -0.020937
0.119022 -0.004906 0.000603 0.005327 0.026346 0.006419 0.063193 -0.146901 -0.030222 0.085641 0.024849 0.031692 -0.004987 0.006606
-0.056460 -0.037001 0.020350 -0.046708 0.001950 0.067920 -0.073172 -0.008719 -0.060048 0.001777 0.026559 0.041300 -0.023303 0.040516
0.028908 -0.146627 0.008385 0.103540 0.090573 0.044786 -0.143700 0.076679 -0.098190 0.032363 -0.057075 0.014382 0.082665 -0.091759
-0.049860 -0.168290 -0.072590 0.043500 0.022752 0.032727 0.058670 -0.083169 0.086221 -0.033588 -0.069597 0.001095 -0.061214 0.015967
0.144931 -0.062561 0.191601 -0.194508 0.009183 0.029253 0.037435 0.058330 -0.084785 -0.079292 -0.007790 0.079146 0.042638 0.057029
-0.049486 -0.032309 0.033907 -0.157378 0.001905 0.020112 0.173501 -0.078652 0.049631 -0.032932 -0.118698 0.002685 -0.078360 0.061137
0.046350 -0.119164 -0.043878 0.005661 -0.068010 0.059564 0.097038 -0.059616 -0.069765 0.033955 0.016743 0.053877 -0.048214 -0.012572
0.066797 0.086157 -0.051483 0.085346 -0.057460 0.095240 0.120616 -0.001637 -0.016283 0.059251 -0.029651 0.017055 -0.078081 0.092267
0.108001 0.095914 0.013811 -0.010776 -0.136010 0.002380 -0.139946 -0.142665 -0.025912 -0.001374 -0.122556 -0.101620 0.026600 -0.000149
-0.011513 0.063929 -0.016016 -0.039198 0.066419 0.084100 -0.061365 -0.108946 0.018488 0.021548 -0.146227 0.041350 -0.000137 -0.083367
0.082652 0.000738 0.036110 -0.040241 0.050944 -0.042959 -0.054700 -0.009883 -0.068484 0.045495 -0.050756 0.036116 -0.087028 0.114035
0.011589 -0.011343 -0.058906 -0.003205 0.077352 0.062256 0.059018 -0.099819 -0.059731 0.014167 -0.058561 -0.006580 0.003078 -0.025134
0.048145 -0.147509 -0.047433 0.084571 0.037217 0.092409 -0.024613 -0.111231 0.116235 0.135355 0.039510 -0.073887 0.018885 0.050307
0.066676 -0.141848 -0.010413 0.012758 0.071423 -0.006015 -0.059456 0.053913 -0.039228 -0.093657 -0.053624 0.015393 0.003317 0.024895
0.073100 -0.008192 -0.023872 -0.030678 0.062827 0.175081 0.084105 0.131157 -0.028642 0.051464 -0.045936 0.010091 0.052467 -0.008273
0.097951 -0.078814 -0.004660 0.092564 0.036486 -0.119570 0.085220 -0.059727 -0.080077 -0.000595 0.015245 -0.016322 0.050894 -0.014998
0.093766 0.109519 -0.071880 -0.203588 -0.044127 -0.051672 0.000142 -0.041582 0.081997 -0.188942 0.079029 -0.072744 0.048914 -0.007588
-0.056149 -0.064854 -0.038997 0.000356 -0.023600 0.010533 0.136555 -0.072926 0.015581 -0.007095 -0.069464 0.035918 -0.071767 -0.025726
0.007090 0.064196 -0.082012 0.147821 0.086034 0.003074 0.156061 -0.036535 0.092957 -0.099546 0.053579 0.078891 0.038408 0.040569
0.041998 0.041496 -0.004694 0.086422 -0.014701 -0.076379 0.074190 0.052086 -0.028956 0.003211 -0.054579 0.074045 0.051193 0.067348
-0.008302 -0.102241 0.100713 0.073165 0.015334 0.054679 -0.064134 0.015950 0.028854 0.004274 -0.031076 -0.010408 0.007988 0.040816
-0.067409 -0.059867 0.031668 0.087940 0.040900 0.011478 -0.013703 -0.107470 -0.009213 -0.097109 -0.131829 0.079086 0.018409 -0.020923
-0.000165 0.038090 -0.107154 -0.005269 -0.153046 -0.066047 0.073244 -0.083585 -0.036910 -0.022502 0.077146 -0.013700 0.049140 0.140571
0.022362 0.123143 0.156907 -0.086259 0.009518 -0.030422 0.154049 0.006123 -0.165772 -0.028962 -0.010404 -0.011970 0.034166 -0.155896
0.130894 -0.088195 0.106537 0.063697 -0.152856 0.131342 -0.161494 -0.037956 -0.100259 -0.028142 0.058908 -0.010331 -0.040753 -0.121744
0.122171 -0.061933 -0.005087 -0.042272 0.078795 -0.025650 -0.048963 0.060700 0.142470 0.028382 -0.130582 0.172162 -0.041292 -0.029600
0.072284 -0.003811 -0.008372 0.071663 -0.019935 -0.038565 0.015494 -0.042017 -0.029454 0.075061 -0.046717 -0.148407 -0.068286 0.035260
0.093312 0.012138 0.005272 -0.143347 -0.014666 -0.038889 -0.051317 -0.032445 -0.035000 0.040957 0.003393 -0.031950 -0.129661 0.244184
0.001555 -0.028193 0.082451 -0.075618 -0.061702 -0.052947 -0.063491 0.005720 -0.025661 0.006520 0.032720 -0.027405 -0.048510 0.015587
-0.101289 -0.098975 0.006659 -0.055411 0.005040 -0.021201 0.025376 0.156021 -0.032488 0.067311 0.001569 -0.038459 -0.054006 0.072182
0.078005 0.093932 0.096638 -0.040060 0.054277 -0.113202 0.023887 0.100040 0.019888 0.067259 0.031384 -0.044309 0.014692 0.045752
-0.149139 0.023649 0.021287 -0.017727 -0.061555 0.113036 -0.031980 0.235066 -0.018216 0.080483 0.006558 -0.014676 -0.003207 0.133833
-0.030575 -0.059214 0.140055 0.101209 0.014434 0.006247 -0.035095 -0.023450 0.080809 0.090706 -0.041064 -0.000195 0.060006 -0.104809
0.140990 0.096738 -0.048165 -0.060590 0.022803 0.119326 0.031386 0.102381 -0.098716 0.150604 -0.031394 -0.076005 -0.007171 -0.037981
0.006118 0.074888 -0.036864 -0.014121 -0.066706 -0.004290 -0.010549 0.041547 0.084081 -0.064371 0.035951 0.114354 -0.150196 -0.007527
0.010778 0.088788 -0.063855 0.008287 0.021484 0.016201 0.010928 -0.009123 -0.028590 -0.004424 -0.064042 -0.052922 -0.043608 0.057960
0.022678 0.010915 -0.026739 -0.003576 0.057593 0.050117 -0.110878 -0.091265 -0.048913 0.027134 0.137949 0.015762 -0.074883 -0.019599
0.056179 0.022758 -0.044572 -0.123330 -0.051350 0.068160 -0.143366 0.019662 -0.043206 -0.053194 0.024732 -0.057291 -0.010401 -0.003537
-0.000189 0.005065 0.027481 -0.089601 0.035406 0.018975 -0.107215 0.027338 0.027223 -0.048392 0.034534 -0.131905 -0.033145 -0.013042
0.035916 -0.022483 0.018030 -0.125293 0.123232 0.059064 0.026936 -0.090281 -0.005659 -0.103689 -0.031001 -0.023124 -0.024710 -0.017607
0.055407 0.038107 -0.070006 -0.011745 -0.123275 -0.080942 0.158084 -0.038967 -0.098072 0.003007 0.030240 -0.118005 -0.079147 -0.010134
0.006857 0.079581 -0.009184 -0.077094 0.013888 -0.032650 -0.104200 0.065526 0.015916 0.030923 0.006462 -0.039711 0.066713 0.021443
0.084134 -0.037884 -0.021113 -0.000695 -0.006962 0.069590 -0.030331 -0.033266 0.108369 -0.076923 0.086043 0.027911 0.026533 -0.030794
-0.032764 -0.169564 0.041122 0.035482 0.136230 -0.009241 0.019408 -0.086492 -0.053587 0.058386 -0.024743 0.066070 -0.067524 0.032746
-0.051012 0.057173 -0.158160 -0.027105 -0.040534 0.047358 0.057490 -0.002669 -0.009744 0.074508 0.040562 -0.085036 -0.011275 0.075859
0.007972 -0.028784 -0.104748 -0.157261 -0.043556 -0.057337 0.016312 0.017836 0.154404 0.022264 -0.115678 0.024624 0.027133 0.028501
-0.056931 -0.050698 -0.043764 0.039584 0.175493 -0.002334 -0.019055 -0.011772 -0.033412 -0.015611 0.130199 0.039985 -0.041616 0.008703
0.012490 -0.026976 0.015397 -0.046399 -0.067238 0.001958 -0.056020 0.065018 0.244488 -0.077816 0.001013 0.081973 -0.051124 0.053423
0.040609 0.009217 -0.062890 -0.052869 -0.142228 0.054817 0.033278 0.032413 -0.036958 0.022471 0.007272 -0.080135 0.066943 -0.029843
0.055565 -0.014810 0.010875 -0.009570 -0.024249 -0.014555 0.147449 -0.046861 -0.021774 -0.082375 -0.049951 0.036498 -0.004634 0.023725
0.031766 0.185498 -0.066035 0.074566 0.057366 0.057994 0.135147 -0.071541 -0.131345 0.117811 0.061184 0.040257 -0.049479 -0.079661
-0.009478 0.002676 -0.054009 -0.009571 -0.082558 0.093797 0.127265 0.020538 0.024939 0.043518 -0.134271 -0.019516 0.016765 -0.089612
0.091748 0.158984 0.058531 0.069948 -0.161195 -0.040634 -0.096888 0.045709 -0.085023 0.022522 0.079089 -0.021223 -0.070149 -0.026058
0.025393 -0.164714 0.022531 -0.015657 0.145892 -0.022086 -0.024972 -0.046071 0.086289 -0.034142 0.087881 0.067265 -0.000694 -0.004081
-0.123120 -0.028903 0.017405 0.113747 0.062626 0.007323 -0.051363 0.001010 0.065014 0.140492 -0.044347 0.020277 -0.038894 -0.055830
0.053817 -0.032961 0.078859 -0.107696 0.101033 -0.059863 -0.029739 -0.046682 0.034227 0.064631 -0.035905 -0.005471 0.042636 0.058683
0.059617 -0.019620 -0.053934 -0.091058 -0.052895 -0.066628 0.004916 -0.011687 0.005346 0.105902 -0.164389 -0.063328 0.147930 -0.043847
-0.028350 0.049483 0.096507 -0.030323 0.075316 -0.001041 0.018882 0.031482 -0.079060 0.075116 -0.082019 0.062357 0.002575 -0.057879
0.023825 0.055728 0.002726 -0.041565 -0.034956 -0.041476 -0.000167 -0.015885 0.043352 0.088012 -0.021270 -0.056072 -0.112354 0.002215
-0.039188 -0.129575 0.136546 -0.030188 -0.035665 0.048382 0.103470 -0.049095 0.003156 0.104312 0.080184 0.039641 0.015046 0.000826
-0.060866 0.016839 -0.150549 0.012567 -0.023100 -0.156140 0.129318 -0.007873 -0.091200 -0.006560 -0.013109 -0.003125 -0.145466 -0.092689
-0.094660 0.039491 0.141888 0.118589 -0.011863 -0.008181 -0.037223 0.103482 0.000574 0.030162 0.012758 0.097602 -0.120596 -0.025033
0.036838 0.186513 0.053594 -0.022863 0.038325 0.011289 -0.003739 -0.184291 -0.069333 0.026111 -0.019064 0.051944 -0.000105 0.168247
-0.030206 0.139307 -0.015678 -0.119926 0.072144 -0.075730 0.144500 0.075026 0.034577 0.031840 0.095074 -0.054348 -0.139356 -0.015524
-0.148252 -0.022322 0.085401 -0.104626 0.000563 0.069732 0.041033 0.022285 -0.044797 -0.092198 0.084164 -0.030540 -0.033725 0.105000
-0.040248 0.073319 -0.025526 -0.045200 0.050505 -0.000399 0.033856 0.040580 -0.057802 0.027716 0.021252 -0.089367 0.005657 0.025249
0.058883 0.048008 -0.013585 0.062500 -0.023983 -0.006244 -0.041941 0.131876 -0.016457 -0.045810 0.026902 -0.043355 0.131262 0.004106
0.083526 -0.128881 -0.081733 -0.187842 0.010590 -0.045036 -0.053502 -0.050487 0.032303 -0.049978 0.046298 0.061582 0.047738 -0.069165
0.095385 -0.048564 -0.062374 -0.135229 -0.027395 0.089011 -0.105868 0.032474 -0.095056 0.029534 0.057871 -0.020345 0.048857 0.029249
-0.038605 0.037711 -0.057558 -0.183512 0.137429 -0.028163 0.055403 -0.020402 0.077007 -0.017030 -0.135004 0.009071 0.167431 0.025596
0.036640 -0.032214 0.034262 0.067991 0.084754 -0.022594 -0.091522 0.024496 -0.099413 0.022432 -0.101645 0.046517 0.098019 -0.071167
0.065932 -0.134916 0.043364 0.002761 -0.050517 0.009244 -0.028478 -0.133107 -0.098601 -0.046341 0.045148 -0.082990 -0.135567 0.067418
-0.035201 -0.021688 0.010606 -0.012397 0.018040 -0.045759 -0.141854 0.078993 -0.069445 -0.094811 0.020883 0.000505 0.011366 -0.014667
-0.005870 -0.075013 0.028520 -0.011353 0.027733 0.104434 -0.141761 0.101326 -0.038567 0.009955 -0.098341 -0.015288 0.082483 0.021331
-0.064969 -0.011170 0.110062 0.088166 0.024514 0.002473 0.048316 -0.049273 0.059578 -0.067564 0.039381 -0.026410 -0.028437 -0.080274
0.017098 0.033810 0.030244 -0.111755 -0.034805 0.097528 -0.121499 -0.048681 0.177026 0.102677 0.007290 0.092389 0.067692 0.128384
-0.126880 0.080713 0.133329 -0.091702 0.001793 -0.030743 -0.136909 0.083618 0.008660 0.117769 -0.119505 0.116725 0.032324 -0.030918
-0.073320 0.004115 0.068759 -0.033137 0.015536 0.122572 -0.051684 -0.157368 0.024653 0.022300 0.044327 -0.027173 -0.036046 -0.036360
-0.074224 0.041228 -0.176887 -0.050488 0.061491 -0.086922 -0.043650 -0.039673 0.070167 0.009791 0.155599 0.002764 -0.001657 0.049019
-0.007616 -0.082349 0.081058 0.034208 0.056401 0.007313 0.000180 0.019372 -0.049762 -0.035751 0.088624 0.086445 -0.001649 -0.028285
0.066079 -0.072466 -0.045876 0.059002 -0.003707 0.005070 0.079894 -0.011876 0.000048 0.024968 0.126821 0.108332 0.149132 -0.165715
0.059417 -0.136650 0.136122 0.012480 0.076558 -0.067088 0.098100 0.024263 -0.069715 -0.019609 -0.040347 0.066673 -0.055300 0.083414
0.045785 0.044988 0.120603 -0.004664 0.045394 -0.016685 -0.075481 0.032370 0.038316 -0.142090 -0.020722 -0.005130 0.036326 -0.068038
-0.085275 -0.063368 0.028288 -0.096136 -0.028313 -0.022771 -0.024391 -0.120179 0.046872 0.004319 0.060901 0.007577 -0.040883 -0.024996
-0.042171 -0.079711 0.061470 0.013174 -0.007399 -0.067230 -0.069389 -0.143837 -0.025846 0.066814 0.014278 -0.131263 -0.125964 0.034221
-0.061663 0.078306 0.071903 0.066831 -0.035715 -0.007102 -0.002508 0.098581 0.050403 0.028879 -0.065425 -0.033559 -0.191962 -0.115124
-0.102096 -0.025483 0.071840 0.063305 0.038587 -0.120359 -0.112341 0.109975 -0.092927 -0.003992 -0.012730 -0.011384 -0.217698 -0.009206
-0.034897 -0.030516 0.050282 0.004834 -0.006113 -0.169891 -0.064253 0.128510 -0.002218 0.106250 -0.022283 0.079095 -0.085174 0.039521
0.024025 0.096908 0.006409 -0.060925 0.100910 -0.085936 -0.050130 0.028310 0.039298 0.036477 -0.056834 0.064398 0.012586 -0.057891
-0.094775 0.025078 0.043879 0.022040 -0.015684 0.004286 0.040308 -0.101781 -0.041240 -0.011634 0.021829 -0.092671 0.137696 -0.097863
-0.165175 0.043174 -0.094605 -0.132924 0.043422 -0.116950 -0.028054 0.031473 0.064155 -0.081284 -0.002720 0.004256 0.057167 -0.109534
0.086965 0.040101 -0.012808 -0.072093 -0.055492 0.167419 0.073231 -0.056062 -0.085861 -0.006835 -0.000327 0.009688 0.025179 0.048586
0.033087 -0.065217 0.091404 -0.015240 -0.018545 -0.143919 0.019721 -0.054277 -0.064937 0.015727 -0.066162 0.007057 -0.107032 -0.162830
0.060816 0.015530 -0.079797 0.001650 -0.185880 -0.021093 -0.080389 0.056878 0.024080 -0.107475 -0.016151 -0.010673 -0.060933 0.127531
-0.033228 -0.008321 0.029795 0.012392 -0.090984 0.006674 -0.179637 -0.006066 -0.110389 0.006668 -0.054354 -0.021715 0.035103 -0.028451
0.154631 0.091611 0.018059 -0.027543 -0.037306 0.016603 0.072271 -0.020175 0.083291 -0.026393 0.070866 0.059848 -0.078717 0.031812
0.082629 -0.082171 0.075576 0.014182 0.021710 -0.069217 -0.024160 0.056081 -0.115310 -0.044908 -0.003935 -0.061530 0.013156 0.157490
-0.056579 0.159720 0.007240 0.040035 0.030980 -0.057511 0.017772 0.069030 0.036669 -0.001267 -0.057757 -0.156777 -0.039170 -0.096392
0.111885 -0.013443 0.091882 -0.006433 0.093851 -0.021175 -0.038941 0.054729 0.038694 -0.012741 0.032494 0.090085 0.067581 -0.087570
-0.047104 0.071555 -0.001481 -0.000945 0.143226 -0.002833 0.004546 0.092379 0.052343 -0.033182 0.100751 0.041104 -0.034708 -0.043072
0.109537 -0.004507 0.155713 0.068638 0.115481 -0.056713 -0.034426 0.036799 0.054126 -0.125487 -0.142599 -0.066692 -0.032172 0.066631
0.007622 0.067598 0.031948 0.068052 -0.037030 -0.086746 -0.055347 0.083824 0.153998 -0.060274 -0.049101 -0.021969 -0.049155 -0.060673
0.099964 -0.035676 -0.031207 0.011063 -0.008167 0.000316 -0.104798 0.023014 0.055053 -0.045610 -0.061984 -0.038023 0.005184 0.011081
-0.053469 -0.058970 0.011548 0.060764 0.021853 -0.001602 -0.047525 -0.101970 -0.065499 0.024003 0.069702 -0.129789 0.127923 0.033110
