0.148249 -0.173434 0.006820 -0.114647
0.124330 0.087718 0.019543 0.050228
0.001992 0.039132 0.186778 -0.041209
0.112043 -0.094743 -0.022248 -0.126352
0.052839 0.077036 0.048202 0.074032
-0.162419 0.014675 0.029752 -0.033244
-0.082531 -0.255314 0.053721 -0.035274
0.028564 -0.077925 -0.297895 -0.125053
0.069162 0.036561 -0.139060 -0.084325
-0.152444 -0.278003 0.028716 0.041900
-0.028226 0.043296 -0.029798 -0.030800
0.078583 0.015985 -0.018676 0.122438
0.066674 0.173035 0.003886 -0.029165
0.068743 0.115137 -0.021705 0.190408
0.071246 -0.084606 0.013490 -0.155930
0.071056 0.036246 -0.050442 -0.138521
-0.182205 -0.065120 0.019820 -0.047360
-0.080344 0.027188 0.001027 -0.324300
-0.169496 -0.297273 0.035794 0.003994
0.095481 -0.064447 -0.123171 -0.193987
0.032459 0.236920 0.080662 0.016362
0.017140 -0.003702 -0.022338 -0.180395
-0.275920 -0.138230 -0.225784 -0.151891
0.129083 -0.010721 0.063315 0.004635
0.051664 -0.077023 0.109579 0.075336
0.049298 -0.296514 -0.000147 -0.177624
-0.009071 0.095797 -0.071289 0.074686
0.052132 0.051781 -0.161047 -0.315655
-0.162218 0.035805 -0.182858 0.345291
0.239046 0.122140 -0.095138 0.124780
0.117049 -0.270372 0.094036 -0.030222
0.107891 0.039463 -0.063798 0.121514
0.021636 -0.127334 -0.036696 0.023987
0.128768 0.194987 0.194644 0.085496
0.071353 0.026993 -0.174251 -0.044219
0.204981 -0.233034 0.058595 -0.091394
-0.003652 -0.000279 0.143328 0.007585
0.317110 0.102099 -0.024253 0.082356
-0.130323 0.024148 -0.136733 0.080473
-0.114915 0.116538 -0.201734 -0.060111
-0.041676 0.021536 0.068631 0.079730
-0.174714 -0.005309 -0.005623 -0.233032
-0.118862 -0.167444 -0.098988 -0.095151
0.027445 -0.112110 -0.151257 -0.186957
0.157437 -0.104448 -0.359582 -0.178621
0.021318 -0.268691 0.000451 -0.300039
0.093945 0.047100 0.060251 -0.002984
0.144612 -0.313249 -0.023013 -0.266832
-0.195613 0.003470 -0.174337 -0.129289
0.075423 0.037103 -0.287462 -0.099671
0.101549 -0.161658 0.083284 -0.262571
0.189488 -0.183828 -0.145516 0.045728
0.071838 -0.263178 -0.018386 0.093449
-0.006165 0.191552 -0.012332 0.130518
0.123046 -0.031329 0.193370 0.315286
-0.153024 -0.035603 0.215000 -0.091586
-0.030218 -0.017419 0.009337 0.026852
0.129845 -0.076635 0.007018 -0.183115
-0.024217 -0.000043 0.188955 -0.004769
0.121902 -0.040592 0.054854 0.008816
-0.039106 -0.060676 0.050547 -0.070310
0.113743 -0.116225 0.000954 -0.111096
-0.028957 0.072287 0.078022 0.047705
0.086756 -0.178630 -0.070686 -0.026498
-0.197177 -0.209864 0.137174 0.043285
-0.170089 -0.002341 -0.106059 -0.083363
-0.300699 0.157955 -0.153006 0.083148
-0.000099 0.091230 0.040582 0.022131
0.110844 -0.057678 -0.020879 0.079012
0.107166 0.034511 0.197852 -0.101882
-0.015094 -0.066290 -0.087498 -0.112472
-0.149054 -0.232985 0.103627 -0.006130
0.152746 0.076497 -0.135932 0.089867
-0.151744 -0.010917 0.286264 -0.052708
-0.099112 -0.084035 0.221450 -0.035516
-0.035491 -0.074269 -0.196965 -0.049468
-0.029084 -0.455258 -0.159972 0.052827
-0.211132 -0.301821 -0.044967 0.016475
0.011560 -0.073990 -0.119515 0.158234
0.063011 -0.000539 -0.074624 0.043469
-0.043559 0.111588 0.027027 -0.160737
0.023404 -0.139860 0.012725 -0.058618
-0.048688 -0.077098 0.181721 -0.118025
0.139572 0.240869 0.125291 0.013451
0.210841 -0.003636 0.202945 0.148887
0.136678 -0.074239 -0.042144 0.220421
-0.257517 -0.127111 0.037139 0.176965
-0.157931 -0.046502 -0.059949 0.054349
0.059640 -0.057706 0.107980 0.125825
0.107770 0.229425 -0.008702 0.078783
0.068777 -0.037889 -0.046306 -0.137553
0.006994 0.046948 -0.229196 -0.051352
0.026912 0.043065 -0.009703 0.110778
-0.221039 -0.096061 0.069365 0.106864
0.069987 0.048613 -0.047934 -0.016020
0.004889 -0.109818 0.004156 0.067395
-0.075233 0.238932 -0.254415 0.015171
-0.103591 -0.152887 0.140212 0.088057
-0.029594 -0.028559 -0.028527 0.188616
0.098853 -0.059684 0.034185 -0.064019
-0.126316 0.016158 -0.004470 0.097551
0.082187 -0.158950 0.067296 0.011762
-0.198116 0.069341 -0.169273 0.088187
0.126116 -0.203755 -0.177189 0.016456
-0.148261 0.148153 -0.071976 -0.047468
-0.097689 -0.095377 0.222366 0.028375
0.174354 0.107561 -0.200957 -0.215082
0.021109 -0.230160 0.075462 -0.253638
0.103740 0.054358 0.021001 0.009867
0.077411 0.008570 -0.168366 -0.134472
0.087343 -0.085698 -0.056140 -0.012588
0.095362 0.044618 -0.083379 -0.136297
