0.079371 -0.002714 0.057950 0.109004 -0.072809 -0.169018 0.065870 -0.274755 -0.114969 -0.176759 0.022761 -0.181317 0.153681 -0.080743 -0.158379 0.025361 0.040538 0.038078 0.076231 -0.303120 0.154024 -0.090665 0.083008 -0.032209 0.058507 0.081252 -0.117259 -0.012853 -0.095260 -0.013511 -0.030093 -0.063473 -0.026927 0.022789 0.084722 0.025386 0.132085 -0.116754 -0.115054 -0.168069 0.182703 0.386218 0.120616 0.105585 -0.141619 0.183750 0.076640 -0.011908 0.079378
-0.021447 -0.014558 -0.026159 -0.032836 0.208444 0.052084 0.058916 -0.051409 0.088012 -0.167361 0.283207 0.087330 -0.119499 -0.001187 -0.284473 -0.117590 0.194247 -0.055348 -0.164536 0.011795 0.255957 0.081829 0.047394 -0.065123 0.064433 -0.046224 0.030024 -0.052011 -0.228242 -0.149014 -0.169485 0.010554 0.274194 0.038041 -0.003823 -0.003840 -0.096018 -0.277874 -0.168350 0.019001 0.021366 0.090355 -0.022501 0.037371 -0.026082 -0.156530 -0.001844 0.137911 -0.109947
0.121681 -0.082432 0.034941 -0.035327 -0.016726 0.148516 -0.121600 -0.077403 -0.098351 0.129594 0.009057 0.228321 -0.007790 0.137773 -0.068769 0.115038 -0.253371 -0.138889 0.108743 -0.160680 -0.022459 0.067015 0.062611 0.255080 -0.015728 -0.120315 0.066518 0.114129 0.124153 0.027549 -0.114555 -0.012717 -0.079195 -0.079732 0.238817 -0.140884 0.034564 0.091449 0.102351 0.146024 -0.064195 -0.059476 0.061219 0.062482 -0.039434 0.126471 -0.068257 -0.035565 0.023770
-0.119607 -0.092723 0.090041 -0.127510 0.210403 -0.030950 -0.001257 0.002363 -0.265216 0.151172 0.109351 -0.293173 -0.041818 -0.208650 0.045201 -0.038726 0.088190 0.143756 -0.188690 -0.264575 0.034816 0.137244 -0.031799 0.080087 -0.123272 -0.247838 -0.164908 -0.004788 0.002168 0.176058 -0.107333 -0.033127 0.135202 -0.159227 -0.217873 -0.004702 0.158223 0.029086 0.152977 -0.289685 0.037835 0.185945 0.112399 -0.214767 -0.238970 -0.316881 0.140837 -0.041832 0.224827
0.162695 -0.072696 0.254486 0.112634 0.356404 -0.312658 -0.074762 0.022616 -0.382543 -0.272147 0.292834 -0.123010 0.120162 0.110957 0.149335 -0.120039 0.067929 -0.084095 0.069467 0.028308 -0.307276 0.236305 -0.000280 -0.229578 -0.047025 0.035778 -0.094869 0.214097 -0.124726 0.000067 -0.099233 -0.049731 -0.050802 0.097230 0.124577 -0.151288 -0.182379 0.144288 0.335769 0.071944 0.046821 -0.178210 0.278236 0.064000 0.112545 0.004133 0.050702 -0.176228 0.051645
-0.133351 -0.112091 0.168529 -0.264071 -0.079741 -0.015400 -0.055400 -0.058291 -0.196863 -0.097954 -0.194754 0.028074 0.035310 -0.027201 0.071094 -0.046226 -0.028643 0.225777 -0.265355 0.066495 0.022554 0.014520 -0.089028 -0.031442 -0.031118 -0.168799 0.011389 0.209592 0.098940 0.152515 -0.061942 0.174357 -0.026244 -0.008112 -0.089070 0.072425 0.116384 -0.283852 0.036488 -0.084699 0.301382 -0.102802 -0.179926 -0.046145 0.017717 -0.026544 -0.265154 -0.163971 0.130212
-0.058162 -0.297370 -0.057814 -0.267442 0.109765 -0.096990 -0.213546 -0.188204 0.171009 -0.123574 0.255315 0.302487 -0.004035 -0.127252 0.078705 -0.097821 0.093044 0.057736 -0.104495 0.053800 -0.255244 -0.030771 -0.090257 -0.120495 0.017051 0.195469 0.348456 -0.054308 -0.309064 -0.088603 0.111352 -0.137636 0.190258 0.068993 0.110543 -0.103240 -0.043984 0.138791 0.098712 -0.065125 0.176465 0.109574 0.042074 0.055211 -0.089347 -0.034217 0.025689 0.014188 0.051424
0.033050 -0.035942 0.103494 0.043056 -0.039586 -0.113919 -0.155510 -0.070518 -0.012037 0.047900 0.085091 0.036290 0.163940 0.034331 -0.162751 0.208254 0.013239 0.182392 -0.109085 -0.177014 0.116443 0.165380 0.021142 -0.167172 0.014409 0.039639 -0.049763 -0.149538 0.082494 0.237523 -0.178616 -0.077966 -0.022093 -0.025205 -0.109828 0.122114 -0.110394 0.264119 0.001587 0.121944 -0.099774 0.042030 -0.063393 -0.048192 0.299652 0.134147 0.041501 0.050273 -0.189952
-0.173539 -0.040537 0.185302 -0.210691 -0.131244 -0.034566 -0.004298 -0.139411 -0.117521 0.082394 -0.188715 -0.162302 0.064306 -0.001207 -0.178073 0.181512 0.228562 -0.021076 -0.117559 -0.007311 -0.030220 -0.023824 -0.036034 -0.029365 -0.004266 0.001057 -0.096581 -0.236614 0.181819 -0.310740 -0.149377 0.067209 -0.006616 -0.002546 0.140092 -0.181114 0.025277 -0.132736 0.063568 -0.060864 -0.020402 -0.066733 0.124620 -0.128335 -0.066569 0.101628 -0.162237 0.084962 0.001290
-0.133919 0.023343 0.078046 0.024525 -0.207989 -0.228894 0.086499 -0.123018 -0.028161 0.126648 0.195205 -0.028428 0.054195 0.018077 -0.018947 -0.119761 -0.144171 -0.128097 -0.174442 -0.251167 0.019576 -0.055297 -0.019400 -0.236667 0.003233 0.242721 -0.117755 0.124820 -0.261695 -0.067598 0.007249 -0.129961 -0.139276 -0.158566 -0.132274 0.134867 -0.056340 0.106946 -0.250228 -0.082494 0.204169 0.094930 -0.020497 0.253459 0.123016 0.041398 -0.070591 -0.093892 0.071139
-0.215552 -0.011671 0.049367 0.053897 -0.066027 0.014611 -0.050766 -0.353987 0.048324 -0.011489 0.198293 0.085983 0.025952 0.109247 -0.215045 -0.260282 -0.143706 0.107638 0.089645 -0.292083 0.081520 0.090754 0.089317 0.164669 -0.080637 -0.190904 -0.028999 0.121843 0.088277 0.032565 -0.069884 -0.057319 -0.036856 -0.084024 -0.001115 0.097031 -0.037652 -0.126586 0.093817 -0.089908 -0.188209 0.219257 0.076782 0.045677 0.030682 -0.236141 0.197407 -0.104458 0.005294
-0.005111 -0.036089 -0.042436 -0.226673 0.043163 0.095004 -0.126474 0.146146 0.058842 0.013682 0.026421 0.069466 0.177413 -0.107220 -0.031977 0.062247 0.087870 0.192339 -0.003622 -0.021569 0.138187 -0.063322 -0.045655 -0.001832 -0.034249 -0.041892 0.205824 -0.006617 -0.081717 0.158163 0.201600 -0.109234 -0.126433 0.046243 -0.039955 -0.024312 -0.112982 0.088578 0.084858 0.024123 0.070870 0.158941 -0.214746 -0.165515 0.152634 0.121366 -0.187691 0.066509 0.139351
0.011709 0.056233 0.074174 -0.049321 -0.046469 0.024284 -0.062285 0.005221 0.266795 0.008991 0.136691 -0.059725 0.116054 0.058427 0.104789 -0.015078 0.032259 0.071552 -0.051156 -0.083507 0.135612 -0.115380 -0.077649 0.006168 0.037854 0.108892 -0.032333 -0.016932 0.229094 -0.048416 -0.022964 0.222627 -0.093323 -0.107122 -0.060236 0.029298 -0.070067 -0.051104 -0.165404 -0.270101 0.226660 -0.046214 -0.121468 -0.143008 -0.249231 0.026535 0.007680 -0.078521 0.189118
-0.158624 -0.031743 -0.001115 0.189228 0.035807 -0.047940 0.073278 0.025668 0.212089 0.026079 0.018432 0.240157 0.020569 0.144535 -0.179345 0.119338 0.047798 -0.384782 -0.217578 -0.137914 0.061416 0.166469 -0.150588 0.039095 -0.092922 0.160973 0.009281 -0.192033 -0.018971 -0.006851 -0.194957 0.014596 -0.008845 -0.206123 0.163381 -0.044200 -0.022915 0.261450 0.104939 0.109455 -0.072941 0.054402 0.080211 0.207243 0.200048 0.072134 0.012063 -0.015352 0.244468
0.051590 0.016124 0.028932 0.011994 -0.229756 0.192880 -0.084228 -0.127148 0.048385 -0.072129 0.075417 0.109772 -0.021484 -0.020633 -0.018402 -0.109380 -0.143785 -0.002060 0.125070 -0.029920 0.038615 -0.009955 -0.038377 0.056535 -0.079634 0.052705 0.097314 0.022978 0.194939 0.215004 -0.173618 -0.201691 0.033890 -0.362292 0.097428 -0.190792 -0.093646 0.208340 0.139126 0.352688 -0.261307 -0.032936 -0.000341 -0.243771 -0.153236 0.171160 0.098768 -0.000557 0.085581
0.367376 0.045442 0.128211 0.107477 -0.070527 -0.002782 -0.016559 -0.012600 0.107351 0.179053 -0.251691 0.073789 -0.020275 0.084956 -0.147373 -0.084177 -0.072904 0.044486 0.033790 -0.223406 -0.017214 0.230011 0.034175 -0.094560 -0.222501 -0.095339 -0.152989 0.074734 -0.032369 0.084557 0.139525 0.056241 0.055278 0.043000 0.101327 0.108658 -0.090083 -0.074528 -0.282029 -0.232727 -0.051464 0.213189 -0.155698 0.119931 -0.060523 0.068746 0.088508 -0.057867 -0.084326
-0.129485 -0.047024 -0.090118 -0.063423 0.029359 0.257214 -0.135112 0.097262 -0.005464 -0.064200 0.075795 0.041956 -0.060489 -0.050803 -0.054422 0.092458 0.115779 -0.066478 0.131747 0.095407 -0.004667 -0.095300 0.038899 0.015814 0.203703 -0.319102 -0.276389 0.082677 0.171531 -0.071119 0.035245 -0.183747 -0.043093 -0.168738 -0.080182 0.076900 0.074116 0.028753 0.041164 -0.264363 -0.182209 0.086005 0.110413 0.083326 -0.082528 0.158265 0.139284 -0.038421 0.114729
0.113948 -0.271891 -0.094446 -0.098274 -0.035051 -0.075915 -0.157578 -0.062858 -0.209549 -0.122683 -0.410934 0.020408 0.038220 0.039765 -0.060092 0.258567 -0.181020 -0.017644 -0.028034 -0.115725 0.086431 -0.129949 -0.025844 -0.189160 0.118133 -0.066942 -0.074095 -0.047225 -0.076500 -0.148524 -0.032127 0.134361 -0.030053 -0.211900 0.143117 -0.110157 -0.107694 -0.011028 -0.013207 -0.239058 -0.029629 -0.064839 -0.177630 0.038684 -0.210000 -0.269162 0.371082 0.122026 -0.150209
-0.073421 -0.059095 0.131811 0.154711 0.098535 0.006911 0.153288 0.017834 -0.059918 -0.162709 0.078594 0.004383 0.101947 -0.255727 -0.139786 0.144029 0.174834 0.176992 0.136009 -0.187188 0.086075 -0.126962 0.169811 0.113567 -0.093701 -0.036733 -0.042930 0.078943 0.003354 -0.064299 0.030912 -0.068831 0.180437 -0.116430 0.106859 0.213930 -0.120838 -0.151791 -0.197510 -0.314772 0.080463 -0.140921 -0.158968 0.122704 0.068273 0.222471 0.037382 -0.165386 -0.103289
0.042157 -0.146006 -0.098221 0.123119 -0.111066 0.262514 0.036604 -0.012586 0.004444 -0.067691 -0.182484 0.126692 0.017299 -0.175999 -0.111606 0.233715 -0.218081 -0.116031 0.154830 0.032913 -0.005977 0.055707 -0.072447 0.065913 -0.230275 0.079570 0.167146 -0.155198 -0.116152 -0.083305 0.194059 0.031832 0.079901 -0.059103 0.013093 0.061299 -0.136913 0.017231 -0.118364 0.290716 -0.049395 -0.023657 -0.061682 -0.024220 0.000997 -0.067032 -0.000869 -0.167337 0.014292
0.016889 -0.061451 0.085735 0.100406 -0.066579 0.172911 0.100354 -0.240201 -0.326845 0.185355 0.033630 -0.083724 0.025251 -0.064960 0.080447 -0.042101 -0.175318 -0.161089 -0.282239 0.150561 0.047123 -0.263565 0.102533 0.246041 0.200980 -0.072155 -0.185959 -0.061747 -0.193899 0.163516 0.333120 0.188304 0.034720 -0.223419 0.066841 -0.016644 0.188555 0.075643 -0.002434 0.119927 -0.348127 -0.008760 0.079043 -0.018914 -0.142882 0.033829 0.212957 -0.005944 0.047366
-0.074726 -0.023367 0.250670 0.053927 0.063716 0.018419 0.109374 -0.060682 0.046361 -0.199553 0.231939 0.061394 0.307109 -0.007886 -0.162013 -0.088558 0.371693 -0.029085 0.112253 0.308420 -0.111419 0.139924 -0.097201 -0.332128 -0.023359 0.063864 -0.074902 0.122543 0.249871 -0.042851 -0.019550 -0.176078 -0.054668 -0.095969 0.247186 -0.054381 0.106277 -0.042441 0.195344 -0.209616 -0.080115 -0.227123 0.129838 0.051241 -0.133631 -0.053634 -0.244478 0.048275 0.027180
-0.073063 -0.188138 0.021472 -0.088449 -0.136096 0.050832 -0.026582 0.092185 0.078060 0.013243 0.005683 0.244881 -0.125693 0.030209 0.024436 0.236159 -0.016749 -0.004528 -0.052941 -0.043847 0.209240 -0.113872 -0.063758 0.136383 -0.077141 -0.085547 0.102428 0.192484 -0.002801 -0.010077 0.126010 -0.125733 0.061441 -0.075117 -0.135113 -0.060349 0.042175 -0.029390 -0.177997 0.125273 -0.052896 -0.008811 -0.030661 0.178866 -0.081289 -0.108049 0.206839 0.176570 -0.132840
0.123942 0.105694 0.020665 -0.032254 -0.151477 -0.011225 -0.231312 -0.102302 0.070456 0.028114 0.040908 0.077758 0.044216 0.279921 0.188297 -0.161429 -0.012943 0.225903 0.128441 0.011367 0.128497 -0.038887 -0.166624 0.000130 -0.054349 -0.264294 0.027433 0.076602 0.303245 -0.195617 0.022650 0.071940 -0.016811 -0.157773 -0.399177 0.086599 0.013892 0.214281 0.188433 -0.229197 0.007309 -0.026959 0.110155 -0.062311 -0.107467 -0.143885 -0.166512 0.017241 -0.172152
0.041303 -0.240314 -0.064519 0.132177 0.190510 -0.019655 0.125050 0.099646 0.072930 -0.113837 -0.279230 -0.086150 0.109518 0.200518 -0.096542 0.164298 -0.169820 0.013954 0.074172 0.011624 -0.068413 -0.039984 0.175248 -0.140557 0.046470 -0.000706 -0.245632 -0.128195 0.063948 -0.010503 0.030834 -0.392802 0.057451 0.056876 -0.081262 0.009502 0.085837 -0.143750 -0.249623 -0.030029 0.066547 0.261212 0.020670 0.100673 -0.007989 0.018631 -0.050488 -0.114298 -0.034708
-0.047196 0.348814 0.089025 0.043585 0.018188 -0.104485 -0.128330 0.001633 0.081967 0.000985 -0.400000 -0.051792 0.095128 0.068298 -0.124780 0.139620 -0.039751 -0.127453 0.288497 -0.087645 0.151204 0.024378 0.026055 -0.020447 0.094589 -0.091336 -0.152842 0.021251 0.005672 -0.022335 -0.025254 -0.256840 -0.144201 -0.038680 0.180564 -0.005383 0.028367 0.014727 -0.192033 0.069610 0.181271 -0.148734 -0.043730 0.119364 0.144623 -0.045123 0.032556 0.153556 0.080204
0.138706 0.070647 -0.103918 -0.062276 0.008539 0.075937 0.070177 -0.071971 0.048064 0.057554 -0.134604 0.116568 0.106076 -0.011892 -0.044655 0.132180 -0.050787 -0.126066 0.043599 0.038419 -0.147731 0.259489 0.037772 -0.136065 -0.049348 0.297006 0.032872 0.119919 -0.092576 0.076867 0.065411 0.113881 0.410179 0.071585 0.036688 -0.068882 -0.027603 -0.168613 0.174818 0.097928 0.135517 0.017689 0.057071 -0.029002 0.172598 0.074023 0.020670 0.061658 0.328298
0.019334 0.049997 0.139484 0.012097 -0.078576 0.278217 -0.096221 -0.007462 0.085422 0.197096 -0.263865 -0.043493 -0.114847 0.109499 0.059241 -0.123289 0.135365 -0.250012 0.180750 0.211638 -0.000065 0.087686 -0.093618 0.057143 -0.215454 0.052547 0.086991 0.005686 0.183297 -0.240796 -0.033229 -0.226527 -0.245193 -0.006018 0.026565 0.086111 -0.190005 0.206618 -0.123531 0.044190 0.254797 -0.092680 0.091965 0.081770 0.042412 0.016252 0.031113 0.154001 0.141349
0.062359 0.122879 0.017487 -0.161570 0.351235 -0.118963 -0.051734 0.199998 0.096637 0.058403 0.105161 0.121302 0.062652 -0.124836 -0.079977 -0.081542 0.087502 -0.248440 0.010934 0.207901 0.015336 -0.179589 0.133136 0.066890 -0.124330 -0.086595 0.014727 -0.092473 0.135910 -0.142145 0.065242 -0.118105 -0.041328 -0.241081 -0.071783 -0.200197 -0.215579 -0.053400 0.052110 0.012768 0.007869 -0.180187 0.031002 -0.061073 -0.118275 -0.156999 -0.172609 0.083856 -0.068759
-0.226602 -0.092304 -0.025839 -0.099712 -0.019449 -0.059277 0.172726 0.045184 -0.202917 -0.027392 0.072151 0.004208 -0.117097 -0.041741 0.014776 0.270714 -0.172718 0.067528 0.012529 0.107524 0.067803 0.016619 0.045874 -0.268547 -0.033048 -0.069303 0.122361 0.005614 -0.022311 0.278446 0.117787 0.141800 0.085097 0.001943 -0.237205 0.127177 -0.084045 0.255454 0.087195 -0.128693 0.186025 -0.268379 -0.016237 0.034438 0.079325 -0.011350 0.194426 0.038218 -0.056029
-0.207624 -0.014752 -0.051395 0.199977 0.161039 0.034460 0.134562 0.122691 -0.086237 -0.144307 0.029069 -0.061731 -0.210730 0.100036 0.012764 0.122151 0.100230 -0.096264 0.154354 0.042065 0.140744 -0.100296 -0.044547 -0.151596 -0.128840 0.011987 0.160193 0.081860 0.124967 0.093763 -0.139794 0.013933 -0.025821 -0.251736 0.065052 0.329334 -0.007990 -0.095598 -0.174507 0.139066 -0.233445 -0.016261 -0.077063 0.208296 0.076285 0.033434 -0.114507 -0.022405 0.015830
0.131016 -0.088513 -0.015792 -0.232982 -0.006866 0.251696 -0.134173 -0.101935 0.210712 0.001348 -0.105330 -0.009401 -0.013975 0.116295 -0.181938 -0.225522 0.051235 0.078651 0.119692 -0.069580 -0.177942 -0.073210 0.081559 0.091422 -0.023130 0.131635 0.104478 0.168559 0.068418 0.075430 -0.248408 -0.030520 0.097045 0.101286 0.093671 -0.178745 -0.190599 0.101118 -0.055065 0.154250 -0.017287 0.127826 -0.053719 0.230900 0.182779 0.070375 -0.043150 0.086491 -0.117879
-0.088411 -0.132968 -0.112072 -0.035995 -0.260932 -0.219900 0.027345 -0.055774 0.220638 0.065971 0.063892 0.168993 0.268220 0.086443 0.145431 -0.233207 0.010182 0.084920 0.033369 0.040146 0.075277 0.150590 0.043333 0.287048 -0.195819 -0.109351 -0.122201 -0.076660 0.127173 0.080641 0.093244 -0.084992 0.115813 -0.014319 -0.074874 0.021343 0.308431 -0.064568 -0.046607 -0.071342 -0.150351 -0.202130 0.017091 -0.063181 -0.042255 0.082974 -0.146933 -0.116536 -0.084200
-0.196380 -0.009813 -0.078714 0.155471 0.320306 0.040436 -0.135038 0.121424 -0.051376 0.021451 -0.112251 -0.030216 -0.003837 -0.170878 0.013766 -0.054088 0.160903 -0.293276 0.354601 -0.010362 0.063995 -0.229009 0.052837 -0.013312 0.093566 0.123571 -0.289957 -0.318077 -0.104844 -0.223067 -0.098366 0.146663 -0.157808 -0.097476 -0.048509 -0.149727 -0.028820 0.160077 -0.216074 0.024021 -0.086895 -0.105449 0.217104 -0.217588 -0.284444 0.017980 -0.002949 0.014791 0.059707
0.100861 -0.181537 0.304206 -0.140555 0.029582 0.288481 0.070674 -0.080622 0.028685 0.357512 -0.014959 -0.091166 -0.216012 0.122457 -0.130517 0.036394 0.286710 0.122237 -0.263412 0.076473 0.266943 0.033790 -0.049926 -0.289184 0.023042 0.092332 -0.253372 0.121425 0.083529 -0.027639 -0.040074 0.125919 -0.112421 -0.019562 -0.110040 -0.186808 0.041297 0.073948 -0.018268 -0.202225 -0.058262 -0.058816 0.084675 -0.036038 -0.135325 0.177279 0.226307 0.079436 0.046783
0.001758 -0.423332 -0.106601 0.043817 0.076125 0.111008 0.048789 -0.100405 -0.158793 -0.112082 0.089196 -0.384813 0.047622 -0.048417 -0.066271 -0.075719 0.004926 0.102968 0.286035 -0.118796 -0.113097 0.009081 0.117086 0.087996 0.008437 -0.195604 -0.044446 0.131601 -0.012103 0.236159 -0.059951 -0.114564 -0.232092 -0.048825 0.207343 0.138902 -0.128352 0.099502 0.118271 0.270610 0.178275 -0.072429 -0.140564 0.034296 0.143449 0.257433 0.097339 -0.225770 0.123636
-0.160762 0.078911 0.085569 -0.109108 -0.172495 0.039334 -0.237307 0.022403 -0.001679 -0.240232 -0.074781 0.374197 0.011684 -0.057870 -0.042105 -0.291100 -0.101871 0.009776 0.054528 0.098903 0.064281 0.044523 0.017977 -0.167731 0.106397 0.112999 -0.174260 0.150105 0.025366 0.118823 -0.211064 -0.248436 0.067322 -0.212625 -0.030356 -0.038350 0.019404 -0.052750 0.087549 0.136795 0.264256 -0.244066 -0.075614 -0.143433 -0.099065 -0.090053 -0.165594 -0.041368 0.143866
0.016942 -0.034876 -0.060659 0.123360 0.078258 -0.372104 -0.138299 -0.111277 0.043878 -0.052904 0.029312 0.008096 0.053081 0.081199 0.135789 0.106566 -0.105614 -0.370938 0.157729 -0.058421 0.113715 0.113074 -0.166934 0.020642 -0.220885 0.240363 -0.029610 -0.182537 0.030435 -0.089382 -0.148309 -0.081175 -0.025279 -0.051909 0.124252 0.079575 0.103102 0.078743 0.292086 -0.094207 0.143215 0.358094 -0.053440 -0.105347 -0.203159 -0.116123 0.031374 -0.006747 0.008989
-0.135121 -0.127909 0.097893 -0.137459 0.037512 -0.166668 0.057298 -0.222893 -0.033894 -0.089058 0.006843 0.001220 0.046198 0.036241 0.034072 -0.103127 0.087452 0.059197 -0.062072 0.101479 -0.086431 0.198088 -0.075005 0.082440 0.020689 -0.092910 0.078626 0.100353 0.078647 0.046490 -0.254035 -0.142745 -0.340870 -0.035456 -0.142035 -0.039910 0.375959 0.144421 0.137669 -0.002894 0.140489 0.232223 0.012162 0.014509 0.102613 -0.112238 -0.138070 -0.132619 -0.102144
0.153202 0.072944 0.002598 0.054015 0.064178 -0.063589 0.267767 -0.093393 0.090921 0.042007 -0.082161 -0.066561 -0.060462 -0.258591 -0.102088 0.217849 -0.193783 -0.006125 0.054981 -0.018293 -0.058172 -0.029029 0.199081 0.118823 0.069005 -0.109470 -0.179256 0.118608 0.041938 0.285452 -0.028614 0.282688 0.016424 -0.210739 -0.278353 0.004855 -0.010594 0.048120 0.114948 -0.027380 0.084845 0.090989 -0.060733 -0.113433 0.172122 -0.054823 0.076703 -0.006492 -0.090872
-0.150552 0.011157 0.074804 -0.041112 0.127589 0.029222 -0.003692 -0.134603 -0.013818 -0.222978 0.036281 -0.258607 0.057581 -0.080844 -0.086782 -0.174633 -0.047609 -0.176221 0.019409 0.123844 0.242528 0.157923 0.175295 -0.128857 0.094599 -0.067318 -0.017898 -0.003724 -0.059110 -0.140944 0.089113 0.043272 0.094839 -0.109880 0.130803 0.002379 -0.006341 -0.133608 -0.032077 0.059003 -0.049977 0.087203 -0.056941 0.030158 0.038883 -0.050522 -0.107481 0.056326 0.017219
0.083041 0.219132 -0.079508 0.088337 -0.209186 0.115381 -0.278232 -0.045217 0.042454 0.143573 -0.158284 -0.078481 0.123397 0.269773 0.160003 0.041103 0.070643 0.056711 -0.126659 -0.028030 -0.118211 -0.058995 0.216503 0.013164 0.043782 -0.362761 -0.012595 0.200159 -0.148198 -0.004111 0.064766 0.015097 -0.079012 0.081906 -0.150398 0.316037 -0.087867 -0.193181 0.230791 -0.135678 -0.145468 -0.150827 0.097663 0.254576 0.114679 -0.417940 -0.047898 -0.060659 -0.021599
0.077170 -0.068932 -0.058731 -0.031134 -0.055874 0.021612 0.065515 -0.021503 0.099297 0.128348 -0.052650 0.073378 -0.138753 -0.198102 0.227212 -0.028414 0.189077 -0.100852 -0.195358 0.004752 0.002669 -0.001435 -0.017473 -0.070882 0.274456 -0.072225 0.066520 0.028507 -0.117609 0.050946 -0.124848 0.080412 -0.278393 0.178825 0.222666 0.089390 -0.106121 -0.020120 -0.017267 -0.074631 -0.293761 0.075787 0.164132 -0.463690 0.093850 0.080915 0.009466 0.025677 -0.068768
-0.015895 -0.118248 0.112907 -0.111296 0.243672 0.108360 0.033169 0.167674 -0.122258 -0.102182 0.134972 -0.118352 -0.020478 0.115547 -0.006296 -0.271142 -0.213248 0.084813 0.078214 -0.164183 0.038307 0.093396 -0.229209 0.141471 -0.017938 0.128733 -0.207607 0.114547 -0.202091 0.043207 -0.235893 -0.045936 0.222893 -0.100763 0.084532 -0.179228 0.132469 -0.176551 -0.045037 0.288550 -0.173569 0.143923 -0.024094 0.072273 -0.109479 -0.028855 -0.054549 -0.096533 0.090386
0.014204 -0.079960 0.000829 0.031200 -0.013433 -0.322425 -0.118539 -0.000057 0.079021 -0.001162 0.141237 -0.048232 0.139014 -0.016826 0.131452 0.178537 -0.129498 0.038910 0.033002 0.154045 0.090717 0.170175 -0.237936 0.172344 0.064141 -0.066625 0.219377 -0.159072 -0.085166 0.072894 -0.090083 0.190172 -0.017673 -0.051044 -0.099795 0.081546 0.188900 -0.056313 -0.111329 0.118956 -0.000634 0.036505 -0.079042 -0.074894 0.184758 -0.137456 0.123059 0.107074 0.075803
0.082593 -0.138400 -0.118593 0.105512 0.006422 -0.138708 0.300655 0.009239 0.177650 0.183643 -0.071208 -0.082320 0.035284 0.182244 -0.065514 -0.082442 0.047654 -0.032602 -0.104349 -0.082784 -0.106930 0.021783 -0.024192 -0.161061 0.099989 -0.176740 -0.212054 0.177336 0.181178 0.037446 0.144557 -0.062231 -0.121658 0.384169 0.016233 -0.049069 0.042468 0.154681 -0.469976 0.009921 0.076165 -0.021915 0.016863 -0.094027 0.147434 0.075033 0.052023 0.221187 0.129170
0.116092 0.055275 -0.138967 0.099608 -0.185498 -0.175450 0.089674 -0.077192 -0.314962 0.151011 -0.015870 0.074079 -0.019535 0.089094 -0.074096 0.117432 -0.000229 0.099670 -0.159281 0.058287 -0.042466 -0.208266 0.021091 -0.274191 -0.052013 0.041855 -0.080787 -0.093537 0.123005 0.154190 -0.093943 0.074799 -0.033322 -0.072690 0.175631 -0.024589 -0.067471 -0.058312 -0.133898 -0.145138 -0.036321 0.050050 0.227567 0.180521 0.114697 0.092758 -0.122529 0.138063 -0.107737
-0.026958 0.010350 -0.001228 -0.174151 -0.037265 -0.104538 0.034600 0.187215 -0.044691 -0.058533 -0.054054 -0.028079 -0.091459 -0.115814 -0.169486 0.010010 -0.174748 -0.247895 0.042454 0.014188 -0.150056 -0.106764 -0.087128 0.193326 -0.177999 0.161921 -0.027826 -0.054876 0.169269 0.083248 -0.064795 0.048149 -0.056065 -0.075505 -0.175690 0.161780 0.020823 -0.248552 0.025449 0.101671 0.047225 0.244277 0.019130 -0.015936 -0.314846 -0.112255 0.103282 -0.096225 0.056276
-0.034829 0.253373 0.230294 0.008951 -0.050738 -0.010004 0.117955 -0.132799 -0.122794 0.060377 -0.094521 -0.044950 -0.026953 -0.126319 0.177511 -0.081859 0.006839 -0.168882 0.113649 -0.116312 -0.134579 -0.300217 0.317217 -0.114705 -0.040177 -0.031861 0.016730 0.121288 0.063254 0.222316 -0.154800 0.055680 -0.079593 -0.098109 -0.088075 0.123926 -0.040673 0.132526 0.178878 0.091306 0.163917 -0.048159 -0.012186 -0.011478 -0.040392 0.200561 0.065235 0.081121 0.023016
-0.235198 -0.149921 0.100535 0.078499 -0.125806 0.194067 -0.169297 -0.132860 -0.047140 0.153057 0.018135 0.095129 -0.087996 -0.203693 0.032932 -0.024403 -0.115611 0.084288 -0.281617 -0.136897 0.198445 0.052713 -0.222673 -0.167077 -0.157435 0.068453 0.048177 0.076737 0.136506 -0.026804 0.045604 0.255497 0.087152 0.014057 0.032648 -0.037064 0.040223 -0.269933 0.032217 0.126262 0.094128 -0.118038 -0.141588 0.138459 -0.025226 0.097094 0.053432 -0.144045 0.293607
0.093065 0.022790 0.122081 0.091277 0.032485 -0.210686 -0.057916 -0.084682 0.008596 0.154261 -0.012638 0.093378 -0.019201 0.034676 0.073503 0.162330 0.140124 -0.041381 -0.233296 -0.129834 -0.163687 -0.077188 0.012628 0.112781 -0.004974 0.025334 0.195869 0.002447 0.062811 0.043005 0.075516 -0.021723 0.176541 0.188736 -0.103663 0.296744 -0.074568 -0.175807 0.002165 0.098049 0.026385 -0.008440 -0.058616 -0.078484 0.153450 -0.064744 0.041665 0.157968 0.088581
0.041573 -0.035062 -0.009981 -0.044252 0.264280 0.205737 -0.138030 0.074452 -0.024307 -0.139013 0.159710 -0.187810 -0.174291 -0.018417 0.136724 -0.028882 -0.190960 0.112983 -0.270811 0.148115 -0.070490 -0.129761 -0.135129 0.255026 -0.096701 0.002272 -0.141051 -0.196685 -0.018724 0.083877 0.018607 0.005487 0.062838 -0.018549 0.050637 -0.212319 -0.213535 0.136406 -0.192791 0.126117 0.299551 -0.156756 0.005968 0.066230 -0.006575 0.031069 -0.165344 0.239121 0.085998
0.211910 -0.128077 0.250289 -0.079311 -0.112894 0.086825 0.047582 0.088140 -0.063586 0.142683 -0.178538 -0.367555 0.035285 0.091622 -0.097810 0.096231 -0.049168 -0.167268 0.093539 0.133176 -0.054823 0.011660 0.054592 0.134980 -0.057628 -0.120725 0.233296 -0.001994 0.311715 0.029089 -0.212410 0.097628 -0.192930 -0.184714 -0.036126 -0.087525 -0.051224 -0.057222 -0.085529 -0.029679 0.114447 -0.102034 -0.115900 -0.082851 0.001892 0.034061 -0.002027 0.006935 -0.039589
0.194217 -0.129635 -0.038543 -0.216255 -0.098764 0.222512 0.131854 0.262840 0.127294 0.122750 -0.102168 0.108962 -0.147550 0.020464 0.044052 0.290873 -0.121120 -0.163564 -0.012843 0.245268 -0.068992 0.013965 -0.155920 0.070532 -0.128190 0.104651 0.121948 0.114329 -0.127573 -0.080230 0.037431 -0.189664 0.228368 0.007850 0.017771 0.000877 -0.027811 0.062304 -0.214269 0.066469 -0.049499 -0.128689 0.082798 -0.006272 0.074149 -0.026406 -0.143507 0.019820 0.113050
-0.124151 -0.041676 -0.088053 -0.025033 -0.131497 -0.301248 -0.033214 -0.028755 0.053796 -0.199019 -0.210085 0.041546 -0.376179 -0.185406 -0.014231 -0.096388 -0.243192 -0.010540 -0.281472 -0.044264 -0.103517 0.022758 0.149914 0.070787 0.101361 0.189478 -0.253410 0.093006 -0.099511 0.165656 0.145760 -0.047967 0.042962 -0.015370 0.009486 -0.002285 -0.133009 0.085528 0.168309 0.070464 -0.149640 -0.074058 0.026248 -0.119086 0.353369 -0.110697 0.057750 -0.214004 0.029775
0.199828 0.046974 0.068879 -0.313063 0.055216 0.023694 0.050056 -0.137844 -0.111992 -0.054705 0.041610 -0.192280 -0.227271 -0.011346 -0.138330 -0.038849 -0.084465 -0.140931 0.034803 0.153590 0.089653 0.204731 0.027407 -0.066127 -0.089563 0.154044 -0.227025 0.005459 0.008413 -0.019292 0.015371 0.051078 -0.226922 0.076944 0.215233 0.104667 -0.059540 0.158125 -0.020208 -0.210528 -0.123693 0.111882 -0.101759 0.157038 0.029058 -0.091673 0.200575 -0.098442 0.027073
0.107346 -0.101697 0.063453 0.200413 0.012253 -0.026992 0.036903 -0.017769 -0.040410 0.005168 0.091510 -0.114228 -0.116554 -0.038745 -0.036534 -0.007972 0.122341 -0.070857 0.126345 0.052659 0.078272 0.217428 -0.014038 0.043593 0.011530 -0.044573 0.172566 0.104155 -0.168095 0.034864 -0.115493 -0.075284 -0.043615 -0.282235 0.105947 -0.056931 -0.082009 0.087584 -0.024419 -0.070347 0.044997 -0.105854 0.202160 0.083582 -0.013424 0.036912 0.034847 0.224086 0.056984
0.179807 -0.200511 0.077192 -0.024661 0.092556 -0.010578 0.169084 -0.246153 0.150759 -0.033591 -0.056421 0.038186 0.100006 -0.075837 -0.043264 0.114956 0.033385 0.131101 0.022233 0.012516 -0.091971 -0.069649 -0.383209 -0.037216 -0.082677 -0.171371 0.039104 -0.094256 0.087634 -0.251551 -0.124789 0.000583 -0.210256 0.248911 0.081700 0.057669 -0.170972 0.091414 0.112708 0.048806 0.051656 0.031733 0.051425 -0.003736 -0.019650 -0.140702 -0.236319 0.007099 0.076206
0.148070 0.000967 -0.143247 0.128972 -0.165088 0.013403 -0.125247 0.255791 0.024232 -0.030951 0.002683 -0.321300 0.145731 0.058736 0.128920 -0.139627 0.042941 0.278407 -0.054196 -0.094357 -0.054305 0.183277 0.001439 0.103512 -0.032205 -0.157159 -0.093039 0.011122 -0.012978 -0.112304 -0.057382 0.204313 0.031729 -0.041832 0.093875 0.020276 0.078257 0.064959 0.114150 -0.058324 0.070270 -0.139778 0.037576 -0.108882 -0.199550 -0.023974 0.135318 0.078647 0.032404
0.203277 -0.042556 -0.023600 0.331943 -0.059230 -0.102270 0.128929 -0.102231 -0.073359 -0.128627 0.020791 -0.030429 0.119358 0.096722 -0.072095 -0.054353 0.026785 0.006147 0.206744 0.020717 -0.031378 0.179279 -0.068801 0.101258 -0.329130 0.060933 -0.171440 0.018536 0.031313 0.068310 -0.022896 -0.095321 -0.180074 -0.121271 0.035538 -0.201615 -0.124458 -0.001744 0.031107 -0.030575 0.205290 -0.185361 -0.221503 -0.215515 -0.253095 0.091199 0.057222 -0.047622 0.122612
0.131897 0.069783 -0.108184 -0.117398 -0.291451 0.037880 0.256642 0.043165 0.101995 -0.030081 0.341853 0.018889 0.030530 -0.263696 -0.167950 -0.160269 0.074335 0.211390 -0.190695 0.041622 0.063508 0.085858 -0.021339 -0.119910 -0.047236 -0.176405 -0.042342 0.048889 -0.281274 -0.172721 -0.075463 0.081983 -0.046961 -0.228284 -0.124463 -0.123244 0.187979 0.065290 0.038366 -0.127028 0.166334 -0.068360 -0.263774 0.203293 0.076170 -0.014906 -0.001541 0.147563 0.125687
0.251188 -0.221291 0.044828 0.058800 -0.116202 0.176103 -0.094965 -0.028781 -0.208945 0.047274 0.225427 0.030926 0.018099 -0.006250 0.021268 0.235328 0.014571 -0.036618 -0.254687 -0.101040 -0.086600 -0.055921 -0.075963 0.127549 0.126024 0.003814 -0.097064 0.062749 -0.131351 -0.242555 0.245242 0.070617 0.045929 -0.276191 0.048238 -0.170610 -0.031438 0.145862 0.101098 -0.135171 -0.117348 -0.064767 -0.201428 -0.169767 -0.156641 -0.033895 0.066498 -0.027084 0.104745
0.119218 -0.046202 0.025757 0.137800 -0.030554 -0.204861 0.199551 -0.051790 -0.007268 0.054929 -0.116368 0.073952 -0.194541 0.110899 0.205006 0.058734 -0.111424 0.007197 0.001513 -0.031114 0.181846 -0.091755 0.107070 0.192297 -0.077010 -0.245867 0.021402 -0.001407 -0.046354 0.103081 0.158672 -0.059726 0.089354 -0.117273 -0.104660 0.055766 -0.006588 -0.116244 0.001163 0.159090 -0.102778 -0.065549 0.066099 0.150780 0.018226 -0.154180 -0.042784 0.013076 0.041627
-0.280153 -0.131888 -0.153183 -0.026126 0.005631 -0.118739 -0.253044 0.109000 -0.236357 0.009844 0.045049 -0.101844 -0.017255 -0.070777 0.033627 -0.001734 -0.184148 -0.111140 0.102687 0.061767 0.010588 0.162133 0.011091 -0.033461 0.036626 0.066519 0.086287 0.097703 -0.015495 0.019587 0.003740 0.016266 -0.069679 -0.048626 -0.027283 0.251601 0.023348 0.019530 0.012175 -0.086492 0.141016 -0.038911 -0.099814 -0.115264 -0.032154 -0.078762 -0.052972 0.279427 -0.003704
0.063251 -0.019764 0.026077 -0.071806 0.049696 0.122244 -0.047924 -0.038629 0.300320 0.064749 -0.122645 0.061850 -0.042942 -0.201754 0.030263 -0.006966 0.041624 -0.047085 0.023324 -0.032463 -0.101879 -0.083644 -0.129323 0.022593 0.110018 -0.229347 0.042448 0.007115 -0.006751 -0.030809 -0.087748 0.110520 -0.136751 -0.067912 0.008081 0.017950 0.100006 0.162844 -0.081587 -0.129485 0.059348 0.041394 -0.216592 0.190929 0.080827 0.113409 0.047573 -0.031700 0.283756
-0.381573 0.169104 -0.076912 0.162789 -0.193728 -0.158128 0.044213 0.004632 -0.222306 0.056140 -0.164839 -0.014169 -0.001463 -0.234960 0.199026 0.064508 0.101447 0.027527 -0.198968 0.175526 -0.209454 -0.049278 -0.011167 0.201786 0.144540 0.066042 -0.075448 0.005720 -0.071244 0.154183 -0.097600 0.186625 0.209323 -0.054541 -0.068926 0.188757 -0.140639 0.058447 -0.015418 -0.007361 -0.064997 0.168218 0.204289 0.173459 0.368524 0.208736 -0.334646 0.061584 0.147219
-0.158402 -0.054446 0.147511 -0.222462 -0.014981 -0.062785 0.093128 0.054195 -0.014446 0.112213 -0.031109 -0.019290 -0.023731 0.046001 -0.096870 0.105471 0.131065 -0.063105 0.008967 0.000038 0.081408 0.165972 -0.153391 0.063111 0.016327 -0.198489 0.010324 0.040469 0.021107 -0.059410 -0.025802 -0.050640 -0.264199 -0.155254 -0.021405 -0.123488 -0.027768 -0.090892 0.027632 -0.085844 -0.080855 -0.062346 -0.134404 0.031485 0.087256 0.065363 -0.196472 -0.066771 -0.054923
-0.014586 0.119094 -0.023083 0.004719 0.174073 -0.168758 0.031568 0.136169 0.019377 0.112629 -0.130494 0.212339 -0.023603 0.056752 0.043577 0.061506 -0.174845 -0.179806 0.212742 -0.001836 -0.270980 -0.005523 -0.254191 -0.107467 -0.169055 -0.253189 0.010768 0.029026 -0.134733 -0.084916 0.002437 -0.236419 -0.082033 0.034375 -0.019172 0.028444 0.198577 -0.165961 -0.061172 0.167871 0.111122 -0.018768 0.100472 -0.026069 -0.112239 -0.124754 -0.008108 -0.014666 -0.387249
0.155690 0.098282 0.100352 -0.091189 -0.172617 0.075990 -0.054158 0.005873 0.033593 -0.019077 -0.097235 0.087408 0.070277 0.087658 -0.068456 -0.134660 0.068024 0.001611 -0.075911 -0.120248 0.120767 -0.260807 -0.081578 -0.100720 -0.039171 0.164905 -0.140434 0.025630 0.016111 0.237569 0.119941 0.047562 0.059896 -0.082963 -0.032772 0.044062 0.192475 -0.303595 0.089081 0.021730 -0.060550 -0.119906 -0.222108 0.320970 -0.097671 0.009557 0.076361 -0.114361 0.031403
-0.101308 -0.078851 0.007555 -0.103220 -0.192220 -0.032429 -0.046767 0.013764 -0.190997 0.131620 0.012123 -0.091072 -0.170532 -0.007650 0.151922 0.259293 -0.065016 -0.205709 -0.001307 -0.119095 -0.099018 0.228018 -0.114008 -0.029583 -0.140535 0.196688 0.019639 0.073571 0.277821 0.294819 -0.025642 0.024456 -0.178564 0.312611 0.143048 -0.050297 0.097891 -0.029630 -0.021057 0.039649 -0.281390 0.026710 0.096326 0.078780 0.039650 -0.030032 -0.096846 -0.077225 -0.043174
0.034870 0.020921 -0.016386 -0.320724 -0.115989 0.000923 0.111272 -0.062661 -0.084317 0.136073 0.128897 -0.164192 0.047707 0.038184 -0.058508 -0.175122 0.110466 -0.057743 -0.080043 0.114947 -0.128474 -0.060229 -0.089408 0.005903 0.158623 -0.172072 -0.218531 0.070972 -0.070636 0.067801 0.082509 -0.297899 0.273658 -0.134403 0.020831 0.179556 -0.260692 -0.243722 0.191650 0.161332 -0.021697 0.019015 0.107694 0.011781 -0.053992 0.009301 -0.082328 -0.081112 0.071828
0.009309 -0.081505 0.076893 -0.087558 -0.176922 0.036979 0.057195 0.164631 0.232170 0.020373 -0.071054 0.056434 0.298463 -0.206618 0.101933 0.082142 0.221054 0.072123 -0.089056 -0.031528 0.065385 -0.064520 0.142609 0.091125 -0.113569 -0.011800 0.125382 0.184849 0.155503 0.246500 0.039700 -0.081992 0.043746 0.116874 -0.075501 -0.069311 -0.187976 0.101973 -0.052061 -0.047991 0.076772 -0.121822 -0.117620 0.036526 0.053665 0.082265 0.204635 0.039734 0.189249
0.029787 -0.174875 -0.011932 0.249567 0.166497 0.091538 0.108425 -0.116925 -0.040653 -0.006779 0.030532 0.049724 0.105380 0.113780 -0.158577 0.065774 0.024809 -0.170500 0.099180 -0.124798 0.131697 0.132725 -0.033739 0.038233 -0.063269 0.025169 -0.042099 -0.196849 0.076229 -0.029867 0.099482 -0.011715 -0.069679 0.224269 0.008048 0.014992 -0.137355 0.058455 0.272724 -0.088811 0.077774 -0.134083 0.147155 0.073779 -0.090969 -0.141499 -0.296928 -0.056946 -0.171506
0.274487 -0.026090 0.044000 -0.169105 -0.014208 0.014195 0.037778 -0.103130 -0.156822 -0.046778 -0.090689 0.112192 0.209147 -0.017446 -0.076934 -0.130290 0.031797 0.103977 0.052983 0.015926 0.257293 0.091031 0.069692 -0.026991 0.234001 -0.001206 -0.107072 -0.161151 -0.145591 0.063995 -0.181451 0.069266 -0.028902 -0.185046 -0.099158 -0.037452 -0.114656 0.023457 -0.102701 0.054517 0.115936 -0.061996 0.140515 0.095295 0.215786 -0.016155 0.218937 0.107367 0.278262
-0.081940 0.047362 -0.041717 -0.041877 0.018380 0.012596 0.057785 0.217485 0.134191 -0.034527 0.030698 -0.012555 -0.010053 -0.074688 0.149102 -0.200457 0.080415 0.040142 -0.057969 -0.127831 0.030374 -0.073291 -0.134591 0.096877 0.112533 0.097036 0.012851 -0.002967 -0.034288 0.121262 -0.005405 -0.031321 0.144048 -0.006128 -0.033702 0.044932 0.082069 0.021616 -0.081014 -0.010070 0.074437 0.027252 -0.050786 -0.124055 -0.129025 -0.236663 0.171803 0.119801 0.120332
-0.166953 0.097253 0.163490 -0.100847 0.067950 -0.197363 -0.200874 -0.021206 -0.017467 -0.037700 0.110976 -0.133177 -0.059338 0.020987 0.166682 0.021369 0.000589 0.030580 0.088759 -0.151213 -0.024322 0.003371 0.036878 -0.039220 0.027958 0.187085 0.192963 0.044302 -0.097430 -0.086348 0.054335 0.250275 0.160459 0.081940 0.112869 -0.045398 0.139998 0.005298 -0.068325 -0.117827 0.060055 -0.072584 0.272610 0.028573 0.259023 -0.156108 -0.036180 0.111650 -0.023895
-0.009505 -0.087375 0.216493 -0.143867 0.019823 0.048826 0.066809 0.076891 -0.008894 0.026024 -0.313922 -0.022304 0.266615 0.127568 0.109308 0.073384 0.093605 -0.163014 -0.111571 -0.070502 0.092022 -0.062765 0.192533 -0.053096 -0.000744 -0.114863 -0.065171 -0.093643 0.061791 -0.020592 -0.030481 0.084237 0.042757 -0.034969 -0.144964 -0.141425 -0.145526 0.187047 0.032635 0.086578 -0.061008 0.166220 0.071938 -0.121284 -0.216667 -0.190529 0.001208 -0.093209 -0.034487
0.260898 -0.016404 0.002123 0.012276 -0.014186 -0.102087 0.149716 0.041963 -0.010390 0.265151 0.088509 -0.098902 -0.106717 0.157291 0.128662 -0.126230 -0.197394 -0.108774 -0.042679 0.075745 -0.066715 0.087082 0.076589 -0.180189 -0.065487 -0.112194 0.117191 0.042521 0.100583 0.116055 -0.078912 0.069303 -0.008952 -0.073099 -0.015817 0.094447 -0.247531 0.084758 -0.101848 -0.103018 0.129070 -0.239634 0.000847 -0.028557 0.010848 0.063079 -0.039411 0.013924 0.012362
0.004057 0.008477 0.122871 0.048677 0.242844 -0.043420 -0.157452 -0.070938 0.045677 0.117953 0.155853 -0.144267 -0.238047 -0.162755 0.229773 -0.065473 -0.092258 0.159919 -0.113365 0.142922 0.090603 -0.010270 0.128555 0.134068 0.131948 0.080920 -0.150412 -0.049762 0.046928 0.054902 -0.074152 -0.203169 -0.001557 -0.051720 0.154179 0.171326 -0.189649 0.153184 0.077783 -0.052008 -0.116541 -0.023143 -0.033400 -0.131665 0.019724 -0.045461 -0.156701 -0.065235 0.074304
-0.127502 -0.089210 0.146246 0.058191 0.292871 0.233986 0.118304 -0.085281 0.013060 0.051230 -0.087839 -0.145782 -0.018423 -0.234647 0.223666 -0.015129 0.053957 0.151751 -0.197160 0.032288 0.203373 0.086653 0.262417 -0.009643 -0.085601 0.286911 -0.124240 0.218306 0.215383 0.276157 0.016334 -0.053387 -0.177309 0.184365 0.047104 -0.204688 0.043806 -0.172792 -0.016249 -0.085735 -0.163126 -0.049281 -0.092090 -0.186978 -0.029610 -0.053390 0.003592 -0.118406 -0.144599
-0.008688 -0.075499 -0.100694 0.075388 0.091980 0.096431 -0.195268 0.161932 -0.078861 0.075066 0.040559 0.033909 -0.060572 -0.111813 -0.266979 -0.045146 0.045904 -0.156193 0.402549 0.022129 -0.129265 0.003448 0.102933 -0.074903 -0.093806 0.107504 0.124401 0.005716 0.208034 0.048323 0.004905 0.185879 0.156288 -0.008008 -0.105484 -0.049049 -0.072133 -0.347715 0.010914 0.124243 0.200138 0.237048 -0.109824 0.092428 -0.080895 -0.135153 0.313612 0.196505 0.053524
-0.352328 -0.163478 -0.145123 0.234668 0.253113 -0.068074 -0.119664 -0.044562 -0.127063 -0.200100 -0.249433 0.015642 0.134094 -0.115110 -0.083726 -0.078807 -0.152334 0.190281 0.044302 -0.346295 0.279602 0.132667 -0.055495 -0.073820 0.084042 0.124512 -0.011914 -0.046297 0.000579 -0.046892 0.033923 0.046653 -0.064272 -0.147787 0.073498 0.063901 -0.094043 -0.183257 -0.148062 0.073937 -0.021819 -0.034147 0.107502 -0.184079 0.016643 0.139784 0.004301 0.111148 0.085673
-0.028651 0.029830 0.103281 -0.218747 0.209612 0.054656 -0.121344 -0.220478 -0.027692 0.055024 -0.219710 0.036714 0.061385 -0.120118 -0.252530 0.160218 -0.013980 -0.229226 -0.158307 -0.103187 -0.070236 0.052266 -0.137028 0.133237 0.073302 -0.041254 -0.059086 -0.084295 -0.187127 -0.032053 -0.123381 0.095963 -0.118504 -0.010799 -0.004138 0.077194 0.031891 0.044378 0.028856 0.129598 -0.141455 -0.090359 -0.079858 0.103814 0.167662 -0.354028 0.175070 0.159808 0.061069
-0.029515 0.170393 -0.073811 -0.129190 0.074053 -0.001131 0.058388 -0.222842 -0.121953 0.018247 -0.004465 -0.170449 0.154679 -0.263798 0.010398 -0.071177 -0.049339 0.096024 0.379624 -0.072339 -0.104055 -0.142489 -0.102003 -0.007372 0.078526 0.023021 -0.195858 -0.282312 -0.264450 -0.150819 -0.141164 0.039797 -0.010251 -0.091798 -0.035358 0.329552 0.094085 0.111156 -0.075925 0.181911 -0.273523 0.135373 0.275379 0.057784 0.129753 0.095717 -0.102517 0.105150 -0.014460
0.040379 0.059872 0.029008 -0.084456 -0.158342 0.048287 -0.040231 0.161587 -0.341224 0.174317 0.026969 0.047441 -0.080539 0.038437 0.039038 -0.229172 0.013565 0.056000 0.097193 0.238828 0.069246 -0.098098 0.237144 0.149493 -0.012922 0.100302 0.293366 -0.087033 -0.034446 0.074933 -0.240050 -0.086214 -0.013101 0.232228 0.211928 0.116885 0.063664 0.189784 0.028571 0.162558 0.248634 -0.162184 -0.132265 0.020994 0.027123 -0.158923 0.135864 -0.147870 -0.208899
0.124557 0.039745 -0.229196 -0.036586 -0.057999 -0.104432 0.004960 0.135486 -0.121539 0.146436 0.197185 -0.317862 0.139730 0.121729 -0.150981 0.124501 0.116775 0.000469 -0.145757 0.064187 -0.164908 0.098918 -0.051456 -0.109829 0.142923 -0.091012 -0.176899 0.116413 0.086534 -0.185906 -0.152678 -0.179113 -0.093497 -0.266141 0.068761 -0.037850 0.049742 -0.178211 0.108721 -0.245063 -0.249602 -0.060489 0.039039 -0.124122 -0.024141 -0.166119 -0.038203 0.071205 -0.323128
0.333801 0.195344 -0.021485 -0.214525 0.232359 0.113547 -0.079697 0.079488 0.023739 -0.166058 -0.082347 -0.151470 0.000631 0.029128 -0.072583 0.058455 -0.153724 0.178729 0.051587 -0.030285 -0.112491 -0.140829 -0.177718 -0.190271 -0.017409 0.236341 -0.244357 -0.012884 0.079287 0.064440 -0.047291 -0.040661 -0.006352 -0.009281 -0.194497 -0.114206 0.128241 0.101994 0.042428 -0.071724 -0.095728 -0.069924 0.324293 -0.306884 0.220543 0.184395 0.070448 -0.041618 0.071801
-0.100827 0.078553 -0.133412 -0.063055 0.060674 0.140344 0.156922 0.355591 0.111537 0.141605 -0.169321 0.021093 -0.189380 -0.077710 0.140451 0.061836 0.083767 0.019125 -0.163300 0.095577 -0.037543 -0.113285 0.212136 0.248077 0.328827 -0.164506 -0.013962 0.109078 -0.042332 0.043538 0.141979 0.039559 0.100813 -0.021612 -0.178274 -0.021200 0.109097 -0.151110 -0.124566 -0.191852 0.083019 -0.161157 -0.107838 0.095533 -0.033686 -0.228853 0.116615 0.042604 -0.032171
-0.109379 0.261904 0.046258 0.133062 -0.012683 -0.169186 0.042362 -0.121972 0.043644 -0.293499 0.010270 -0.111058 -0.064807 0.132118 -0.013809 0.192542 -0.043146 0.059390 -0.064356 -0.306841 -0.015185 -0.127481 -0.066053 -0.010176 -0.014033 -0.055861 0.049083 -0.062338 -0.036708 -0.029188 -0.000596 0.117246 -0.056143 0.033195 -0.008724 0.005128 -0.180539 -0.133536 -0.147319 0.051807 -0.159592 -0.046130 0.095249 0.020006 -0.244186 0.154928 -0.170266 -0.028757 -0.032650
-0.053667 -0.106319 -0.003463 0.032056 -0.244248 0.159934 0.049790 -0.071177 -0.086955 0.115224 0.042530 -0.207533 -0.065835 -0.262300 -0.087709 -0.043352 -0.040308 0.159822 0.227923 0.054466 0.071923 0.139990 0.023479 0.209766 -0.166570 0.272228 0.031475 0.026939 -0.045699 -0.232408 -0.336191 -0.035479 -0.143302 -0.000028 -0.148031 -0.076272 -0.206330 -0.097551 -0.172716 -0.041903 0.187674 -0.154622 -0.080860 0.031347 -0.025419 -0.022253 -0.072289 0.027866 0.034895
0.031772 0.248412 -0.132453 0.139130 -0.115486 0.104309 0.183858 0.078293 0.089273 0.080271 -0.099665 -0.242900 -0.100744 0.010744 -0.014797 0.076109 -0.000643 -0.194052 0.283716 0.131035 -0.109673 -0.142644 0.055982 0.041585 0.037686 -0.038082 0.035883 -0.092755 -0.101028 0.042137 -0.001969 -0.254864 0.006723 -0.121828 -0.014401 0.052711 0.032448 -0.039758 -0.016996 -0.048553 0.201239 -0.062174 -0.288225 0.175608 0.160945 -0.059812 0.186305 0.177965 -0.116216
-0.072973 0.033703 -0.036119 -0.249024 0.282462 0.164719 0.115774 0.016157 0.132121 0.024882 0.083119 0.158665 0.190024 0.100109 -0.122806 -0.229731 0.308431 -0.019595 0.167751 -0.032174 -0.053053 -0.147793 0.070292 -0.285901 0.065176 -0.003192 -0.029733 -0.121327 -0.034400 0.063343 0.003081 -0.188900 0.026549 -0.264977 0.248089 0.065340 0.042741 0.112183 0.184675 -0.079212 0.232717 -0.189477 -0.029511 0.071317 -0.317310 -0.086132 -0.243812 0.123258 0.072498
-0.033027 0.069300 0.036974 -0.238305 0.051883 -0.068640 0.081477 0.010306 0.155257 -0.175889 0.029415 -0.011681 0.002973 0.058729 0.288214 0.233894 0.014336 0.152023 0.145502 0.001221 -0.159197 0.117670 -0.055659 -0.093368 0.180428 0.159198 -0.080898 -0.014510 0.287357 0.013399 -0.027591 -0.104499 0.030894 -0.026394 -0.018103 -0.018683 -0.156620 -0.019800 -0.036787 0.034613 0.165841 -0.092074 -0.119563 0.019899 -0.118953 0.028342 0.071976 0.093830 -0.156340
0.098967 -0.116750 0.115471 -0.060616 0.002927 0.132130 0.108770 -0.026846 -0.029492 -0.142570 -0.174254 -0.224938 -0.139642 0.304334 -0.081030 0.034760 -0.077820 -0.321896 0.202882 -0.162585 0.025521 0.051163 -0.108655 -0.153566 0.046461 0.176097 0.120016 0.117946 -0.024436 -0.034389 0.077506 -0.045425 0.016863 0.079169 -0.171241 0.087537 0.286427 -0.090433 0.226307 -0.034336 0.017227 -0.002797 0.017919 0.043586 -0.157352 -0.122213 -0.069653 -0.132342 -0.038224
-0.452242 -0.004530 -0.171604 -0.118895 -0.031651 0.258973 -0.003946 -0.031193 0.021588 0.060400 -0.221246 0.065903 0.178035 -0.009257 0.134238 0.169441 -0.291777 0.104607 0.142825 0.149208 0.043305 -0.151684 -0.122569 0.034280 0.112402 -0.044882 -0.041064 0.163220 -0.187266 -0.000464 0.143117 0.059569 -0.143096 0.007373 -0.116752 -0.093878 0.100918 -0.087739 0.001479 -0.023303 0.186028 -0.181156 -0.147999 -0.056780 0.011705 -0.031085 0.119636 -0.134158 0.033529
0.054470 -0.029010 0.030486 0.098697 0.050113 -0.066837 -0.140455 -0.213448 0.107125 0.018288 -0.147402 -0.037347 0.205586 -0.216482 -0.057445 0.048263 -0.221343 0.003582 0.032544 -0.048766 0.315593 -0.102853 0.052420 -0.039937 -0.268624 0.040470 0.160093 0.126238 0.170384 0.092378 0.073786 -0.111580 0.079418 -0.064898 0.100527 -0.178500 -0.007794 0.243890 -0.018937 0.146217 -0.170402 -0.031169 0.290900 0.042449 -0.095892 0.042410 0.046355 -0.144601 -0.100933
0.067489 -0.108309 0.019664 0.102658 -0.086859 0.094035 0.163591 0.382176 0.038263 0.158797 -0.065233 -0.246286 0.132711 -0.085188 0.054319 0.182789 -0.016930 0.130783 0.122676 -0.219152 -0.170604 -0.249794 -0.097969 0.143767 -0.010594 -0.016170 -0.039663 0.124066 -0.070208 -0.080632 0.027531 0.029927 0.009477 -0.000811 -0.209718 0.325357 0.032130 -0.022480 0.349820 -0.078861 -0.070239 0.201111 0.223417 0.004237 0.142587 -0.143217 -0.054526 0.007340 -0.035769
-0.038738 -0.045070 0.139313 0.153759 -0.064352 -0.005501 -0.208464 -0.009062 -0.022900 -0.036399 -0.097068 -0.077782 -0.010409 -0.249983 -0.086502 0.063391 -0.165886 0.001177 -0.030531 0.028657 0.039300 -0.002146 -0.201997 -0.018231 -0.074999 0.022769 -0.165696 0.079009 0.065579 -0.007148 0.118227 0.099053 0.069022 0.149486 0.138439 -0.048218 0.189846 0.217789 0.057605 -0.009192 -0.155948 0.079265 0.022461 0.033857 -0.156997 -0.000191 0.285777 0.036570 0.279328
0.099447 0.051535 0.144323 0.082723 -0.034135 -0.141136 -0.034878 0.185090 -0.140783 0.121566 0.103696 -0.150950 0.034988 0.058585 -0.114264 0.115913 -0.235516 0.158020 -0.134462 0.154508 0.216561 -0.114927 0.059272 -0.013066 0.290560 -0.013982 -0.202103 0.217691 0.389675 0.042867 0.028870 0.151810 -0.048616 -0.060402 -0.047913 0.014825 -0.177465 -0.056285 -0.119282 -0.076214 0.042566 -0.007023 -0.193204 -0.159193 0.074306 -0.098492 -0.257576 0.103256 0.095503
-0.044603 0.005984 -0.297845 -0.020684 0.074172 -0.224748 0.031842 -0.098739 0.176718 -0.074107 0.026164 -0.177806 -0.018936 -0.038277 0.125981 -0.026569 0.100345 -0.048873 0.361456 0.229457 -0.084405 -0.208202 0.169772 -0.054754 0.112172 0.184668 -0.142225 0.059267 -0.077879 0.073134 -0.010480 0.027432 0.025848 -0.118396 -0.262578 -0.176808 0.202674 0.156726 -0.057557 -0.095118 -0.167879 0.000044 -0.101109 -0.037404 0.019082 -0.230131 -0.090293 -0.027355 0.018358
0.257493 0.098633 0.130656 -0.129658 0.051010 0.080305 0.027413 -0.169104 0.277229 -0.059586 -0.049444 -0.134237 -0.135686 0.069324 -0.052631 -0.116616 -0.166057 0.208729 -0.012397 0.048693 -0.073849 0.288923 -0.162900 0.033105 -0.020435 0.177089 -0.078030 -0.084294 -0.016187 0.156214 0.141618 -0.087011 0.083039 0.056105 0.068267 0.174423 0.034448 0.155099 0.112255 -0.146366 0.116369 -0.247932 -0.098106 -0.021700 0.211433 -0.241383 0.068741 0.054674 -0.199049
-0.209182 0.028551 0.003362 -0.025989 0.058478 -0.039196 0.047507 0.053063 -0.148402 0.004268 -0.187617 -0.232073 -0.309265 -0.163306 -0.084142 0.233307 0.185395 -0.006085 0.001452 -0.030052 0.040589 0.023904 -0.001290 0.137911 -0.059168 -0.015917 0.138202 0.169042 -0.018585 0.172003 0.018568 -0.074853 0.045093 0.117611 0.272889 0.223810 -0.118901 0.036490 -0.238617 -0.002358 0.013245 -0.048460 -0.053454 -0.100758 -0.058063 -0.124295 -0.174286 -0.157108 -0.009737
0.117913 -0.025002 0.277955 -0.069503 0.095285 0.154624 0.044602 -0.200356 -0.056533 -0.031600 0.099667 -0.209008 0.014102 -0.031128 0.151674 -0.071405 0.127282 0.021277 -0.060027 -0.166960 0.031527 -0.065698 0.108589 0.072036 -0.025285 0.174098 -0.031973 0.072331 0.208475 0.003556 0.018210 -0.030633 0.141113 0.016030 -0.010508 -0.190500 0.021168 0.103920 0.056129 -0.179346 0.238441 -0.030248 0.039996 -0.184275 0.163417 0.059333 -0.197831 0.074876 -0.059152
-0.045158 -0.093652 -0.287958 -0.044312 -0.047280 0.158644 -0.033017 0.317570 0.014505 -0.152215 0.140936 -0.023906 0.366335 -0.169952 0.018477 0.048990 0.012488 -0.073992 0.132798 -0.083858 0.048581 0.212939 -0.070803 -0.041548 -0.078052 0.100423 0.037762 0.034472 0.003907 -0.113175 -0.095888 0.232066 0.076501 0.368314 -0.123355 -0.011001 -0.085688 -0.323874 0.037352 0.161316 -0.096285 -0.173272 -0.085589 -0.197418 -0.062950 -0.087329 0.301815 0.077431 0.029110
-0.359854 -0.033090 0.058059 0.001893 -0.051582 0.019003 -0.050687 -0.058843 0.172718 -0.059438 0.042927 -0.011419 0.185656 -0.140571 0.228746 -0.033306 0.159200 -0.178879 0.157889 0.002457 -0.178085 -0.172660 0.031454 -0.216207 -0.163546 -0.109707 0.189833 -0.001325 0.171410 -0.118664 0.004817 0.138482 0.012050 -0.084269 -0.001055 -0.185017 -0.163356 -0.256957 0.149941 -0.248920 -0.045321 -0.074485 -0.087656 0.167152 0.120708 -0.224163 0.110892 0.059055 -0.081774
0.027225 0.276885 0.018762 -0.176949 0.019238 0.009785 -0.028323 0.197529 -0.171040 0.043650 -0.080242 -0.048468 -0.068739 -0.017035 -0.024376 -0.184245 -0.080634 0.115491 -0.010721 0.161055 0.029322 0.121317 0.050721 -0.012585 -0.155206 0.056928 -0.257008 0.112892 0.036294 0.101147 0.076765 0.137452 0.074531 0.017855 -0.200407 0.062491 0.064975 -0.039150 0.080653 0.169455 0.115037 0.021340 0.017738 0.061273 0.103112 -0.087456 -0.126770 -0.190057 -0.023324
-0.113985 0.053285 0.082445 0.252575 0.005313 0.062796 0.071610 -0.014155 -0.187344 -0.239891 -0.191701 0.071234 -0.224360 0.191173 -0.305943 -0.075846 0.205486 0.095754 0.088415 -0.066005 0.084183 -0.153599 0.063761 -0.278557 -0.149828 -0.054096 -0.126617 -0.063688 -0.224997 0.106288 0.040742 -0.063236 0.069263 0.108258 0.077672 -0.001484 -0.157950 -0.022832 -0.297344 -0.161428 -0.177628 0.063350 0.160344 -0.030947 0.150875 0.070105 0.050017 -0.126416 0.116811
-0.024340 0.082423 0.172406 0.100239 0.220295 0.085336 0.087027 0.110837 0.051870 -0.125153 -0.076826 0.019692 -0.011575 0.047316 -0.082642 -0.150583 -0.089617 -0.128269 0.007115 0.056272 0.009222 0.014904 -0.022626 0.100926 -0.002607 -0.055363 -0.123091 -0.080678 0.083842 0.004925 -0.060032 -0.190952 0.198431 -0.041083 -0.174288 -0.238661 0.116735 0.064187 0.167771 -0.102874 -0.149615 -0.011560 -0.133871 0.077518 -0.036053 0.302766 0.079839 0.002709 -0.146075
0.038430 -0.088037 -0.085198 -0.110500 -0.172698 -0.081136 -0.034186 -0.199724 0.097869 0.025395 -0.115576 0.216157 0.234398 -0.139873 -0.068620 0.045646 0.191664 -0.127894 0.278745 0.108559 -0.110724 0.149762 -0.023325 -0.041277 -0.436276 -0.021724 -0.008907 -0.085448 -0.213102 -0.133790 -0.118126 0.182612 -0.000399 0.069259 0.009542 0.010211 0.078802 0.073536 -0.043764 0.001918 0.143284 -0.041936 -0.223666 0.294883 -0.000030 0.000121 0.152081 0.086618 0.066754
0.227159 0.141079 -0.005044 0.035882 -0.060645 -0.006855 -0.033210 0.200784 -0.066568 0.101332 0.213503 0.267661 0.040704 0.029310 -0.244425 -0.008986 0.072958 0.012853 0.133440 -0.039220 -0.119964 0.046676 -0.056231 0.153022 -0.089209 0.073011 0.123651 0.141618 0.025965 0.234050 0.134609 -0.009810 -0.095096 0.018788 -0.132498 -0.419023 0.097325 -0.270163 0.180497 0.111849 -0.036242 0.033299 0.061277 0.140693 -0.024728 -0.152047 0.219100 -0.025194 0.026373
-0.275529 0.134211 0.164977 0.003067 -0.005436 -0.025943 0.089221 -0.212007 0.099508 0.139187 0.200056 -0.078682 0.004153 0.108568 0.165380 -0.156719 0.127341 -0.079392 -0.039044 -0.036519 -0.020518 0.077241 0.129912 -0.035203 0.110508 -0.019669 0.170510 -0.100939 -0.150347 0.170165 0.249323 0.234561 -0.127688 -0.046957 -0.089960 -0.114109 0.030828 0.050779 -0.232839 0.019167 -0.216261 -0.145400 -0.107136 0.058062 -0.115490 -0.023079 -0.034466 0.045621 0.166559
-0.068964 0.004095 0.016926 -0.009558 -0.000493 -0.119207 -0.264227 0.043933 0.222907 0.210983 -0.155527 0.247480 -0.100555 -0.062083 -0.115575 0.176921 0.174870 -0.172706 0.230132 -0.075372 0.027160 -0.195413 -0.050721 0.189578 0.042394 0.077324 -0.005803 -0.118816 -0.208257 0.044066 -0.056577 -0.047371 -0.055395 -0.036132 -0.063325 -0.075075 -0.075852 -0.202223 0.024658 0.012931 -0.305729 0.054114 0.224244 0.102452 0.052185 0.181911 -0.182497 0.009907 -0.107465
