-0.093521 0.200835 -0.013530 -0.166135 -0.050115 0.279622 0.142083 -0.202526 -0.008443 -0.099602
-0.105506 -0.110776 -0.229018 -0.035091 -0.125061 -0.060944 -0.104389 -0.052578 -0.445153 0.168889
-0.169230 0.156552 0.048520 -0.027968 -0.005808 -0.018789 -0.361919 -0.120325 0.272349 -0.039954
0.139808 -0.375667 -0.034800 -0.021332 -0.324162 -0.195984 -0.024308 -0.051600 0.254155 -0.116213
-0.199108 -0.061291 -0.236974 0.070537 -0.136498 0.093576 -0.074219 0.627372 -0.042226 -0.083621
0.017190 0.011209 0.142883 0.343908 -0.311709 -0.440258 -0.040721 -0.196281 0.291873 -0.119484
-0.044992 0.283918 -0.027571 0.095317 0.240761 -0.061584 0.056135 -0.159281 0.015882 -0.280979
0.180261 0.103694 0.419104 0.128431 -0.083650 0.092830 0.324345 0.278510 0.075498 0.021855
0.104577 0.154656 0.183008 -0.115998 0.158117 0.116481 -0.330222 0.075256 0.006788 -0.110447
0.004201 0.279170 -0.116993 -0.174632 -0.032579 -0.146823 -0.222589 0.006153 -0.115102 0.167709
-0.164600 -0.035688 0.095981 0.082246 -0.110992 0.109584 0.119527 0.226780 0.059237 -0.206951
0.066180 -0.085570 0.049974 0.395542 0.005709 0.205199 0.067077 -0.066581 -0.060132 0.080605
0.241957 0.016991 -0.168536 0.008556 -0.131546 -0.127018 -0.021067 0.000822 0.247302 0.222544
-0.016536 0.289056 0.233926 -0.014025 0.027075 -0.193605 -0.128358 0.009225 -0.075657 -0.160681
0.117837 0.049962 -0.010921 -0.066371 -0.160898 -0.060590 -0.121104 -0.033705 0.049561 -0.308924
0.074373 0.108016 -0.185417 0.347086 0.123347 0.163617 0.068079 -0.014978 0.162136 0.038919
0.211946 -0.100776 0.044766 -0.031013 0.036075 -0.040480 0.002606 -0.159110 0.097732 0.325189
-0.377533 0.044046 0.276746 -0.062689 -0.080608 0.155154 0.062389 -0.284878 -0.027348 -0.301204
-0.048486 -0.170476 0.219314 -0.083882 -0.473559 0.118416 0.038112 0.271478 -0.033404 0.214251
0.082375 0.094345 -0.192905 -0.014407 0.238043 0.273381 -0.007538 -0.027540 0.103457 -0.024365
0.160472 0.007603 0.315266 0.005357 0.184380 -0.168958 0.005632 0.005166 0.000662 0.248465
0.111666 0.175420 -0.323676 -0.301492 -0.148954 -0.109685 0.028989 -0.102713 -0.320013 -0.009161
0.435311 0.411020 0.583609 0.236262 -0.240687 0.211724 0.189207 0.327407 -0.072231 -0.104097
0.073814 0.200520 -0.035203 -0.009819 -0.062049 -0.186312 0.000800 -0.145711 -0.288801 -0.009011
-0.287073 -0.087747 0.356615 -0.129933 0.354473 0.135718 0.010028 -0.235109 -0.019773 -0.074727
0.075820 -0.105203 0.132923 -0.025751 0.014737 0.590726 0.068746 -0.005748 -0.279914 0.014801
0.088641 0.038431 -0.057295 0.467724 0.161761 0.263849 -0.182437 -0.133547 -0.118451 -0.054858
0.040272 -0.193208 0.197061 0.025641 0.367248 -0.132705 0.566483 0.001166 -0.059491 -0.292901
0.378546 -0.074804 -0.152156 -0.199281 -0.085431 -0.007355 0.140272 0.082334 -0.068614 -0.059706
-0.134269 0.420150 -0.214337 0.061785 -0.211150 0.026148 0.478946 -0.109781 -0.297352 0.203737
0.099062 -0.156354 0.043829 0.292919 -0.052023 -0.098405 -0.084478 0.081490 0.080961 0.118337
-0.020976 -0.066722 -0.158539 0.292790 -0.090091 0.124090 0.110929 0.054378 -0.182451 -0.147707
0.381649 -0.240508 0.068276 -0.002599 0.154788 0.107033 -0.221918 -0.232119 -0.018546 0.218726
-0.117031 -0.164686 0.090966 0.044431 -0.497848 -0.305064 0.224680 0.130306 -0.121600 0.192093
-0.128949 -0.271931 0.173545 -0.094663 -0.125929 0.268004 0.102610 0.005392 0.204358 -0.203795
-0.050772 -0.139402 -0.222095 -0.008228 0.299863 0.390286 -0.289668 0.072471 -0.121487 -0.079617
-0.191130 0.010493 -0.446752 -0.314095 0.057076 -0.127845 0.210128 0.109791 0.444326 -0.129704
-0.050682 0.353458 0.047504 -0.151459 0.228466 0.237824 -0.023478 -0.061639 -0.000896 -0.116922
0.543869 0.028667 0.044555 0.290636 0.027455 0.117419 -0.064604 -0.064037 0.008082 0.007345
-0.389185 0.121926 0.231272 -0.098699 0.309211 0.058850 0.197875 -0.089798 0.009474 -0.205953
0.062822 -0.119164 -0.017905 0.189443 0.201374 -0.090144 0.129379 -0.089419 -0.113844 0.262817
-0.065862 0.138442 -0.129592 -0.310804 -0.088470 0.180543 -0.003972 -0.055069 -0.229405 0.533304
-0.097774 0.392043 0.047964 0.264337 0.170475 0.109329 -0.084251 0.017131 0.316996 -0.274904
-0.034908 0.135711 -0.238601 -0.277547 0.428312 -0.022832 -0.264964 0.203117 -0.073701 -0.068103
-0.015133 -0.000166 -0.006233 -0.125826 -0.207374 0.000027 0.024811 0.083535 0.194099 -0.051243
0.054195 -0.075618 -0.017831 -0.063031 0.105921 -0.278294 -0.217749 0.059008 0.318154 -0.014355
-0.141764 0.042144 0.201749 0.190130 -0.084742 -0.219369 -0.151022 -0.054788 -0.172524 -0.022157
0.304971 -0.045926 0.086544 -0.423978 -0.005576 -0.178411 0.012377 0.355080 -0.174795 -0.089683
0.022083 0.012845 0.004787 -0.077472 -0.248190 0.043664 0.260741 0.129804 0.132603 0.297633
