0.098805 0.007252 0.108904 0.133213 0.079313 0.105813 0.050441 0.009735 0.137945 0.024598
-0.021169 -0.009504 -0.112594 -0.129922 -0.180133 -0.017382 0.783537 -0.031451 -0.093117 -0.016638
0.034816 -0.006457 -0.042717 -0.069067 0.228279 0.017564 0.020636 -0.027102 -0.354853 0.507469
-0.273942 0.133436 -0.319409 -0.307569 -0.215228 0.519000 0.023696 -0.177516 0.053314 0.242713
-0.406473 -0.361988 -0.024085 -0.014601 0.344244 0.466422 -0.160373 0.344692 0.554850 -0.082853
-0.137764 -0.010071 -0.002413 -0.031612 -0.288497 -0.031198 0.796637 0.035833 -0.099247 -0.157438
0.004376 -0.000325 0.119267 0.034622 -0.093936 0.079638 -0.152829 0.580889 -0.122855 -0.168447
-0.072691 0.012650 -0.122074 0.006735 -0.222166 -0.177673 0.014847 -0.060062 0.296507 0.197361
-0.045720 -0.003317 0.239506 0.008347 -0.144419 -0.010446 -0.072183 0.124431 0.227336 0.264365
0.026004 -0.028836 -0.087594 -0.234368 0.202281 0.123402 -0.024279 -0.028106 0.707429 -0.162608
0.055869 -0.007278 -0.166378 0.292688 0.045841 0.229594 0.032955 0.324398 -0.187613 -0.267201
-0.092156 -0.013842 -0.235914 0.983159 0.005962 -0.084015 -0.029093 -0.076891 -0.481193 0.074922
0.026843 -0.009892 0.460455 -0.036646 -0.003417 0.037106 -0.007386 -0.031624 -0.338682 -0.125795
-0.059155 -0.007481 -0.041443 -0.150746 -0.002347 1.104719 -0.039092 -0.007953 -0.470020 -0.048511
-0.044741 -0.002480 -0.062920 -0.096168 -0.046226 0.955697 -0.008524 -0.041052 -0.159460 0.028065
-0.059555 -0.009223 0.034955 -0.035948 -0.158456 0.023692 -0.078268 0.044644 -0.152632 0.766961
-0.037008 0.019960 -0.055701 -0.225291 -0.008220 -0.127810 0.034339 0.616759 0.048858 -0.160262
-0.004739 0.025355 0.052384 0.204677 0.139608 -0.057026 0.192101 0.032602 -0.409357 0.056766
0.750570 -0.006575 -0.091488 -0.113388 -0.077076 -0.097913 -0.048285 -0.007582 -0.134947 -0.032016
0.001108 0.008772 0.044771 0.677810 0.007603 -0.105975 -0.004967 -0.021503 -0.082446 -0.026631
0.009789 0.009789 0.046861 0.046812 0.060433 -0.031285 0.035931 0.000007 0.078339 0.043127
-0.005841 0.996660 -0.166583 -0.060260 -0.019100 -0.035049 -0.036668 -0.063143 -0.350071 0.050954
-0.110662 -0.009812 0.866652 -0.155662 -0.068820 -0.047372 -0.051670 -0.048221 -0.363326 -0.046889
0.158804 -0.001841 -0.196171 -0.027652 0.135612 0.131779 0.119961 -0.037093 -0.056784 0.089242
0.098735 -0.003366 -0.086917 -0.047744 0.246187 0.046116 0.085231 -0.045426 -0.086858 0.099039
-0.048319 -0.002910 -0.037808 -0.030672 0.996355 -0.033205 -0.032269 -0.167791 0.034585 -0.780902
-0.002738 0.930973 -0.051573 -0.338470 -0.008677 0.035668 -0.029068 -0.000139 -0.300296 0.039074
0.056672 0.004927 0.195510 0.156746 0.039131 0.122356 -0.000899 0.069958 0.015199 -0.255767
-0.014038 -0.004153 0.035251 0.035618 -0.054297 0.010970 -0.030802 0.030306 0.221829 -0.028939
0.111059 0.066956 0.176630 0.003486 -0.282036 0.012915 0.037149 -0.053810 0.568754 0.031254
0.226322 0.017030 0.228938 0.027204 0.021700 0.030701 -0.016920 0.027432 -0.287122 0.111020
-0.145063 -0.014243 -0.199456 -0.089535 -0.015647 -0.047089 0.000936 1.177051 -0.012779 -0.209383
