-0.159089 -0.180375 0.043912 -0.274720 0.031049 0.520128 -0.244502 0.028727 -0.585170 -0.789375 -0.628042 -0.257480
-0.162173 0.064041 -0.122167 0.058692 -0.081265 -0.083172 -0.065370 -0.143781 -0.222496 0.188446 0.114683 -0.068728
0.032542 -0.358880 0.158342 0.003372 0.062448 0.379488 -0.076283 -0.004081 -0.493441 -0.986010 0.112984 0.035933
-0.246432 0.107639 -0.126524 -0.110112 -0.139300 -0.038957 -0.015352 -0.105403 -0.336792 -0.295851 -0.015027 -0.403814
0.128010 -0.211039 0.054048 0.046426 0.079798 0.172325 0.050185 0.011499 -0.603691 -0.086136 0.199426 0.162448
-0.259103 -0.094833 -0.022955 -0.069157 -0.274187 -0.101881 -0.026228 -0.019205 -0.315759 0.066454 -0.152832 -0.151824
0.099125 0.105463 -0.009560 -0.031950 0.267921 0.093790 0.109771 -0.015564 0.132441 0.145205 0.243286 0.057462
-0.231984 -0.322850 -0.012710 -0.086319 0.031623 -0.009019 0.033728 0.067829 0.027598 0.155269 -0.060317 -0.167891
0.033330 0.210803 -0.001404 -0.037048 -0.022858 0.048350 -0.046906 0.042698 0.146446 0.064933 0.137669 0.193005
-0.143804 -0.221690 -0.036084 0.012423 -0.188325 0.069273 -0.020132 -0.113417 0.214940 0.092207 -0.013532 -0.261943
0.013081 0.094613 0.019972 -0.075209 0.048108 0.008869 -0.104365 -0.126226 -0.083926 0.037939 0.060295 0.204588
-0.127505 -0.062145 -0.055998 0.040896 0.072309 0.085431 -0.100897 -0.078557 0.199565 0.069674 0.051057 -0.225993
0.052838 0.016123 0.025531 -0.130911 -0.199713 0.054038 -0.038175 -0.319435 -0.226462 0.074451 0.029376 0.189647
-0.114033 -0.066938 -0.044981 0.052048 0.112555 0.115066 -0.043079 -0.165008 0.234529 0.026810 0.033697 -0.162481
-0.005622 -0.158383 0.031747 -0.138826 -0.033794 0.068598 -0.003504 -0.279212 -0.191596 0.039260 0.062224 0.074796
0.017892 -0.173596 -0.032750 0.033547 -0.043031 0.143619 0.031678 0.076479 0.177986 0.033749 -0.034100 -0.170830
-0.093845 -0.309816 0.025605 -0.110810 0.028078 0.096129 0.101440 -0.204561 -0.018202 -0.042164 0.049984 0.154368
0.106102 -0.097624 -0.027515 0.055171 0.009550 0.132306 0.092858 0.114360 0.054355 0.095225 0.091635 -0.084324
-0.119557 -0.032712 -0.038490 -0.119447 -0.091977 0.114448 0.004771 -0.054508 0.079286 -0.147990 -0.102338 0.135601
0.128237 -0.010770 0.122533 0.048701 0.128773 0.106391 0.132514 0.055669 0.069780 0.248045 0.221563 -0.360453
-0.051115 0.167894 0.073313 -0.072715 -0.120850 0.111605 -0.076494 0.072319 0.027555 -0.193305 -0.053583 0.426068
0.034729 -0.070706 -0.194861 -0.001082 0.104725 0.101383 0.206618 0.037725 0.076722 0.295941 0.170036 -0.206412
0.160879 0.236776 0.150390 -0.021902 -0.075839 0.108234 -0.159785 0.119926 -0.063456 -0.232094 0.105924 -0.088700
-0.199332 0.027023 0.235212 -0.041517 0.058648 0.114076 0.200464 0.000524 0.118759 0.155428 0.191112 0.133111
-0.002859 0.135777 -0.282562 -0.106083 -0.017923 0.088625 -0.174399 0.171021 -0.123024 -0.060881 -0.223521 0.000553
-0.290442 0.217015 0.151325 -0.020430 0.021011 0.158544 0.058641 -0.011850 0.057479 -0.056073 0.513165 -0.080548
-0.144459 0.568768 -0.288078 -0.456397 -0.126842 0.319850 0.291124 -0.012383 0.066202 -0.237317 -0.197369 -0.539246
-0.040756 0.364860 -0.041523 -0.293054 0.226388 0.467356 0.279613 -0.329938 -0.449253 -0.070045 -0.732947 -0.707999
-0.168315 0.116186 -0.015755 -0.576519 0.283796 0.368711 0.248724 0.139008 -0.448258 0.102107 -0.263303 0.047049
-0.019118 0.457947 0.268314 0.253268 -0.047540 0.029439 -0.384131 -0.238447 -0.324393 0.226792 -0.560617 0.226930
-0.146366 0.213307 -0.074008 -0.009210 0.110192 -0.006473 0.034135 0.078637 0.106931 0.173059 -0.319505 -0.156604
0.177764 -0.029801 0.226240 -0.183676 0.413727 -0.068997 -0.325655 -0.102351 -0.303409 0.297413 -0.298369 -0.347515
0.454276 0.018647 0.357682 0.052790 0.300761 -0.112154 -0.327708 0.100073 0.411073 -0.240862 -0.002922 -0.266299
-0.119627 -0.611337 0.084214 -0.002430 0.064644 -0.143161 0.300209 0.057674 -0.055549 0.273359 -0.562416 0.164063
-0.056269 -0.096847 -0.209639 -0.240101 0.238312 0.235768 0.417061 -0.195306 -0.047550 0.479882 -0.074184 0.598029
-0.202531 -0.411252 -0.497614 -0.132275 0.182181 0.087387 0.381034 0.036637 -0.132534 0.392319 0.134932 -0.384385
0.092952 -0.257105 0.015681 0.334831 0.008410 0.126716 0.589399 0.382603 -0.009131 0.095923 0.090299 -0.427829
-0.056959 0.265172 0.055618 0.769927 0.129139 -0.956741 0.957169 -0.464189 0.340362 0.055223 -0.577959 -0.594705
-0.761551 -0.614490 -0.229571 0.016647 0.071807 -0.430408 1.160979 -0.061665 -0.279714 0.316893 -0.153859 -0.311665
-1.010703 -0.456704 0.227069 0.971711 0.172896 -0.059227 0.591262 0.054618 0.277384 -0.016574 0.719906 0.554716
-0.926293 -0.281890 0.150317 0.402764 0.160753 0.665738 -0.223613 0.089063 -0.052747 -0.142311 0.148366 0.050315
-0.198474 -0.451108 -0.617127 0.480264 0.001687 0.422893 -0.084559 -0.232404 0.237908 0.036529 -0.258743 0.426286
0.324701 -0.127787 -0.321877 0.352945 0.683768 -0.047455 -0.258662 -0.073666 -0.210566 -0.249362 0.107268 -0.131817
-0.003235 -0.124242 -0.091391 0.562169 -0.064397 0.134760 -0.217719 0.624477 -0.131487 0.305001 -0.067133 -0.044190
-0.036546 0.014857 -0.006390 -0.466593 0.230105 -0.009461 -0.213684 0.385749 -0.136311 -0.101113 0.305367 -0.279154
0.138048 -0.065690 -0.261467 -0.329150 0.563374 0.167888 0.012915 0.571472 -0.440965 0.062242 0.053366 -0.169231
0.053098 -0.427996 0.260768 -0.069281 0.036062 0.625473 0.216375 0.035098 -0.354084 -0.119032 -0.068014 -0.107498
-0.487531 0.436212 0.432661 -0.416497 0.338631 -0.192158 0.022162 0.675618 0.007142 -0.374518 -0.456093 -0.020133
0.332354 0.332966 0.217568 -0.158728 0.257168 -0.139031 0.041478 0.280212 -0.312067 -0.010752 0.215777 0.270701
0.271679 0.161486 0.176000 0.173085 -0.266184 -0.596081 0.336217 0.622231 -0.416338 -0.124585 0.262370 0.513324
0.372366 0.542382 0.603387 0.067398 -0.610700 -0.670449 -0.545873 0.871705 -0.544599 -0.264178 -0.182199 -0.075757
0.932842 -0.206143 0.836167 -0.164633 -0.852585 -0.554069 -0.246681 1.218279 -0.472539 -0.119341 0.102809 0.603232
0.005066 -0.073772 0.226498 -0.081253 0.432773 -0.000187 0.043608 -0.216831 0.116061 -0.308670 -0.145851 -0.403154
-0.164305 -0.125447 -0.086888 -0.148528 -0.341240 -0.072143 -0.595186 0.004659 -0.041819 -0.082196 -0.269034 -0.229450
0.059131 -0.044270 -0.057004 -0.059473 -0.263134 -0.153240 -0.342441 0.309165 0.132670 -0.245528 0.011053 -0.117086
-0.130105 -0.161931 0.089142 -0.132026 -0.030660 -0.024471 0.270386 -0.200009 -0.074777 -0.206783 0.248379 -0.102123
-0.097015 -0.045828 -0.174711 -0.071609 0.135321 -0.102059 -0.156120 0.005115 0.153630 -0.200891 -0.592406 -0.024890
-0.070588 -0.124432 0.109802 -0.149893 -0.266751 -0.067376 0.020737 0.349987 -0.081590 -0.187334 0.048901 0.031862
-0.167598 -0.064795 -0.094350 -0.049714 -0.138813 -0.050243 0.053113 -0.183809 0.186042 -0.423377 -0.061788 0.079922
0.022661 -0.039985 -0.023504 -0.134503 0.073256 -0.095135 -0.000377 0.062073 -0.087322 -0.600495 0.095904 -0.025776
-0.139338 -0.095079 -0.110677 -0.084015 -0.124042 -0.085854 -0.084345 0.235969 0.186946 0.365891 -0.097038 -0.154122
0.004560 0.055307 0.395566 -0.082297 -0.054749 -0.023788 0.235289 -0.040796 -0.080285 0.016141 -0.060677 -0.007770
-0.069136 -0.154778 -0.211932 -0.231042 -0.026378 -0.112586 -0.182018 0.177139 0.204500 0.237346 0.014928 -0.184162
-0.004420 0.042368 -0.117068 -0.238726 -0.069463 -0.077377 0.233324 -0.042679 -0.192736 0.006301 -0.130602 0.047726
-0.026218 0.021721 -0.059185 0.314239 -0.083403 0.008166 0.023818 0.104873 0.237303 0.240785 0.040445 -0.059985
-0.012242 0.014578 0.081508 0.026009 -0.030387 -0.032711 0.084548 0.042261 -0.007615 -0.009639 -0.110772 -0.096362
0.098732 0.105560 -0.122938 -0.027418 -0.069799 -0.101218 0.006218 0.058428 0.317566 0.206320 -0.008936 -0.059453
-0.202942 0.107933 -0.111174 -0.233235 -0.043209 0.094490 0.002064 -0.034972 0.125296 0.023560 -0.029499 0.009351
0.137924 0.224278 0.101291 -0.026815 -0.048222 -0.094741 -0.013232 0.150062 -0.073623 0.148825 -0.072173 -0.127569
0.052052 0.059931 -0.078548 -0.104244 0.009058 0.102095 0.017296 -0.140689 0.023992 0.073423 -0.007909 0.147385
-0.011900 0.120779 -0.016029 -0.006256 -0.076805 -0.114029 -0.131878 0.274656 -0.097786 0.125134 -0.099841 0.194212
-0.077357 -0.027035 -0.021727 -0.146774 0.001524 -0.007189 0.141683 -0.071061 0.153143 0.029093 -0.001681 -0.111439
-0.435275 0.010138 -0.001183 -0.096511 -0.065374 0.056946 -0.145593 0.144690 0.039726 0.091145 -0.113739 0.325901
0.145814 -0.164318 -0.015355 -0.046727 0.003675 0.190071 0.123776 -0.031724 0.101670 0.098669 0.202958 -0.301613
0.058835 0.043867 -0.013639 -0.085331 -0.067328 -0.303844 -0.099869 0.321487 0.059254 0.047865 -0.304181 0.400344
-0.011346 -0.210248 0.006988 -0.050297 -0.019624 0.453187 -0.053347 -0.128936 0.062336 0.060839 0.256862 -0.082196
0.039276 0.122693 0.002871 -0.080266 -0.033330 0.028933 0.978374 0.650583 0.037894 0.075478 -0.241166 0.126039
-0.048593 -0.213291 0.029144 -0.061294 0.031941 -0.302292 -0.152284 0.227422 0.119401 0.007367 0.123522 -0.001094
0.068240 0.185006 0.176747 0.561772 0.242687 0.225734 -0.053893 0.458153 0.028056 -0.145755 0.187229 0.043338
-0.111276 -0.207561 -0.016612 -0.001654 -0.056358 -0.059100 0.241289 0.171088 0.034097 0.080640 -0.214421 -0.100452
-0.132655 0.029230 0.122445 0.090531 0.282458 0.033171 -0.073157 -0.115583 0.120388 -0.135520 0.233733 0.076188
0.342284 -0.132832 0.107150 -0.023995 0.098535 0.160358 0.156623 0.035927 -0.024042 -0.102653 -0.128661 -0.088321
0.086650 -0.011925 0.076933 0.131863 0.025807 0.049216 0.017516 -0.254112 0.140552 -0.017533 0.077009 0.077913
-0.073138 -0.131046 0.103417 0.058656 0.308888 0.090545 -0.020115 0.127779 -0.019697 -0.119965 -0.026235 -0.101854
0.077693 0.008482 0.050291 -0.152658 -0.128246 0.083651 0.061591 -0.126141 0.070960 -0.122750 0.143577 0.052784
0.000264 -0.134294 0.222146 0.177887 0.064217 0.050643 0.004532 0.121320 -0.030757 -0.098193 -0.164393 -0.023020
0.023112 0.037335 -0.063643 -0.268209 0.302859 0.168344 -0.110186 -0.013907 0.225934 -0.080574 -0.401992 0.044992
0.036311 -0.146411 0.338726 0.185861 -0.269027 0.040800 0.226726 0.078885 -0.221512 0.063750 0.300928 0.008628
-0.016447 0.024377 -0.125652 -0.171658 0.235367 0.160376 -0.330097 -0.027968 0.399887 -0.052011 0.060213 -0.011420
0.033651 -0.104818 0.329318 0.049280 0.134104 0.009741 0.208562 0.092808 -0.218858 0.237073 -0.058730 0.027597
-0.002958 0.001920 0.071979 0.012256 -0.158765 0.142777 -0.136697 -0.021584 -0.133589 -0.071295 0.088682 -0.029072
0.028775 -0.088933 -0.325968 -0.065200 0.296266 0.003179 0.242614 0.070819 0.213705 0.200642 -0.022614 0.036344
-0.000850 -0.052491 -0.346110 0.071657 -0.139262 0.112590 -0.358129 -0.052703 -0.026678 0.052414 0.086829 -0.031046
-0.048199 -0.024696 -0.265342 -0.011396 0.065345 0.022404 -0.087816 0.097301 -0.079563 0.046075 -0.117206 -0.016907
0.048131 -0.123677 -0.061278 0.161510 0.055399 0.076859 0.186365 -0.042027 -0.133509 0.086679 0.225159 -0.037970
-0.081261 -0.004146 -0.313852 0.137492 0.077027 0.045160 -0.074093 0.074424 0.189152 0.039631 -0.162336 -0.047108
0.043034 -0.103865 0.104434 0.230677 0.049049 0.158384 -0.443192 -0.021154 -0.145018 0.069144 0.063471 0.003679
-0.075692 0.077587 -0.219587 0.007647 -0.183885 0.172344 0.289229 0.014098 0.086443 0.086504 -0.049085 -0.113394
0.041229 -0.138322 0.050898 -0.591221 0.438147 0.224014 -0.182051 0.048636 -0.122134 -0.071102 0.004491 0.129938
0.003259 0.226746 -0.178962 -0.798101 -0.198361 0.046439 -0.269013 -0.051707 0.125318 0.147175 0.014364 -0.231156
-0.066860 -0.163905 0.095171 -1.024423 -0.232939 -0.341918 0.086417 0.142074 -0.102115 -0.089703 -0.124094 0.217054
0.031243 0.019366 -0.263961 -0.409749 0.055738 -0.716805 -0.198910 -0.092993 0.057164 0.041741 0.121397 0.016486
-0.089240 -0.253465 0.145523 -0.963976 0.156562 -0.821298 -0.353537 0.105265 -0.067066 0.061954 -0.186642 -0.045687
-0.057064 -1.577279 -0.256983 -0.740467 -0.617748 -0.531093 0.139743 -0.003108 -0.018680 -0.143755 0.132731 -0.177366
