-0.000309 -0.181201 0.154405 0.188405 -0.419258 -0.000197 0.026378 -0.173609 -0.028733 -0.076387 -0.099437 0.115464 0.105688 0.031570 -0.005378 -0.138747 -0.077274 -0.056262 0.067388 -0.084090 0.032605 -0.005966 0.066967 0.039017 0.086449 -0.011330 -0.066534 0.070645 0.023246 0.073211 0.167097 0.039482 -0.036267 -0.050785 -0.017201 0.172140 0.063324 0.153771 0.005120 0.165894 -0.140674 -0.039160 0.024575 0.091697 -0.063516 0.159528 0.149033
0.059876 -0.140828 -0.144302 -0.150191 0.060172 -0.069721 -0.061907 0.211101 -0.107193 0.044647 0.110919 -0.105138 -0.112608 -0.018827 0.018289 0.133648 0.184774 0.113216 0.044498 0.267704 -0.074335 -0.005010 -0.010583 -0.003705 0.114458 -0.088824 0.034040 -0.090492 -0.212829 0.157879 0.115420 0.065111 -0.056742 0.059240 0.046487 0.049876 -0.033734 -0.113802 -0.067368 -0.069928 0.108877 0.218081 -0.017274 -0.090373 0.120934 -0.266729 -0.010488
-0.041380 0.020134 0.186025 0.032266 -0.047375 -0.173703 0.118123 0.164564 0.113271 -0.077166 0.092237 -0.112015 0.035593 -0.123239 0.069379 0.063631 0.096986 0.034038 0.087967 0.066508 0.016775 0.049342 -0.052646 -0.140014 -0.031486 -0.128652 0.019227 -0.045800 -0.180193 -0.034196 -0.008777 -0.045009 -0.172086 0.027167 -0.051570 0.196991 0.079149 -0.089306 -0.042894 -0.111260 0.139419 0.081874 0.003150 -0.142268 0.080953 -0.044025 0.060836
-0.086079 -0.052400 -0.151232 -0.184369 0.240286 -0.101766 -0.184949 0.124911 -0.169695 0.039063 0.356496 -0.101628 -0.043548 -0.150433 -0.116855 0.233699 0.055631 0.106964 -0.043748 -0.082187 -0.256504 -0.021518 0.049571 0.060812 -0.086546 0.063437 -0.056176 -0.008677 0.048560 -0.052135 -0.264258 -0.275926 -0.157103 -0.060298 -0.146303 -0.144717 0.237675 -0.242105 -0.232433 -0.016276 0.200602 -0.043702 0.039959 0.056085 -0.077414 -0.127750 0.018588
0.096347 0.038021 -0.024474 0.043468 0.036392 -0.133455 -0.101788 -0.106554 -0.145553 0.125378 0.207243 0.040562 0.326298 0.054678 -0.033125 0.137819 0.117678 -0.088030 0.122254 0.072912 -0.188968 0.143657 0.075686 0.133133 0.133304 0.082108 -0.064547 -0.015279 0.230889 0.011499 0.122880 -0.166861 -0.089405 -0.070666 -0.188907 -0.087619 0.167171 -0.144696 -0.114891 0.018045 0.054786 0.000504 0.005630 0.007542 -0.058091 -0.113579 -0.010923
-0.038429 -0.039051 0.348902 0.031727 0.031153 -0.052191 0.030682 -0.051553 0.190404 -0.111850 0.149903 -0.046681 -0.082883 0.005713 -0.047572 0.013529 0.000018 -0.113291 0.036782 0.076329 0.093625 -0.008678 -0.169546 -0.138705 -0.001361 -0.134619 0.103483 0.162517 -0.027698 -0.136069 -0.116809 0.007561 -0.304210 0.195160 0.016869 0.139327 0.027171 -0.011120 -0.010640 -0.188872 -0.001235 0.027680 -0.160833 -0.285936 0.070287 0.079969 -0.113299
0.035692 -0.169539 -0.001142 -0.020958 -0.242122 -0.053982 -0.138552 0.024813 0.191589 -0.189757 -0.038171 -0.005802 -0.080535 -0.060145 -0.226895 -0.071816 -0.134885 -0.028185 -0.159250 -0.021717 0.125039 -0.148611 -0.013162 0.014190 0.068551 0.075191 -0.052142 0.051180 -0.157089 0.232008 -0.077761 -0.039400 -0.137725 -0.041447 -0.190093 -0.053566 -0.095761 -0.197144 -0.052856 -0.105718 -0.112598 -0.196883 -0.204895 -0.171238 -0.218161 -0.046438 0.132504
0.021970 -0.039763 0.249297 0.042719 0.300278 0.052821 -0.111778 0.025142 0.185812 0.018118 0.081547 -0.004905 -0.012731 0.067688 0.113356 -0.100424 -0.006846 -0.066932 -0.015127 0.065116 0.000365 -0.010911 -0.077920 -0.050410 -0.022278 -0.228611 0.340624 0.050689 0.049875 -0.245243 0.115120 -0.068478 0.105008 -0.015657 0.027123 0.213092 0.123635 -0.108595 0.030043 -0.256867 -0.131181 0.071867 -0.144489 -0.078767 0.199586 -0.049376 -0.287539
-0.107384 -0.079287 0.088670 -0.058096 -0.050958 0.092097 0.115706 -0.277982 0.039059 -0.088145 -0.084961 0.083271 0.239241 -0.052805 0.290375 -0.027693 0.218156 -0.017618 0.064092 -0.059803 0.028592 0.057641 0.021042 0.053356 -0.119942 -0.094338 -0.024698 -0.020027 0.202540 -0.118351 0.099511 0.090530 0.284760 -0.105657 -0.161462 0.122349 0.147673 0.032384 -0.027570 0.112159 -0.055763 0.076737 -0.068041 -0.065334 -0.074649 -0.110084 -0.135796
0.023691 0.048102 0.041550 0.132561 0.117639 0.005233 0.098889 -0.005645 -0.012950 -0.191442 0.094890 0.010853 0.022256 -0.096198 -0.061778 -0.070887 -0.096459 0.205395 -0.071961 -0.088520 0.028824 -0.070424 0.025615 -0.045912 -0.017438 -0.088152 -0.185715 -0.048771 0.016540 -0.044819 -0.018895 -0.097700 -0.092601 -0.043824 -0.123550 0.007528 0.055339 0.150011 0.064553 0.058235 0.005113 -0.222586 0.178584 0.033931 -0.189133 0.104642 0.222748
-0.047042 -0.127107 -0.123467 0.146400 -0.244491 0.039727 -0.104862 -0.308673 0.142319 0.062479 -0.126828 0.114526 -0.094540 -0.112170 -0.186020 0.099675 0.196529 -0.225427 -0.123552 0.062179 -0.024965 -0.060514 -0.070859 -0.042550 -0.048643 0.123652 0.116169 -0.008066 0.136882 -0.115204 -0.217078 -0.120653 -0.032757 -0.257908 -0.075153 -0.122996 -0.234698 -0.006166 -0.196622 -0.180671 0.091569 0.170716 -0.058071 -0.155721 0.131453 -0.058631 -0.201249
-0.101478 0.094248 0.238558 -0.088320 0.251636 0.074718 -0.003183 0.148249 0.099231 -0.086655 -0.002108 -0.227830 0.224837 -0.060535 0.148721 0.107362 -0.088569 0.072185 0.075237 0.010083 -0.151159 0.047890 -0.226231 -0.039624 -0.123572 -0.298806 -0.025449 -0.109742 -0.064540 0.042057 -0.128511 0.028331 -0.102325 0.080966 -0.074964 0.066549 0.061987 -0.142793 0.149739 -0.037625 0.041673 -0.121329 -0.034490 -0.114247 -0.062054 0.018353 0.141549
0.122168 0.002108 0.187880 0.193834 0.059534 0.054111 0.000044 0.041121 0.097193 0.102896 0.143841 -0.037872 0.050819 -0.102209 -0.041185 -0.082748 -0.069116 -0.103079 0.012649 0.091321 -0.107638 -0.007527 0.009272 0.056210 0.134205 -0.111933 -0.140325 -0.003427 0.238794 -0.013069 -0.056368 -0.101105 -0.075626 0.024727 -0.156133 0.074540 0.205566 -0.085488 -0.145098 -0.010964 -0.080582 0.108647 0.051509 0.202281 0.041950 0.039376 -0.002154
0.084176 -0.062048 0.083279 0.092532 -0.314755 -0.019760 -0.301977 0.032518 0.032213 0.037047 0.225544 0.097442 0.012343 0.027845 -0.237401 0.191185 -0.071233 -0.207178 -0.072082 -0.021785 -0.104016 -0.097938 -0.060107 0.003805 0.096862 0.317439 0.105051 0.214146 -0.032286 -0.025777 -0.415645 -0.237133 -0.343774 0.034154 -0.128684 -0.042702 0.072242 0.019683 0.066424 0.090901 0.159284 0.083763 -0.022958 0.097415 0.087656 0.174158 0.079763
0.267735 -0.002148 -0.000866 -0.086598 -0.084057 0.060921 -0.027147 -0.192303 0.168964 -0.094150 -0.134221 -0.222248 0.082406 0.157343 -0.269422 0.089082 -0.245726 -0.232379 0.014299 0.222865 -0.171089 0.069095 -0.176138 0.077782 0.234655 0.083959 0.092802 -0.045663 0.197010 0.062477 -0.065402 0.036555 -0.410357 0.680731 0.357133 -0.212203 -0.125778 -0.173352 0.217581 0.025949 0.035820 -0.073526 -0.274890 -0.046652 -0.132267 0.060826 0.093260
-0.204416 -0.258123 -0.026276 -0.091182 -0.097939 0.016667 -0.380089 -0.243527 0.228921 -0.097080 -0.189963 -0.177717 -0.153935 -0.100178 -0.130765 -0.159698 -0.313208 -0.094169 -0.232352 -0.172897 -0.077124 -0.192677 -0.205366 0.043248 -0.176229 0.004223 -0.004718 -0.011941 -0.083689 -0.192260 -0.068850 0.205663 -0.017467 0.169491 0.382576 -0.176387 -0.190674 -0.084500 0.258370 -0.076034 -0.168449 0.002418 -0.094225 -0.021796 -0.000532 0.336027 -0.199302
-0.258558 0.029640 -0.068482 -0.045967 -0.078356 -0.217917 -0.128814 -0.093848 -0.097718 -0.064806 -0.350293 -0.100586 -0.045958 -0.065009 -0.044611 0.210631 -0.207938 -0.159271 0.080749 -0.156797 -0.071178 0.174050 -0.352816 -0.225010 -0.149728 0.193830 0.013364 -0.128315 -0.183375 0.082077 0.006005 0.193916 -0.149814 0.076129 0.539150 -0.053433 -0.137855 -0.026705 -0.035381 0.063868 0.077798 -0.008312 -0.154478 -0.279313 0.091310 0.066187 0.253722
-0.146926 -0.117967 -0.105219 -0.161476 0.088109 -0.106255 -0.349537 0.086655 -0.069928 0.050483 0.174047 -0.274023 -0.031063 -0.222737 -0.176943 0.055591 -0.124745 0.123207 -0.090721 -0.221172 0.099505 -0.069242 0.286082 0.065555 -0.145869 0.004481 -0.153281 0.234138 -0.135428 0.056772 -0.066282 -0.123917 -0.168693 0.111072 0.032933 -0.110704 0.011337 -0.415516 -0.167301 0.019692 -0.003577 -0.031377 0.123441 0.155984 -0.094016 0.209983 -0.011951
0.087113 0.056303 -0.214069 -0.276810 0.057779 -0.329260 0.074432 0.012382 -0.411226 0.016413 0.124896 -0.004485 0.081741 -0.108151 -0.038449 0.097625 0.050891 -0.045702 0.005260 -0.222438 -0.074558 0.011421 -0.023922 0.029713 0.101604 0.148598 0.017920 -0.006912 -0.070863 0.138180 0.024062 -0.160373 -0.064492 -0.203601 -0.228064 -0.075340 0.240189 -0.148087 -0.122692 0.156289 0.119202 -0.096790 -0.146573 -0.076841 -0.035849 -0.164342 0.196223
0.034381 -0.003474 -0.357281 0.138777 0.104135 0.048571 0.003222 0.073866 0.099279 0.056347 0.145617 0.271386 0.030090 -0.014720 0.024927 0.146542 0.057983 0.049823 0.154253 0.232147 -0.109844 -0.027459 0.119685 -0.008908 0.212705 0.091642 -0.175328 -0.039022 0.112329 0.033060 0.020858 0.049576 -0.008025 -0.089383 0.060904 -0.117713 0.065243 0.114759 -0.024051 -0.020217 0.112744 0.139568 -0.068170 0.021440 0.044343 0.077982 0.127770
-0.071296 -0.213758 -0.120707 0.107630 -0.013384 0.141513 -0.034314 -0.035442 0.175968 0.149238 0.034101 0.133100 -0.019348 -0.054972 0.068823 0.026455 0.137520 0.088777 -0.171388 -0.245688 -0.108318 -0.114139 0.104642 -0.136295 -0.079287 -0.108418 0.126852 -0.040114 0.010821 -0.131821 -0.099208 -0.139157 0.210022 -0.189769 0.049416 0.010988 -0.088501 -0.043969 -0.095659 -0.042476 -0.033612 -0.004656 -0.028439 -0.119331 -0.058924 -0.181891 -0.213627
0.084189 0.027761 0.241074 -0.043099 -0.202181 -0.077546 -0.298388 0.065505 -0.062250 -0.172512 -0.008971 -0.058526 -0.040874 0.101596 -0.245260 -0.157804 -0.010196 -0.142908 -0.000390 0.176392 -0.131426 0.050067 0.102918 0.123409 0.139402 0.065030 -0.098360 -0.034337 0.003397 -0.005649 0.190356 0.233253 0.032397 0.018528 0.034723 0.115488 0.079767 0.049202 -0.031392 -0.066058 -0.128303 0.085722 -0.169860 0.117976 0.010776 0.186879 -0.013832
-0.035442 -0.037666 -0.062844 -0.017810 0.206368 -0.305575 -0.079032 -0.014823 -0.094653 0.111454 -0.045097 -0.085270 0.020664 0.080577 0.089112 -0.010794 0.063083 -0.156295 -0.009656 -0.221010 0.090363 -0.025803 -0.100768 0.157905 0.144086 0.016823 0.113789 -0.059104 -0.068197 0.055527 0.230594 0.063923 -0.158808 -0.122923 0.101872 -0.160299 -0.273527 -0.074748 0.142302 -0.003413 -0.079860 0.026380 0.073656 0.344284 -0.225252 -0.119304 -0.145099
-0.245895 0.122450 -0.014582 0.022444 0.146996 0.004203 0.129784 -0.204903 -0.106958 -0.037236 -0.329667 -0.076081 -0.049265 -0.117778 0.135823 -0.170036 0.153110 0.082158 0.171388 0.282648 0.221675 0.205815 -0.089398 0.162827 -0.248267 -0.214655 -0.177499 -0.227547 0.112103 0.064593 0.213170 0.172270 0.233379 0.049359 -0.016808 -0.011935 -0.297758 0.099426 0.141182 0.079156 -0.026691 0.035097 0.178606 -0.069981 -0.091223 -0.325657 0.104001
-0.081509 -0.111673 -0.082334 -0.293532 -0.008016 -0.073689 -0.179043 -0.247059 -0.054669 -0.075506 0.218807 0.112225 0.044372 0.293964 0.134986 0.044481 0.007480 0.089770 0.015947 -0.082118 0.040712 0.051840 0.008322 0.023973 -0.029495 -0.102524 0.030900 0.111587 0.097660 -0.088535 0.179277 -0.066985 0.180313 0.244779 -0.103953 -0.013024 0.047991 0.043225 0.232864 0.110147 -0.005811 -0.038992 0.127498 0.062126 -0.036949 -0.132410 -0.077347
0.152835 0.159842 0.173121 0.085828 0.043592 0.050054 0.096259 -0.172681 -0.047674 0.028602 0.004636 0.024907 0.126095 0.079465 0.043968 -0.020264 -0.065866 -0.140145 0.111286 -0.016709 -0.226959 0.156398 -0.041143 -0.082907 0.178538 -0.156859 0.027430 -0.081842 0.072586 -0.104027 -0.062938 -0.085007 -0.178945 -0.139682 -0.131151 -0.028245 0.107953 0.092043 0.164792 0.219806 -0.036419 0.015353 -0.012447 -0.114446 -0.043160 -0.163748 0.044770
0.113265 0.018481 0.287440 -0.034344 0.105414 0.071682 -0.121252 0.080685 0.221408 -0.347130 0.121491 -0.005612 -0.108781 0.025015 -0.071065 0.081212 -0.089517 0.087783 0.052526 0.212089 -0.040065 -0.086218 0.056166 0.025864 -0.099293 -0.008300 -0.033645 -0.097693 -0.119951 -0.131263 -0.096977 -0.025381 -0.030284 0.062942 0.164677 0.033902 0.039624 -0.016637 0.081855 -0.158649 0.140214 -0.170548 0.074871 -0.111555 -0.049231 0.233215 0.030543
0.010356 -0.175684 0.006280 0.006011 -0.094157 0.069382 -0.206411 0.018234 -0.272193 -0.046879 -0.168149 -0.268182 -0.099196 -0.097759 -0.061340 0.195943 0.083304 -0.114184 -0.103785 0.337086 0.124793 -0.085594 -0.091915 -0.012628 -0.064373 -0.025660 -0.085498 -0.127442 -0.026411 0.076290 0.021919 0.140798 -0.013468 0.205638 0.175211 0.073203 -0.247845 -0.140544 -0.289695 -0.075028 0.122595 0.163104 -0.103107 -0.083322 -0.033891 -0.098137 0.008749
-0.171491 0.115724 0.054117 -0.043806 -0.143468 -0.093884 0.037207 -0.111076 0.014628 -0.229659 -0.119188 -0.052626 0.186506 -0.056976 -0.010638 -0.012534 -0.127629 -0.116024 0.232055 0.014151 0.189264 0.169653 -0.143618 0.126292 -0.124255 -0.035431 -0.051632 0.202711 0.068617 -0.020072 0.149411 0.142443 -0.125012 0.064417 -0.097066 -0.037998 -0.002768 -0.168945 -0.148539 -0.099995 -0.080447 -0.118768 -0.029038 0.127316 -0.146264 0.148429 -0.205217
-0.224955 0.013456 -0.104568 0.473400 -0.105230 -0.048781 -0.032742 0.231054 -0.001718 0.057070 -0.104822 0.301138 -0.220989 -0.248972 -0.031623 -0.084894 0.067811 0.079517 -0.057242 -0.087089 0.068219 -0.059967 0.039651 -0.028203 -0.227575 0.107506 -0.088996 0.085302 -0.087974 -0.033948 0.023182 -0.023148 0.094870 -0.243652 0.027995 0.209288 0.068929 0.126982 -0.240089 -0.131785 -0.056078 0.011194 0.033236 0.029071 -0.024171 0.027969 -0.060677
-0.155721 0.100136 0.214372 0.159654 0.198153 0.052885 -0.008299 -0.144288 0.143762 0.017727 -0.045524 0.212777 -0.168885 0.092150 0.143349 -0.108223 -0.014686 0.002849 0.015097 -0.100940 0.189441 0.163825 -0.008365 -0.178742 -0.153778 -0.025619 0.006576 0.087461 -0.067053 -0.189661 0.061734 0.123289 0.199835 -0.008267 0.026485 0.154058 -0.085722 0.246530 0.031068 0.034265 -0.060047 0.029174 0.014612 -0.138728 0.112068 -0.019443 -0.064013
-0.219188 0.091975 -0.024159 0.045297 -0.138104 0.086911 -0.226341 -0.142398 0.052000 0.212991 0.130425 -0.056523 0.081141 0.131207 0.005863 0.116130 0.095337 0.164407 0.001000 -0.109731 -0.136146 -0.099474 -0.180542 -0.071457 -0.138509 0.086414 -0.154277 -0.096608 -0.008022 -0.019135 -0.169339 0.202641 0.083764 -0.163830 0.024134 -0.085067 0.088276 0.094646 -0.013128 0.015682 -0.046676 0.269228 -0.160836 0.102901 -0.072582 0.114646 -0.135840
0.047492 0.121304 -0.031158 0.014821 -0.125945 0.224442 -0.001365 -0.029419 -0.025817 0.083772 -0.048416 0.020481 -0.140309 0.313680 -0.045851 0.044803 -0.092835 -0.077030 0.132112 0.090112 -0.027356 0.101604 -0.036352 -0.073402 0.016107 0.144292 -0.173691 -0.048128 -0.018041 0.176525 -0.033833 -0.006122 -0.115349 -0.101414 -0.038674 -0.099818 -0.179972 0.233025 0.325204 -0.087107 -0.030010 -0.083472 0.103630 0.012385 -0.066539 0.026126 0.083394
-0.032803 -0.024289 0.002457 -0.242412 0.012004 -0.129060 0.275736 -0.190342 0.013746 -0.028223 -0.076870 0.085389 0.060888 0.004432 0.229624 0.052023 0.078303 -0.075376 0.034841 -0.127363 -0.053752 0.056982 -0.157330 -0.011746 -0.060442 0.060297 0.111725 0.005182 -0.036917 -0.156442 -0.100695 0.023456 0.162452 -0.123292 -0.045255 0.018622 -0.051919 0.087202 -0.081692 0.075491 0.131651 0.083451 0.113385 -0.104198 0.313155 0.018183 -0.056721
0.092978 -0.123372 0.123014 -0.271238 0.035621 -0.118272 -0.168215 -0.178669 0.049918 -0.078336 -0.086535 -0.285227 0.002993 -0.029514 0.007074 -0.094039 -0.093314 -0.037455 -0.115861 -0.078006 -0.195955 -0.110509 0.241959 0.002282 0.119719 -0.114980 0.134416 -0.033816 -0.131743 -0.042889 0.093848 -0.005556 -0.100336 0.100134 0.134176 -0.105147 0.060099 -0.257817 0.340339 0.006279 -0.136635 0.107027 -0.179791 -0.021150 -0.109152 0.014773 -0.045149
0.201261 0.044086 0.084014 -0.111854 -0.035946 -0.168507 0.172486 0.152694 0.067968 0.134618 -0.228291 -0.381725 0.166427 -0.353263 0.013261 -0.003202 0.243652 -0.106626 0.014344 0.076201 -0.116974 0.059221 0.003401 -0.140123 0.228401 -0.260889 -0.017879 -0.359326 -0.176220 0.262384 0.235752 0.003381 -0.192807 -0.082101 0.068165 0.024685 -0.024244 -0.321184 -0.125378 0.005373 -0.008853 0.242679 -0.225545 -0.156983 0.060417 -0.184300 0.333342
-0.052837 -0.170783 -0.074541 -0.147598 0.067515 -0.097763 -0.164145 -0.295939 0.546326 -0.076603 -0.179581 -0.280067 -0.343995 -0.245485 -0.174845 -0.195264 -0.186674 -0.250321 -0.111079 0.068860 -0.328767 -0.050814 -0.259690 -0.183078 -0.039856 -0.296541 -0.153211 -0.299932 -0.007130 -0.177323 -0.014742 -0.180741 -0.160037 0.020770 0.045645 -0.041693 -0.120995 -0.292193 -0.047750 -0.236394 -0.198530 0.147109 -0.367997 -0.357544 -0.121692 -0.211705 -0.184141
-0.032326 -0.080994 -0.053805 -0.346695 -0.007736 -0.241592 -0.201898 -0.138988 -0.010789 0.257993 0.214626 -0.095249 0.017297 -0.102607 0.058382 0.033772 0.359150 -0.004821 -0.044569 0.002365 -0.074048 -0.110953 -0.106473 0.024056 -0.005492 -0.027325 0.273712 -0.082071 -0.178120 -0.016578 -0.106749 -0.146236 -0.136789 -0.020146 0.105099 -0.074116 0.396244 -0.077657 0.330026 -0.138063 0.068525 0.307835 -0.106262 -0.059459 0.349630 -0.103477 0.094101
-0.053927 0.056925 -0.067721 -0.342379 0.031993 0.042136 0.061168 -0.373478 -0.139577 0.387829 -0.067972 -0.078836 0.002161 0.011003 0.257814 -0.180593 0.206307 -0.248206 0.079182 -0.169313 -0.011578 0.057350 -0.023987 -0.076203 0.006267 -0.214663 0.226669 -0.057584 -0.034934 -0.241593 0.177937 0.036660 0.204607 -0.325177 0.117224 -0.145287 0.221990 0.072521 0.155425 0.014227 -0.182321 0.423832 0.011262 -0.002897 0.445999 -0.153904 -0.284947
-0.082201 0.096736 0.018746 0.231622 -0.057808 -0.114609 0.102306 -0.035133 -0.062757 -0.157632 -0.135867 0.151756 -0.054382 0.027807 0.010067 0.053738 -0.129585 0.092854 0.085421 -0.066956 0.074309 0.075323 0.048702 0.056768 -0.106548 0.071797 -0.134783 0.025956 0.026969 -0.066329 0.018194 0.068405 -0.035439 0.179994 -0.051799 0.219205 -0.255439 0.122607 -0.227256 0.073613 0.074664 -0.239304 0.314602 0.183719 0.083311 0.076029 -0.003866
0.061888 -0.269883 -0.056689 -0.058309 -0.007465 -0.287752 -0.179023 -0.001508 0.080894 -0.126755 -0.086864 0.023124 -0.052408 0.100767 0.041772 0.425958 0.098524 -0.120935 -0.141591 -0.099048 -0.088200 -0.205978 -0.071754 -0.104208 0.059686 0.258454 0.164515 -0.109052 -0.215138 -0.212059 -0.184507 -0.130352 -0.153788 0.097225 -0.189521 -0.016240 -0.273224 -0.176777 -0.333276 -0.005567 0.384593 -0.062828 -0.227686 -0.219033 0.049245 -0.386416 -0.173711
-0.179929 -0.017895 -0.041527 -0.028285 0.092782 -0.081360 -0.242303 0.106965 0.075127 0.144535 0.148923 -0.018251 -0.167117 -0.139329 0.103678 0.049224 0.126644 0.094881 0.008393 0.088115 0.136717 -0.016963 0.017729 -0.110919 -0.145857 -0.102427 -0.047330 0.076064 -0.101117 -0.025608 0.160531 0.046008 -0.000415 0.073358 0.149423 0.174935 0.147300 -0.114189 -0.121265 0.046910 0.110429 0.330279 0.096170 0.026316 0.243199 -0.025127 -0.023727
0.107323 0.331327 0.021159 -0.106651 -0.060128 0.135225 0.169839 -0.057528 -0.110973 -0.059827 0.000845 0.041001 -0.402972 0.319773 -0.410946 -0.142916 -0.160774 0.016097 0.290938 0.185071 0.045478 0.334285 0.007199 0.283354 0.089493 0.286476 0.134232 0.288375 0.167991 0.272001 0.225728 0.327383 0.215464 -0.055363 0.255171 -0.205657 -0.021498 0.261192 0.243831 -0.146879 -0.111256 -0.071018 0.182679 0.175296 -0.052287 0.391104 0.026965
-0.034011 -0.160311 -0.079245 -0.505173 -0.115304 -0.163126 -0.030279 -0.506371 -0.324872 -0.070376 0.028861 -0.268811 -0.034793 0.032603 -0.258829 -0.063175 -0.170071 -0.039020 0.064800 0.196474 0.103263 -0.042634 -0.130602 -0.028163 0.050029 -0.160744 -0.117291 -0.074411 -0.131311 0.386720 0.181575 -0.126233 -0.114148 0.085749 -0.016596 -0.316030 0.008039 0.008104 0.149757 -0.081158 -0.149892 -0.068625 0.097633 -0.065419 -0.129222 0.103918 0.348932
-0.185209 0.610180 -0.519155 -0.302851 -0.199620 -0.293051 0.175724 -0.220796 -0.423948 -0.200154 -0.016736 0.074230 -0.145377 0.140930 -0.168011 0.165410 -0.125298 -0.313061 0.805096 0.333801 -0.158336 0.268299 -0.288954 -0.162210 -0.082210 0.107910 -0.324299 -0.139326 -0.186188 0.047704 0.040747 0.063586 -0.459802 -0.181552 -0.041207 -0.378030 0.033142 -0.099274 0.053526 -0.127462 0.070152 -0.039146 -0.309431 -0.242585 -0.166277 -0.190983 -0.129389
0.059795 0.082489 -0.125851 -0.305712 -0.131060 -0.038508 0.063371 -0.011829 0.124750 0.169345 0.108124 0.047080 -0.102897 0.243028 0.132053 0.087316 -0.058194 -0.200813 0.053159 -0.136024 -0.331958 0.055966 -0.027717 -0.160344 0.078591 0.116277 0.085266 -0.023703 0.092314 -0.003649 -0.244843 -0.141394 -0.114049 -0.208385 -0.042298 -0.129371 -0.012696 0.157079 0.174546 0.161079 0.093047 -0.007512 -0.020003 0.022147 0.053073 0.014814 -0.031780
0.047658 -0.082606 -0.044500 -0.080130 0.080992 0.039907 0.009882 0.133250 0.108415 -0.141362 0.028068 0.039718 -0.067495 0.020161 0.033248 0.066260 -0.048228 0.019095 0.006558 0.154719 0.384169 -0.069962 -0.170922 -0.090677 0.006054 -0.026269 -0.049939 0.150691 0.054536 0.119904 0.009347 -0.000972 -0.021687 0.337538 0.030400 0.112494 -0.072524 -0.071843 -0.141127 -0.053206 0.011406 -0.056207 -0.157721 -0.106599 -0.104627 -0.012434 0.044599
-0.122394 0.028980 0.020923 0.218880 -0.071411 0.053258 -0.058284 0.061127 0.135477 0.034773 -0.149959 0.090244 -0.147206 -0.083327 0.086953 0.101071 -0.078286 -0.269732 0.059406 -0.032886 -0.204671 -0.048382 -0.244990 -0.348124 -0.143835 -0.094800 -0.092462 -0.172185 -0.018209 0.032618 -0.375377 -0.366397 -0.286712 -0.089673 -0.034486 0.149551 -0.098901 -0.025133 -0.065206 0.011700 0.096065 0.006368 -0.162304 -0.219568 0.008466 -0.093268 0.178037
-0.132282 0.077909 0.258314 -0.002149 -0.184905 -0.008428 -0.206960 -0.129963 -0.325294 -0.045887 -0.197254 -0.280237 -0.116025 -0.067238 -0.128433 -0.145890 0.086144 -0.274065 0.045196 0.185800 -0.225558 -0.018715 -0.109356 -0.087580 -0.135618 -0.021823 -0.024576 -0.185746 -0.039944 -0.224193 -0.102614 0.184716 -0.094274 -0.046424 0.440028 0.108561 0.088573 -0.024569 0.080367 -0.168565 -0.061719 0.394101 -0.157597 -0.014050 0.278887 0.021804 -0.210066
0.210657 0.174188 -0.181832 -0.112348 -0.103886 0.091031 0.257567 -0.155627 -0.051932 0.104520 -0.002761 -0.183800 -0.007428 -0.029096 -0.179815 -0.011082 -0.007358 -0.227793 0.456698 0.467560 -0.373618 0.001024 -0.150053 -0.051393 0.230108 0.212691 -0.036871 -0.148676 -0.027199 0.010983 -0.052543 0.131497 -0.169276 -0.193259 -0.100157 -0.238618 0.123696 -0.124169 -0.038366 0.012085 -0.014938 0.204571 -0.323566 -0.053921 0.008676 -0.157636 -0.190942
-0.037572 0.081476 0.110664 0.145777 0.072974 0.249078 0.288825 0.165393 0.120173 0.096363 -0.196017 -0.022557 -0.060252 -0.117469 -0.041583 0.056640 0.005901 -0.088875 -0.046584 0.075040 0.064959 0.032368 -0.088163 -0.044380 -0.093371 -0.077152 -0.051388 -0.047186 0.137060 0.143157 -0.123404 0.042092 -0.026611 -0.066781 0.070866 -0.009723 -0.262118 0.158364 0.004807 -0.090632 0.115129 -0.031025 0.173547 0.058277 0.075763 0.115152 0.145325
-0.180414 -0.082153 0.098114 -0.053015 -0.087696 -0.074437 -0.049821 0.267750 -0.071882 -0.148720 0.117154 -0.149283 0.032066 -0.215908 0.183022 0.032058 0.003314 0.151113 -0.093637 -0.116682 -0.069273 -0.183779 -0.139119 0.109411 -0.187527 -0.153091 -0.069156 0.017141 -0.077260 -0.099660 -0.078730 0.082471 0.072740 -0.052371 -0.210146 0.018183 0.392443 -0.219232 -0.091657 -0.004757 0.027051 -0.038628 0.033471 0.077962 -0.056119 0.026591 -0.057387
-0.085444 -0.138979 -0.192240 -0.099350 -0.198686 -0.190157 -0.154869 -0.122575 -0.164766 -0.222702 0.134817 0.279671 -0.044154 0.076033 -0.036422 -0.165977 -0.108765 0.266796 -0.082239 -0.169390 -0.044816 -0.166703 0.048871 0.125050 -0.068731 0.022443 -0.151940 0.151195 -0.004124 -0.028528 0.127755 -0.108774 0.060388 -0.110237 -0.188810 -0.149346 0.114074 0.039405 0.053511 -0.069880 -0.208464 -0.258187 0.034440 0.053488 -0.310776 -0.060793 -0.092123
0.279679 -0.020140 -0.216639 -0.205761 0.331193 0.008818 -0.002711 0.005055 -0.033813 -0.032826 -0.102360 -0.178600 0.364198 0.117989 -0.045591 0.176822 0.024832 0.065085 -0.033169 0.090603 0.113191 -0.003441 -0.051523 0.005660 0.173736 -0.056156 0.110368 -0.096952 0.048995 -0.022138 0.218125 0.048433 -0.062091 0.247533 0.223562 -0.109114 -0.062335 -0.192306 0.036633 -0.036817 0.142583 -0.023559 -0.079163 0.013623 0.054622 0.002339 0.119676
0.220844 -0.183942 -0.351077 -0.467890 -0.089519 0.055131 -0.183890 -0.410686 -0.038931 -0.034797 0.007350 -0.246402 0.314688 0.164403 -0.063872 -0.105303 -0.075557 -0.076819 -0.208114 -0.318927 -0.510606 -0.132359 -0.024962 0.150052 0.176553 0.034027 0.130212 -0.208245 0.103911 -0.431694 -0.225306 -0.160308 -0.120602 -0.025041 0.070443 -0.466089 0.155999 -0.054261 0.753121 0.105962 -0.052269 -0.032019 -0.242692 0.119947 -0.033404 -0.122659 -0.251317
-0.281031 -0.014230 -0.292769 -0.198422 -0.463894 -0.029290 -0.159153 -0.363413 -0.354651 -0.277892 -0.092397 0.675294 -0.135224 0.110180 -0.110241 -0.041561 -0.048430 -0.229940 0.046275 -0.128089 0.169294 0.038336 -0.115132 -0.079024 -0.191487 0.136243 -0.130649 0.328520 0.024576 -0.015878 -0.169818 -0.134638 -0.031601 -0.335183 -0.234486 -0.176323 -0.270720 0.454098 -0.049565 -0.275550 -0.074337 -0.229361 -0.160748 -0.156338 -0.270429 0.292609 -0.194607
0.048086 -0.002778 0.085333 0.090217 -0.218456 -0.077834 0.158917 -0.035141 0.011975 0.071481 0.071794 0.058669 -0.050963 -0.113142 0.119495 -0.136175 0.085755 0.068752 0.017272 -0.030204 -0.041484 -0.112876 0.105606 -0.050949 0.054257 0.020714 -0.038939 0.056248 -0.173885 0.070974 0.140695 0.044932 -0.090915 -0.086520 -0.083962 0.004650 0.236623 0.050172 -0.008812 0.201916 -0.097083 0.092026 0.055850 0.114356 0.024401 -0.070922 0.065814
0.112865 0.220913 -0.079890 0.062293 -0.249970 0.001964 0.067556 -0.143584 0.198780 -0.148479 -0.124239 0.114664 -0.104474 0.105852 -0.181240 -0.237647 -0.189642 -0.162374 0.111543 -0.002841 -0.085056 0.124573 -0.132437 0.032468 -0.016600 0.077260 -0.180561 0.002102 0.067935 -0.344075 -0.062836 0.102131 -0.066326 -0.098323 -0.249292 -0.084959 -0.187371 0.095164 -0.057404 -0.105937 -0.159246 -0.185307 -0.010489 -0.004710 -0.149088 -0.086419 -0.403601
0.111417 -0.001938 -0.007918 -0.229908 0.174644 -0.141863 0.070422 -0.285930 -0.271514 -0.053074 0.120190 -0.037659 0.065601 0.144077 -0.118646 -0.063400 -0.108127 -0.123122 0.154755 0.026596 -0.346394 0.067300 0.068786 0.027762 0.204647 -0.056065 -0.020305 -0.157361 0.032050 -0.114927 0.149588 -0.091926 -0.128061 -0.122260 -0.168440 -0.068313 0.133859 0.056094 0.071306 -0.030126 -0.095805 -0.068009 0.007334 -0.039567 0.005968 -0.080829 -0.049783
-0.073923 0.156949 -0.158778 -0.133323 -0.253883 -0.080543 -0.175257 -0.214165 0.077405 0.239660 -0.032794 0.144495 -0.170824 -0.007064 0.030310 -0.114371 -0.072634 -0.110797 0.170225 -0.108565 -0.116355 0.129926 0.079514 0.035274 0.001335 0.029393 -0.121818 0.092795 0.012862 0.054978 0.226685 0.115356 0.064791 -0.111168 0.127939 -0.088156 0.236552 0.003900 0.133729 0.259179 -0.115314 0.205619 -0.081284 0.080284 0.136874 0.026835 -0.046237
0.049123 -0.041888 0.020277 0.015448 -0.061198 0.113557 0.160786 -0.335106 0.126490 -0.095543 0.080433 0.204851 -0.002568 -0.003171 0.076196 -0.136202 0.094343 0.083121 -0.045515 -0.017964 0.029760 -0.003937 0.021787 -0.119153 0.016794 -0.247308 0.033305 -0.049850 0.023303 -0.135046 0.083329 -0.034289 -0.041526 -0.175818 0.082726 0.013653 0.162597 0.242950 0.097365 -0.095363 -0.118317 0.072485 0.081618 -0.121431 0.068048 0.029345 -0.018532
0.040292 -0.020409 0.111041 -0.116671 0.005226 0.223993 -0.013209 -0.168597 0.062312 0.108811 -0.036524 -0.055367 -0.028848 -0.183225 0.116804 0.026621 0.209634 -0.143811 0.085307 0.124593 0.100423 -0.054699 -0.073999 0.157795 -0.051275 -0.114216 -0.039048 0.082625 0.082049 0.210638 0.090274 0.176818 -0.094849 -0.186696 0.007501 0.030442 -0.066904 0.040707 -0.076158 -0.117588 0.151716 0.029971 -0.073282 0.049719 0.040095 0.019950 0.224866
-0.171940 -0.173779 0.183085 0.005039 -0.017784 -0.121412 -0.345226 0.071742 -0.060499 0.051934 0.034186 -0.162531 -0.333071 -0.109766 0.100274 0.062992 -0.081161 -0.220354 -0.150157 0.001640 0.156789 -0.220661 -0.192762 -0.174134 -0.166787 -0.216034 0.080608 0.026145 -0.182721 -0.068332 -0.156985 -0.083106 -0.176216 0.261939 -0.039417 0.231666 -0.006276 -0.233928 -0.133043 -0.179797 -0.016963 0.161332 -0.182016 -0.082378 0.251211 -0.100504 -0.058251
-0.205859 -0.027416 0.004900 -0.207962 -0.115915 -0.033991 -0.162918 -0.231809 -0.180525 -0.259454 -0.207342 -0.148699 0.294508 -0.011861 0.241723 0.098534 -0.198797 0.003306 -0.002144 -0.261133 0.106326 0.085678 0.012327 0.091461 -0.216414 0.041583 -0.014864 0.151017 -0.007660 -0.042648 -0.115561 -0.120613 0.074305 0.136430 -0.103167 0.008843 -0.150103 -0.156931 0.112995 0.497012 0.058014 -0.298207 0.060658 0.054560 -0.225703 0.064201 0.024330
-0.173900 -0.074058 -0.076368 0.130421 -0.329484 0.058847 -0.199658 0.125246 -0.295441 -0.033922 -0.005727 -0.179416 0.165575 -0.263482 0.101144 0.042477 0.086613 0.091280 -0.060475 -0.041012 0.031450 -0.093598 0.309475 0.345218 -0.168595 -0.063482 -0.294657 0.060770 0.108434 0.062085 -0.253198 -0.218562 0.305808 -0.226570 -0.307592 -0.004722 0.067238 -0.259167 -0.168684 0.168326 0.059704 -0.079217 0.079122 0.200411 -0.226542 0.056493 -0.004557
-0.044507 0.094742 0.237904 0.198301 -0.276041 0.084978 -0.002334 0.415932 -0.115980 -0.263498 -0.089028 -0.003942 -0.001364 0.029101 -0.045378 0.026645 -0.059177 0.023834 0.034963 0.172497 0.120846 0.059642 -0.070850 0.071612 -0.081540 -0.027030 -0.138585 0.020188 0.000046 0.110195 -0.165006 0.017781 -0.106201 0.067166 -0.115450 0.213903 -0.171578 -0.012500 -0.003149 -0.007098 0.100873 -0.172132 0.117882 0.067563 -0.249775 0.003440 0.040060
-0.221270 -0.005203 0.147493 0.110464 0.069918 -0.003312 -0.273085 0.050906 0.023686 -0.005522 0.048783 -0.123370 -0.171358 -0.019197 -0.090151 0.091287 -0.054098 0.040710 0.037772 0.188089 0.013140 -0.059560 -0.037623 0.079417 -0.186878 0.001167 0.083633 0.025587 0.054535 0.069926 0.038648 0.035772 -0.023833 0.230358 0.246246 0.053820 0.118304 -0.130941 0.125968 -0.079617 0.055539 0.130397 -0.043520 -0.024642 -0.039404 0.069437 0.044836
-0.027562 -0.087899 -0.246917 -0.567335 0.039134 0.112525 0.020506 -0.129750 -0.218418 0.069887 -0.036658 -0.398627 0.266509 -0.091733 -0.013822 0.161019 0.011213 0.023439 -0.177825 -0.206040 0.062768 -0.070379 0.102706 0.121408 -0.013066 -0.226016 -0.070153 -0.081173 0.488869 -0.011057 0.055617 0.001659 0.137992 0.100137 0.104488 -0.396019 -0.087404 -0.138704 0.039046 0.041698 0.184852 -0.075860 0.025198 0.077437 -0.172938 0.167244 0.008430
-0.091366 0.187408 0.101268 -0.045902 0.047540 -0.053407 -0.028140 0.087028 -0.019590 0.041384 -0.048707 -0.212649 -0.131268 -0.136742 0.005520 0.058844 -0.175810 -0.125720 0.113188 0.001687 -0.058823 0.055505 -0.125388 -0.113649 -0.153901 -0.246983 -0.169197 -0.101599 -0.092151 -0.044569 -0.237375 -0.150440 -0.244948 -0.040213 -0.229989 -0.028672 -0.148035 -0.156066 -0.151627 -0.010548 0.117110 -0.133313 0.048326 -0.033636 -0.053386 -0.115521 0.016437
0.181050 0.133653 -0.061964 0.123835 0.026499 0.173498 0.016678 0.064887 -0.088232 0.095422 -0.073964 0.069773 0.035567 0.204161 -0.351695 -0.196895 -0.081663 -0.049020 0.053454 -0.076756 -0.217978 0.153748 0.009295 0.140463 0.127626 0.392062 0.091372 0.036389 0.146166 -0.287970 -0.085599 0.110363 0.156247 -0.229209 0.019711 -0.183828 -0.098286 0.145713 0.075678 -0.026087 -0.185732 -0.035892 -0.012564 0.167438 -0.024474 -0.007113 -0.361241
0.167377 -0.075455 -0.100970 -0.073531 -0.254517 -0.172492 0.103892 -0.164943 -0.047082 -0.160831 -0.092354 0.237568 -0.141697 0.250501 -0.184521 -0.032912 -0.158916 -0.197121 -0.053165 -0.197831 -0.238560 -0.072436 -0.044748 0.063601 0.167029 0.358986 0.273224 0.085478 -0.054066 -0.062282 -0.078745 0.059314 -0.045462 -0.076690 -0.122928 -0.063740 -0.209477 0.107557 0.052079 -0.018605 -0.025318 -0.195923 -0.282748 -0.101960 0.055104 0.013604 -0.159594
-0.118284 -0.104564 -0.022057 -0.020304 0.326013 -0.128523 -0.012038 -0.000086 0.376665 -0.004924 0.003325 0.111381 -0.119210 -0.120652 0.032767 0.084532 -0.070695 -0.021044 -0.144138 -0.106568 -0.115273 -0.120302 -0.232232 -0.041594 -0.132095 0.055943 0.049529 -0.004405 -0.103697 -0.138379 -0.094801 0.141370 -0.023834 -0.045410 -0.065538 -0.014872 -0.143114 -0.026806 -0.126457 -0.160193 0.029155 -0.093516 -0.196389 -0.117208 0.083946 -0.029894 -0.046706
-0.190829 -0.170842 -0.123350 -0.109228 -0.406514 -0.246210 -0.160317 0.028526 -0.188156 -0.197150 0.332794 0.113247 -0.138875 -0.094634 -0.045584 0.002449 0.086478 0.356137 -0.217611 -0.182880 0.293675 -0.182988 0.259481 0.087650 -0.119616 -0.059396 -0.094135 0.223330 -0.205429 -0.001593 -0.185266 -0.243013 -0.025757 -0.221573 -0.203812 -0.097524 0.110441 -0.097048 -0.156567 -0.169890 -0.001795 -0.139356 0.160397 -0.098248 -0.138387 0.038359 -0.088632
0.129709 0.032165 0.351837 0.122989 -0.291716 0.158006 0.130733 0.035056 0.116694 -0.085655 0.013161 -0.119000 -0.099803 0.067902 -0.127863 -0.009265 -0.065347 -0.029842 -0.104305 -0.070852 -0.016213 0.061430 -0.105713 0.021360 0.051921 0.005497 0.161462 0.102400 0.044581 0.027205 -0.179880 -0.064761 -0.081437 0.029218 -0.108678 0.020714 -0.113323 0.069057 0.184607 -0.040538 -0.073355 -0.123064 0.102662 -0.027424 -0.128433 0.081283 0.005711
-0.161193 0.066005 -0.025331 0.026389 -0.027650 -0.012156 0.076309 -0.059602 0.186200 -0.160690 -0.205224 0.011253 -0.054640 -0.157901 0.039123 0.125078 -0.246863 -0.149361 0.049503 -0.111466 0.146306 0.041221 -0.144503 -0.117311 -0.162475 0.034005 -0.196931 0.089068 -0.071667 0.063011 -0.062484 0.006027 -0.141324 0.140236 0.099907 0.045824 -0.235119 -0.031400 -0.145540 0.083068 0.126154 -0.129270 -0.056389 -0.076622 -0.112666 0.286438 0.114879
0.000648 0.420416 0.174584 0.045232 -0.157832 -0.158320 0.047805 -0.011467 -0.138391 -0.052977 -0.152077 -0.002006 -0.140517 0.125146 -0.313914 -0.333392 -0.131819 -0.189221 0.095618 -0.134824 -0.188301 0.543672 -0.143825 -0.190206 -0.078888 -0.032480 -0.005065 -0.063344 -0.002240 -0.289043 -0.208270 -0.047450 -0.082742 -0.354578 -0.146342 0.159728 -0.170904 0.233881 -0.055692 -0.069734 -0.193954 -0.034976 0.251145 0.007570 0.023584 -0.114418 -0.297241
0.059116 -0.174571 0.133849 0.239797 0.057087 0.009054 -0.194828 0.255387 0.087333 0.019403 -0.058731 0.060222 -0.293796 0.092649 -0.238731 -0.159713 -0.249051 0.000568 -0.245653 -0.029386 -0.021785 -0.170331 -0.017934 0.045705 0.060264 0.136318 -0.032481 0.006962 -0.074169 -0.058031 0.108291 0.143290 0.061807 0.122054 0.060602 0.080370 -0.145180 -0.037603 -0.168040 -0.034818 -0.144286 -0.094406 -0.146375 0.053707 -0.079061 -0.017083 -0.069868
0.065980 -0.023149 0.225598 -0.262097 0.076034 -0.154089 -0.057624 0.141710 0.017242 0.220532 0.018697 -0.287281 -0.249589 -0.029877 -0.020001 -0.108275 0.043460 0.084198 -0.085485 -0.194016 -0.027634 0.037215 0.026540 -0.077959 0.026430 -0.133621 0.379890 -0.054945 -0.316857 0.029051 -0.008826 -0.093440 0.096432 -0.120913 0.094378 0.077308 0.022025 -0.191975 -0.006041 -0.057527 -0.076380 0.178346 -0.085665 -0.133696 0.258001 -0.178567 -0.032244
-0.036141 0.009604 -0.218728 -0.116371 -0.369924 0.012847 -0.231724 -0.231829 -0.122497 -0.126078 0.222350 0.060983 0.201351 0.089645 -0.077768 0.230062 0.004649 0.033221 -0.037583 0.125425 0.027756 0.007152 0.149208 0.103048 0.062599 0.082107 -0.207589 0.028434 0.091263 0.076525 -0.236983 -0.139503 -0.088863 -0.102656 -0.059495 -0.187798 -0.024362 0.240889 0.201935 0.149684 0.193395 0.007994 0.106939 0.045897 -0.185911 0.127467 0.202210
0.039109 -0.124350 -0.071534 -0.111718 -0.009553 -0.168638 0.233013 -0.021764 0.089869 0.088709 -0.166883 -0.057946 -0.035852 -0.109236 0.093458 -0.166438 -0.060574 -0.075712 -0.113960 -0.222179 0.053153 -0.182147 -0.044943 -0.046867 0.035341 -0.133483 -0.026488 0.001295 -0.196380 -0.005836 0.116450 -0.003394 -0.042101 0.045927 -0.117128 -0.019962 0.065784 -0.084697 -0.081658 -0.020882 -0.116400 -0.063129 -0.071853 0.074982 0.155886 -0.015715 0.050747
0.044096 0.074178 -0.006953 -0.351266 0.150104 -0.240566 0.101427 -0.219733 0.131834 0.082674 -0.054879 -0.244183 -0.050151 -0.071573 -0.106158 -0.106026 -0.055313 -0.023036 0.169548 0.122283 -0.219176 0.172200 -0.223940 0.035308 0.069633 -0.010377 0.082860 -0.178421 0.002190 0.045771 0.129122 0.194477 0.020874 0.079714 0.145024 -0.119525 0.095846 -0.053730 0.110055 0.046534 -0.055833 0.153861 0.033528 -0.057751 0.226402 -0.004183 0.073581
-0.212381 0.087084 -0.212402 -0.244415 0.037773 -0.118869 0.133321 -0.316829 -0.213192 -0.250203 -0.189459 -0.085879 0.056334 -0.126964 -0.016333 -0.090723 -0.036218 0.140260 0.106140 -0.054668 0.215411 0.210268 -0.016200 -0.016805 -0.196222 -0.174120 -0.317101 -0.136384 0.004578 0.029571 0.182339 0.084177 0.041507 -0.069717 0.011724 -0.190575 -0.197730 0.127063 0.007994 0.042158 -0.047506 -0.189894 0.152255 -0.079423 -0.277990 -0.042991 0.111668
0.072960 -0.064808 -0.006616 -0.125826 -0.136918 -0.110058 0.250568 -0.274651 0.051245 -0.202233 -0.207836 0.042715 0.014184 0.053296 0.035117 0.082759 -0.104301 -0.146557 -0.049655 -0.118687 -0.310329 0.039107 -0.173884 -0.071490 0.065751 0.208209 0.006184 -0.139678 0.022266 -0.299572 -0.180202 0.155385 0.169313 -0.129022 -0.203217 -0.050996 -0.261586 0.117484 -0.146307 0.042624 0.076855 -0.161326 -0.093409 -0.165350 0.038676 0.003294 -0.241695
-0.028086 0.046788 0.108730 0.087773 -0.415547 -0.106035 -0.103412 -0.285251 0.027199 -0.201309 -0.092919 -0.133673 0.076712 0.054233 -0.099651 0.164413 -0.126816 -0.106461 0.088191 0.279101 0.018408 0.029586 -0.067235 0.027118 -0.001850 -0.005764 -0.147721 -0.028318 -0.035633 0.146445 -0.166200 0.002156 -0.132360 0.193220 0.020041 -0.074100 -0.191887 0.028647 0.167369 0.137775 0.110358 -0.070555 0.002686 -0.027904 -0.185673 0.059441 0.212194
0.050250 -0.201045 -0.051915 -0.022817 0.187251 -0.018889 -0.258421 -0.050934 -0.059880 -0.121597 -0.000241 -0.123783 -0.158877 0.050696 -0.185290 -0.109619 -0.181464 0.094093 -0.207014 -0.000445 -0.133518 -0.266965 0.196351 0.281783 0.012462 -0.052928 -0.188117 -0.250775 -0.012582 -0.196336 0.051785 0.183419 0.158312 0.308789 0.113221 -0.064253 -0.099555 -0.092080 0.071891 -0.013652 -0.088281 -0.035414 -0.088583 0.313295 -0.059502 -0.070896 -0.064385
-0.040133 -0.099011 0.012168 -0.045049 0.309643 -0.064064 0.055719 0.007175 -0.144750 -0.300952 -0.146092 -0.160308 -0.111342 0.000235 -0.205470 -0.089019 -0.170978 0.228596 -0.117352 -0.016592 0.069013 -0.058506 -0.128175 -0.098696 -0.092134 0.013005 -0.044021 -0.133590 0.001157 0.134763 -0.002709 -0.115752 0.051257 0.183771 0.035503 -0.007780 -0.299473 0.073916 -0.056365 0.041492 -0.028798 -0.319694 0.201752 -0.082026 -0.234074 -0.061644 0.182950
0.203165 -0.000468 -0.249407 -0.173571 0.142854 -0.074502 0.105258 0.055150 -0.216191 0.223024 0.076884 -0.129684 0.061959 0.067158 -0.113922 -0.046097 0.119474 0.057032 -0.047320 -0.043536 -0.282571 0.042167 0.108266 -0.111472 0.186652 -0.025640 0.021089 -0.272172 -0.008124 0.018895 -0.037081 -0.255715 -0.062638 -0.176634 0.139872 -0.209375 0.048416 -0.023369 0.111734 0.034624 -0.049798 0.093457 -0.029236 -0.121349 -0.007133 -0.238457 0.096670
0.056631 -0.173221 0.045127 0.045743 0.016387 0.053086 -0.091719 0.202379 0.002055 0.268795 -0.032251 -0.041312 0.036211 -0.083041 0.165458 -0.017392 0.085341 -0.035411 -0.148793 -0.127851 -0.147543 -0.173719 0.119294 0.050159 0.059454 -0.064777 0.074082 -0.014559 0.042740 0.066251 -0.007417 -0.110498 0.149256 -0.194469 -0.162011 -0.013302 0.097365 -0.183618 -0.142679 -0.045434 -0.049954 0.096915 -0.054832 0.033749 0.126903 -0.051625 -0.123273
-0.037514 -0.002935 -0.027482 0.116144 -0.378148 0.162318 0.055724 -0.190433 0.000396 -0.151972 -0.005758 -0.048315 0.081579 -0.114540 0.028291 0.159080 0.177373 0.109241 0.018583 0.154970 0.055100 -0.007463 0.145117 0.037810 -0.024125 0.002304 -0.124040 0.001814 0.108848 0.058721 -0.201231 -0.211226 0.021457 -0.089838 -0.034757 -0.097036 -0.044248 0.050574 -0.010249 0.089038 0.113672 0.029361 0.192553 0.021792 -0.132697 0.029353 -0.057342
-0.152652 -0.152981 0.251933 -0.027817 -0.109497 0.017915 -0.214876 -0.314454 -0.102348 -0.201233 -0.198192 -0.098194 -0.102501 -0.047378 -0.125826 -0.189977 -0.140248 -0.222450 -0.164769 -0.265205 0.247923 0.129336 -0.017858 -0.057315 -0.131973 -0.257275 0.277583 0.308812 -0.074422 -0.128060 0.086329 -0.049257 -0.117701 0.088636 -0.064178 0.196139 -0.151636 -0.087218 -0.130768 -0.087212 -0.181781 -0.100695 0.013228 -0.050325 0.034792 0.318246 -0.139779
-0.136355 -0.033968 -0.093629 -0.147819 0.189343 -0.215848 -0.097040 0.004920 -0.189478 0.035473 -0.338259 0.008868 0.058994 -0.083525 0.403100 -0.057096 -0.154957 -0.124368 0.102822 -0.284016 -0.015231 0.116678 -0.098867 -0.246078 -0.147855 -0.222566 -0.093547 -0.124544 -0.190422 0.025420 0.022816 -0.013004 -0.018623 -0.181382 -0.117573 0.334013 -0.099521 -0.195076 -0.084715 0.225118 -0.034523 -0.044774 -0.195488 -0.130697 0.009744 -0.262805 0.320669
0.123186 -0.218963 -0.167258 -0.313823 -0.079808 -0.115128 -0.075499 -0.073621 -0.163634 -0.151963 0.150262 -0.094465 0.022523 0.054238 -0.266090 -0.152025 0.007766 0.079938 -0.211147 -0.028872 0.223295 -0.163819 0.033551 -0.077783 0.171224 -0.160746 -0.035777 -0.180963 -0.165530 0.254467 -0.076555 -0.204841 -0.091224 0.082372 -0.000197 -0.154890 0.014849 0.083546 0.107349 -0.128391 -0.090810 -0.066344 0.073921 -0.025981 -0.060855 -0.062497 0.376442
0.070104 -0.111555 -0.388006 -0.249152 -0.067817 -0.010927 0.029014 -0.020634 -0.246439 0.014659 -0.000347 -0.012221 0.317933 -0.143470 -0.030708 0.103555 0.212388 -0.037879 -0.098209 -0.293277 0.010032 -0.085086 0.208618 0.026755 0.085743 -0.059345 0.079993 -0.002663 -0.003721 -0.002730 0.037385 -0.102174 0.022957 -0.236212 -0.026668 -0.216695 0.153863 -0.094670 -0.049063 0.021335 0.091983 0.032166 -0.021932 -0.005070 -0.006688 0.093589 -0.051430
-0.114013 -0.026941 0.155421 -0.025201 -0.056382 -0.116433 -0.169784 -0.058103 -0.052321 -0.053941 0.073339 0.111540 0.069771 0.195184 -0.002891 0.127266 -0.053125 -0.046315 0.115026 0.035261 -0.129209 -0.027329 -0.067781 0.154180 -0.097625 0.282262 0.035206 0.088043 0.100827 0.023885 -0.113994 -0.024726 0.090140 0.030624 -0.109892 -0.042258 0.202936 -0.006628 0.230889 0.105326 0.085952 -0.096523 -0.102001 -0.036173 -0.053220 0.049994 0.045869
0.322073 0.362779 0.345568 0.035722 0.333389 -0.334459 0.239758 0.578906 0.252445 0.146312 0.215061 0.197992 0.256805 0.247302 0.128856 -0.031030 0.083873 0.320241 0.270910 -0.004307 0.181522 0.373434 0.180292 0.179856 0.360184 0.414920 0.272524 0.351144 -0.350257 0.403841 0.424137 0.312261 0.088864 0.235241 0.303994 0.429926 0.398863 0.177163 0.348846 0.390793 0.055963 0.149153 0.185022 0.228600 0.375664 0.256615 0.474713
0.168577 -0.136372 -0.019844 0.068975 -0.396224 0.029375 -0.057859 -0.257447 0.330899 0.040497 -0.288634 0.019530 -0.010863 -0.138621 0.176069 0.098711 0.149903 -0.591146 -0.228529 -0.435393 -0.343199 -0.156423 0.661410 -0.635025 0.184093 -0.379477 -0.047814 -0.270342 -0.128420 -0.031573 -0.045325 -0.360202 -0.304395 -0.385236 -0.123095 0.180660 -0.279591 -0.195652 -0.368801 0.228515 -0.072277 0.033042 -0.548636 -0.636479 -0.136185 -0.329359 -0.060057
0.027972 -0.170099 0.328351 -0.034651 -0.491426 -0.070291 -0.315898 -0.208879 -0.042353 -0.047998 0.035553 0.042475 -0.073665 0.217424 -0.163155 -0.148252 -0.191460 -0.364568 -0.101237 -0.038182 -0.316474 -0.128678 -0.027249 0.093844 0.121085 0.209421 0.052093 0.078890 0.047433 -0.137613 -0.163177 0.373625 0.105398 -0.036049 0.134094 0.014190 0.212919 0.117007 0.210760 0.028349 -0.203409 0.213468 -0.247468 0.087478 0.255148 0.352903 -0.169996
0.121818 0.129740 0.094013 -0.245311 0.060369 -0.050883 -0.014186 0.199149 -0.192580 0.008214 0.079454 -0.282605 -0.017553 0.033557 -0.110432 -0.084965 0.013183 0.190654 0.063323 0.075407 -0.125028 0.061759 -0.154644 0.043660 0.078532 -0.118097 0.008149 -0.127112 -0.219112 0.008114 0.048435 0.113065 -0.080537 -0.074850 -0.067587 -0.000795 0.090552 -0.192272 0.083547 -0.098427 -0.037065 -0.002752 0.007129 0.038580 -0.029934 -0.186349 0.008961
0.102834 0.132429 0.245030 -0.342436 -0.021064 -0.048031 -0.056292 0.038232 -0.334970 -0.066311 -0.007113 -0.263293 0.169598 0.221969 -0.175046 -0.043511 -0.001459 0.059683 0.053838 -0.027762 -0.010721 0.237017 0.046716 0.174361 0.128839 -0.006062 0.091579 0.025806 0.035460 -0.002203 0.033589 0.150432 0.074331 0.111419 0.107047 0.159386 -0.077106 0.047664 0.138072 0.079993 0.066975 -0.025348 0.120123 0.187584 0.002470 0.113097 0.112460
0.035606 0.069547 0.035785 0.245917 0.012994 0.417546 -0.056288 0.040099 -0.210467 -0.056325 0.038482 -0.087825 -0.020096 0.056014 -0.220518 -0.067879 -0.079667 -0.050542 0.030007 0.118841 -0.039022 -0.027916 0.109698 0.025330 -0.002628 -0.004667 -0.009718 -0.001437 0.205323 -0.052132 -0.053517 0.043519 0.029003 -0.023977 0.072617 -0.044853 -0.055315 0.042557 0.017097 -0.042960 -0.085740 -0.065930 0.045273 0.140551 -0.284885 0.123096 -0.145849
0.166013 -0.210067 -0.144608 0.002333 0.246175 0.062416 0.061967 -0.040395 0.134104 -0.023517 -0.124224 0.104436 0.129540 -0.099053 0.129750 -0.054055 0.070379 0.022738 -0.203165 -0.103807 0.148968 -0.140819 0.135996 0.013443 0.118726 0.012823 -0.005067 -0.002583 0.006367 -0.090583 0.042547 -0.031726 0.053771 0.077994 -0.036907 0.042880 -0.193600 -0.055084 -0.173091 0.167117 -0.023953 -0.031012 -0.066687 0.086034 0.151463 -0.039861 0.022112
0.035388 0.039276 -0.209885 -0.262612 0.080634 0.199895 0.115625 -0.320682 0.022827 0.008262 0.095192 -0.029831 0.070269 -0.049553 0.244081 0.167845 0.090315 0.008138 0.056072 -0.007092 0.127134 0.056358 -0.061193 -0.090591 0.038089 -0.208881 0.010091 -0.021585 0.056315 -0.068889 0.012564 -0.049124 -0.146541 0.012719 -0.040937 -0.263646 0.035152 0.116683 0.149767 -0.016652 0.132251 0.069798 0.109586 -0.092158 0.026167 0.030610 0.053884
-0.334391 -0.127790 -0.206097 -0.212664 0.095919 -0.014920 0.050367 -0.073269 -0.079625 -0.362165 -0.357242 -0.242382 -0.019171 -0.220183 -0.056072 -0.083472 -0.095834 0.092792 -0.060810 -0.200327 0.270267 -0.061068 0.012715 -0.106988 -0.323194 -0.231256 -0.092390 -0.059264 -0.208102 -0.047101 0.292989 0.186921 0.000018 0.217092 0.395625 -0.057304 -0.255587 -0.086154 -0.228358 -0.119345 -0.097593 -0.288821 -0.067167 -0.111113 -0.307919 0.214013 -0.080684
0.026033 0.263623 0.013559 0.008404 -0.049006 -0.237157 -0.136439 0.185975 0.076358 -0.003487 -0.012188 -0.008916 -0.046759 0.003784 -0.037814 0.045016 -0.034368 -0.010456 0.066537 0.001384 0.008103 0.129015 -0.014834 -0.030940 0.031985 0.147966 -0.012596 -0.055532 -0.280431 0.000570 0.022696 0.122553 -0.226460 -0.012567 0.215042 0.077823 -0.050374 -0.085266 0.060756 -0.067690 0.059476 0.081190 -0.087275 -0.028647 0.162058 -0.030430 0.075981
0.063341 0.126911 -0.098600 -0.051843 0.266903 0.000492 0.143077 -0.153919 -0.032965 0.169423 -0.168133 -0.128029 0.036610 -0.097307 -0.049255 0.002546 0.016519 -0.099639 0.071596 -0.064613 -0.084153 0.027799 -0.115254 -0.044935 0.006387 -0.023315 0.067364 -0.120560 0.069490 0.028245 0.052921 -0.045089 0.007154 -0.014626 0.130399 -0.149828 0.036411 -0.108418 -0.014000 0.148615 -0.014960 0.089744 -0.122373 -0.081237 0.066472 -0.091073 0.077228
-0.109831 -0.007370 -0.047985 0.117223 -0.009889 0.223055 -0.151377 0.160546 -0.397920 -0.059487 -0.052938 0.064316 0.017561 -0.021016 0.226845 0.144006 0.083763 -0.064342 0.143883 -0.125821 -0.003902 -0.036677 0.018035 -0.015010 -0.087886 0.023763 -0.075830 0.046355 -0.198015 -0.101995 -0.035618 0.103977 0.015447 -0.019001 0.034732 0.114516 -0.060857 0.007192 -0.058343 0.103818 0.087464 0.059646 -0.033122 0.027069 0.017770 -0.011378 -0.186824
0.006564 -0.051261 0.077810 0.017513 0.060459 0.040204 -0.092044 -0.280105 -0.108119 0.126613 0.245533 0.069984 0.010530 -0.007866 0.086904 0.045699 0.074200 0.139411 0.117918 0.164166 -0.273133 -0.027171 0.065870 -0.053654 -0.129974 0.008123 0.098311 0.024720 -0.134072 0.020068 -0.080984 0.003952 -0.180476 -0.007442 -0.091176 0.101394 -0.137503 -0.022827 0.147970 0.138407 0.062874 0.018171 -0.231650 -0.000797 0.091821 -0.000792 -0.044900
-0.123877 -0.008875 -0.160170 -0.227224 0.024586 -0.346978 0.024196 -0.018454 0.097479 0.002389 -0.027869 0.030568 -0.133462 -0.138169 0.028844 0.116003 -0.036832 0.028625 -0.071950 -0.106183 0.017221 -0.037903 -0.233903 -0.042841 -0.153185 0.202851 -0.051537 0.097203 -0.231332 -0.032189 -0.202554 -0.029786 -0.065041 0.027831 -0.058168 -0.120409 -0.122433 0.005602 -0.155295 0.035944 0.167291 -0.060420 -0.025327 -0.161607 0.076556 -0.087677 0.073573
0.238592 -0.209448 0.046557 0.013527 -0.195399 0.160996 0.019794 -0.027448 0.093723 -0.068140 -0.085420 -0.033216 0.122801 0.053023 -0.028113 -0.209648 -0.023923 -0.077078 -0.139161 -0.006569 -0.180012 -0.192876 0.093142 -0.024914 0.219152 -0.068583 0.007262 -0.083520 0.047369 -0.075358 0.180957 0.108601 0.127883 -0.071148 -0.014772 -0.048892 0.166826 -0.002785 0.025415 -0.002430 -0.252033 0.002114 -0.222865 0.021825 -0.030610 0.070651 -0.037772
0.083022 -0.006956 -0.042708 0.395056 -0.141735 0.159675 0.111687 0.092243 -0.106183 0.110367 -0.013161 0.153899 0.251645 -0.034895 0.094563 -0.005178 0.295744 -0.023725 -0.036312 -0.017533 -0.095560 -0.073627 0.115002 -0.010451 0.031049 -0.073369 -0.038078 -0.161210 0.143913 -0.088758 -0.091240 -0.105116 0.054630 -0.225887 0.014654 0.067111 0.028562 0.110291 -0.027670 -0.083456 0.066665 0.123084 0.006060 -0.011989 0.041613 -0.174167 -0.071347
-0.044838 0.236244 -0.204769 0.065983 -0.032541 0.206306 -0.076951 0.175412 -0.064709 0.125394 -0.206703 0.029086 -0.154492 0.033274 -0.004480 -0.209670 -0.012842 -0.179674 0.204232 0.177560 -0.035920 0.210724 0.087737 0.046750 -0.080455 -0.124629 -0.263641 -0.135690 0.106960 0.171263 0.055162 0.120289 0.029846 -0.158738 0.156115 -0.068467 -0.138854 0.057084 0.012576 -0.023488 -0.141999 0.138054 -0.030908 0.197867 0.011874 0.069540 -0.032931
-0.121338 0.142667 0.091506 0.154801 0.005954 -0.039466 0.077214 0.120648 -0.042068 0.082610 -0.156859 -0.064079 -0.038543 -0.107732 0.041804 0.053807 -0.013304 -0.110961 0.218823 0.168496 -0.101587 0.211461 -0.259812 -0.261184 -0.125539 -0.089561 -0.031741 -0.193098 -0.059586 0.142502 -0.026289 -0.096109 -0.073453 -0.220923 0.117408 0.115542 -0.130547 -0.121626 -0.133113 -0.064784 -0.048257 0.096348 -0.099467 -0.279080 0.050510 -0.225446 0.059747
-0.060860 -0.088018 0.155912 -0.012021 0.248380 0.087909 0.023123 0.064040 -0.182206 0.222356 0.012545 -0.108154 -0.172763 -0.107587 0.088166 -0.175724 0.091671 0.011174 -0.175485 -0.205740 -0.077352 -0.128068 0.165926 -0.179564 -0.074816 -0.091055 0.168869 0.037040 -0.026059 0.018178 0.192664 -0.000002 0.480504 -0.173722 0.133884 0.106817 0.276393 0.049527 -0.110703 0.047128 -0.179823 0.122461 0.044128 0.027429 0.165644 0.060262 0.060230
0.097705 0.186593 0.002433 -0.086082 0.180600 -0.015129 0.160236 0.063982 -0.010868 -0.100312 0.110021 -0.091802 -0.083145 -0.062877 -0.240238 -0.120268 -0.042585 0.008607 0.102853 0.190058 0.157999 0.007767 0.013194 0.012410 0.019517 0.037216 -0.096081 0.052080 -0.015427 -0.035223 0.162592 0.099092 -0.131831 0.075660 0.068739 -0.102887 0.071735 -0.044495 -0.052150 -0.276512 -0.066772 -0.054693 -0.043884 0.014773 -0.091313 0.124213 -0.095986
-0.004212 0.183681 0.212065 0.268884 -0.095130 0.021745 0.101322 0.048300 -0.139302 0.196626 -0.086108 0.177638 -0.011142 -0.020579 0.109398 0.032265 0.028952 -0.054550 0.043849 -0.181431 -0.198663 0.113749 -0.101142 -0.045152 -0.062738 0.296518 0.097614 0.248197 0.218324 -0.159110 -0.222655 -0.010387 0.064885 -0.245459 -0.092620 0.112630 0.098376 0.340293 -0.051485 0.321789 0.138449 0.090817 0.326945 0.231459 0.221865 0.245195 -0.186723
-0.002728 0.037306 0.032987 -0.218924 0.327884 -0.154893 -0.176267 0.033175 0.038492 -0.070062 0.320133 -0.114974 -0.036608 0.062216 -0.130131 -0.003959 -0.072681 0.287631 -0.054418 -0.035299 -0.052314 -0.010159 -0.109745 -0.022396 0.021863 -0.034024 0.118035 -0.005430 -0.095260 -0.028029 -0.100735 -0.213927 -0.131554 0.058166 -0.062776 -0.076449 0.187729 -0.077340 0.237546 0.044271 -0.009434 -0.134005 0.030780 -0.123443 -0.124748 -0.105479 0.071432
0.218616 -0.148659 0.061049 0.114968 -0.245140 0.084702 0.123339 -0.096245 0.065197 -0.035869 0.172805 0.142789 -0.098014 0.117029 -0.097388 -0.020367 0.196596 -0.019358 -0.156418 -0.083474 -0.150729 -0.149248 0.129792 -0.043436 0.162641 0.023321 0.186115 -0.032622 0.138687 -0.164534 -0.175529 -0.255873 0.061974 -0.116632 -0.208921 -0.000892 0.050076 0.019465 -0.050552 -0.051525 -0.063916 -0.074816 -0.060948 -0.101977 -0.195129 -0.181580 -0.232745
-0.221679 -0.191507 -0.162873 -0.112616 -0.069698 -0.103606 0.419204 -0.104458 -0.164396 0.044441 -0.216350 0.047572 -0.196093 -0.258740 0.056966 -0.004165 0.376408 0.024937 -0.259076 -0.292460 0.044013 -0.107802 -0.150866 -0.321589 -0.192477 -0.074023 0.301644 -0.108060 -0.148510 0.067148 -0.107194 -0.249426 0.146767 -0.331421 0.096177 -0.058199 -0.200355 0.233539 -0.153400 -0.081616 0.027299 0.100015 0.225086 -0.266007 0.066990 -0.080851 -0.081712
-0.102120 0.020549 -0.125897 0.036985 0.141352 0.123471 -0.248011 0.204747 -0.389814 0.030928 -0.203783 -0.169712 0.010566 -0.035653 -0.206359 -0.038857 -0.195984 -0.169536 -0.021838 -0.146799 -0.120284 -0.006920 0.144869 -0.028690 -0.091507 0.072775 -0.146260 -0.139383 -0.075222 0.094268 -0.026137 0.102501 0.003575 -0.129719 0.081884 -0.095810 -0.103256 -0.124341 -0.143070 -0.060133 -0.126839 -0.130256 -0.076607 0.151964 -0.034044 0.089244 0.006122
0.025423 -0.019125 -0.084994 0.028017 -0.017043 -0.243801 -0.143195 0.109684 0.102251 -0.023086 0.190496 0.215108 0.023158 0.182087 -0.078774 -0.170321 0.089558 0.126125 0.124602 0.183865 -0.135472 0.025765 0.031530 0.225406 0.017554 0.053370 -0.027928 0.020582 0.007781 0.101702 0.061982 -0.009438 0.088522 -0.034257 -0.013513 0.166797 0.278655 -0.108351 0.088182 -0.248936 -0.177515 -0.052647 -0.069780 0.109672 -0.074333 -0.110119 -0.131416
-0.003730 0.029586 0.138791 -0.053905 -0.200315 0.423960 0.092929 0.041989 -0.229428 -0.148716 -0.179357 -0.131997 -0.035634 -0.006445 0.196666 0.000744 -0.084645 -0.061563 -0.096419 -0.246566 0.246858 -0.057702 0.021630 -0.201413 -0.076957 -0.279936 -0.007584 0.032773 -0.291773 -0.052054 -0.085640 0.002385 -0.107920 -0.047326 -0.126018 -0.058448 -0.084896 0.123719 0.072508 0.113946 -0.066793 -0.098188 0.075631 0.046407 -0.057640 0.121821 -0.030702
0.032641 0.078416 0.088000 -0.013560 0.068575 -0.025721 -0.015943 0.045325 -0.354276 -0.057297 0.004477 -0.086652 -0.150142 0.232971 -0.290443 -0.319240 -0.123356 0.149119 0.046376 0.193708 -0.204807 0.094928 -0.014145 0.272520 0.015091 0.044909 -0.079364 -0.121848 -0.009455 0.017614 0.257932 0.165738 0.168551 -0.056129 -0.040061 -0.069750 0.043837 0.083618 0.181957 -0.046957 -0.307045 -0.157659 0.090243 0.185391 -0.134488 -0.102864 -0.024736
-0.043095 0.029438 -0.096730 -0.015581 0.164202 0.070704 -0.002785 0.131901 0.115712 0.179776 -0.150932 -0.083048 -0.137024 -0.143531 -0.165781 0.121077 -0.026818 -0.162774 -0.085101 -0.121963 -0.110199 -0.085457 -0.203645 -0.191803 -0.061963 0.282641 0.237699 -0.015104 -0.075051 0.106795 -0.176801 0.056970 -0.014876 -0.142106 0.215068 -0.141425 -0.172718 -0.047777 -0.054341 -0.118469 0.117917 0.028774 -0.264999 -0.191068 0.080312 0.144514 0.019134
0.090443 -0.049137 0.121104 0.106599 0.074474 0.284107 -0.134062 0.185222 -0.036577 -0.080825 0.000092 0.167311 -0.044972 0.090161 0.092453 -0.053216 0.004260 -0.092576 -0.040902 -0.051988 0.061518 -0.022406 0.093308 -0.078032 0.035281 0.013110 -0.013471 0.008191 -0.356073 0.027585 0.026439 0.174737 0.033773 -0.024077 0.037475 0.148434 -0.122449 0.161153 0.022865 -0.108570 -0.103875 0.032666 -0.199258 0.028411 0.023189 0.128598 -0.023048
-0.014672 0.150281 0.046251 0.137527 -0.224529 0.134942 0.053049 -0.114888 -0.162367 0.003014 -0.109357 -0.213462 0.118388 -0.070855 0.128978 0.027400 -0.105218 -0.052318 0.177548 0.188488 0.223556 0.104782 -0.274016 -0.072779 -0.108147 -0.231200 -0.098454 0.004898 0.015867 -0.108498 -0.197536 -0.302205 -0.258415 0.062643 -0.252936 0.000467 -0.108402 -0.082241 -0.186392 0.206022 0.049213 0.008972 0.552478 0.276027 -0.001728 -0.112845 -0.021883
-0.104770 -0.176079 -0.008830 -0.009916 -0.209673 0.306896 -0.062092 -0.190431 0.332977 -0.100890 -0.182640 0.117012 -0.002897 -0.104533 0.143589 0.005267 -0.022780 -0.181415 -0.170183 -0.050666 0.187774 -0.150104 -0.167001 -0.041717 -0.087286 0.206896 -0.093000 0.030026 0.045493 -0.128378 -0.162670 0.090660 -0.038784 -0.056237 0.076574 -0.105881 -0.218108 0.050993 0.009781 -0.074778 -0.052284 -0.059341 -0.193359 -0.222946 -0.092243 0.043441 -0.208989
-0.103204 -0.103561 -0.021754 0.157356 -0.171529 0.237692 -0.249507 -0.251118 -0.094068 -0.138084 -0.128701 0.026014 -0.043786 0.017565 -0.102860 -0.090589 0.003098 -0.105186 -0.019346 0.248584 0.084525 -0.066307 0.037771 0.168087 -0.085118 0.035554 -0.110696 0.018393 0.265804 -0.090982 0.075708 0.110607 0.164309 -0.013975 -0.050723 -0.094652 -0.102637 -0.019343 -0.060695 -0.025023 -0.116025 0.044163 -0.061149 0.080160 -0.151021 -0.018546 -0.153932
-0.059854 -0.024082 -0.103824 -0.197692 -0.011902 -0.077824 -0.112660 0.342679 -0.318955 -0.145336 0.035535 -0.115410 -0.008424 -0.016256 -0.081670 0.147740 -0.022647 0.161338 -0.064220 -0.141051 -0.057252 -0.068895 0.103598 0.040924 -0.075168 0.046236 -0.093439 -0.046599 -0.144839 0.133383 0.063277 0.066999 0.175940 0.098620 0.164790 0.068450 0.031423 -0.013797 -0.042840 0.119310 0.030617 -0.117819 0.030714 0.125917 -0.147006 0.038526 0.103851
