10.702607 5.883730 21.906380 -12.824992 -1.434684 0.630000 6.824864 12.451220 4.248108 -16.441387
-26.622905 0.491839 -1.002994 -4.704447 64.200931 3.364510 -4.155248 3.023813 6.503231 12.211207
21.190987 1.723925 -2.884429 -8.478526 7.311027 6.117989 -7.375920 6.217415 11.622606 23.643440
37.273497 31.669990 -8.775567 4.118011 -3.168986 4.174253 -27.308885 2.178572 0.072047 0.696429
52.508290 -1.050910 2.999070 8.256896 -6.818740 -5.975126 7.635656 -5.703054 -13.601615 -23.161536
-17.385943 15.450995 -16.638824 15.562273 6.549584 -24.673351 -16.598309 -3.726003 19.044315 21.389699
0.389820 2.038601 0.643351 -0.599992 0.419152 0.333928 49.086899 0.146697 -0.193081 0.427910
0.289535 -0.212497 -0.164624 0.220334 -0.139727 59.728812 -0.122772 -0.251610 0.541977 -1.482493
-8.669977 -1.795091 0.823888 3.796513 -3.314088 -2.773524 -36.030608 -2.639379 63.099279 -9.498260
-35.451792 22.025164 18.507648 -6.956137 16.750572 -10.903958 -22.385097 -11.839419 -13.221173 -8.729099
-5.979578 -1.392488 -16.031210 7.113499 -6.050857 -5.333421 6.493138 51.945428 -11.909055 -20.251247
0.181206 -1.312078 0.061245 0.246436 -0.017666 -0.160776 0.036262 -0.179543 -0.175535 67.159745
104.361762 -5.684651 -9.027943 -6.974559 -47.071674 15.740949 -1.043980 90.729841 81.397141 15.582133
-360.831034 3.758019 26.059158 -2.240770 139.210124 -40.925845 -10.318956 -264.126872 -257.201799 -69.140096
-28.807067 13.589467 0.772283 -1.178314 -7.132676 0.616344 -14.698864 4.125172 8.221457 4.158125
-79.479788 13.059952 41.997592 -37.665069 14.094479 -5.027890 0.784770 -59.786118 -70.407512 -22.291520
92.420632 -47.141371 -8.035626 21.590712 -42.374142 20.347500 11.173186 95.009490 111.438057 9.611782
64.206078 20.523820 -60.824503 52.360418 29.957963 -16.362888 6.231256 -7.876505 -5.519093 6.034004
39.078807 -25.991249 65.221271 -54.173797 -42.230967 15.536663 20.867692 25.428516 2.460234 0.433791
-74.069000 -15.857559 -14.789480 46.945271 13.236566 7.598759 -30.511626 -20.208393 -1.675619 -23.151009
46.400923 49.017402 -62.635151 17.888028 -3.370322 -18.053271 -22.086944 -2.222882 17.492686 4.458028
55.258509 -0.676332 0.026754 0.105734 -0.092108 -0.064833 0.039110 -0.098321 -0.065591 -0.319300
725.058844 38.014183 -49.964298 -10.943214 -99.859699 8.069254 -18.533506 219.828954 214.274218 85.427817
-18.013326 32.790617 -60.909722 41.321446 44.679196 -27.420835 -24.454330 -23.077049 -16.425526 -17.993018
-34.533706 -23.354717 47.999957 -41.098257 0.809720 0.465760 24.928935 5.032536 -22.351997 -1.688687
-17.629135 43.455465 3.509049 -1.054654 0.706742 -2.620938 -21.319418 -1.297131 -0.323071 -1.074951
-5.829165 -0.513304 0.722222 70.305701 -1.581227 -1.389543 1.526555 -1.338470 -2.974752 -5.944249
-44.885622 10.779827 3.053211 17.623153 -1.100454 -18.273838 11.618958 -28.305883 -29.923067 3.415840
-472.926767 -57.625381 33.470004 11.004193 35.080385 15.241039 26.251159 -66.351774 -59.303997 -46.091551
-81.558668 14.019379 9.952829 4.637036 10.451381 -7.991448 -2.599653 -12.174841 -0.589904 -0.840747
-44.835741 -1.248342 50.897293 4.804979 -4.293147 -3.505148 3.938769 -3.708510 -5.658969 -13.545046
-168.631047 36.503428 4.967434 -38.124402 6.697419 -23.664592 -18.740066 -70.424515 -57.027138 30.580671
