-0.148514 -0.002215 0.022320 0.035695 -0.000814 -0.044404 0.081024 -0.107466 -0.007190 -0.122630 0.060640 0.016834 -0.070562 -0.034557 0.070065 -0.042531 0.109945 0.078752 -0.070905 0.071806 -0.003271 0.157020 -0.039088 -0.106536 0.134422 0.016497 0.064861 0.104707 0.065605 0.181125 0.084752 -0.010497
-0.020150 0.019144 -0.010133 -0.142646 0.093537 -0.020662 -0.001302 0.102266 -0.019730 -0.117431 -0.055062 0.216663 0.013698 0.221620 -0.001199 -0.141620 0.114302 -0.044313 0.031944 0.167622 -0.022926 -0.003179 0.089277 -0.107130 0.066782 -0.029224 -0.066389 -0.012104 0.023677 0.039624 -0.047527 -0.013158
-0.009476 -0.013995 0.136237 0.004211 -0.042886 0.042674 0.061162 -0.110064 0.055100 0.082170 0.018306 -0.104462 0.089935 -0.034775 0.056210 0.064667 0.034332 0.004941 0.075746 -0.018922 0.012048 -0.009080 0.106699 0.014307 -0.047686 -0.159138 -0.022753 0.060941 0.133755 0.096428 -0.223689 0.020225
0.032769 0.107841 -0.010468 -0.054281 0.027467 -0.051986 -0.131531 0.113465 -0.100751 -0.014421 0.072677 -0.063240 0.067299 0.038002 -0.030389 0.026481 0.063624 0.049036 0.081755 0.024508 0.113353 -0.034250 -0.005306 -0.096605 -0.057494 0.161308 0.086468 0.079503 -0.093457 -0.055600 0.067673 -0.233749
-0.001967 -0.113592 -0.022514 -0.088597 0.271537 -0.139972 -0.057550 0.095800 0.069984 -0.026914 0.058867 -0.057003 0.148824 0.118863 -0.037801 -0.066262 0.020845 0.025516 -0.105390 0.030548 -0.218517 0.126346 -0.088521 0.029826 0.030862 0.135942 0.028266 -0.006754 0.139499 0.069542 -0.009451 -0.135225
0.004944 0.012034 -0.097998 0.072610 -0.010436 0.088674 0.118528 0.067852 0.008140 -0.023902 0.148698 -0.038592 -0.220236 0.044087 -0.046747 -0.147836 0.102168 -0.083931 0.051857 -0.027549 0.057455 0.025504 0.049132 -0.038111 0.091352 0.015216 -0.075484 0.052096 0.078270 0.042606 -0.014734 0.016012
0.018747 -0.027868 -0.045046 -0.022592 0.054793 -0.014284 0.017342 0.004279 0.064100 0.110995 0.040158 -0.011410 0.045470 -0.027212 0.074378 -0.101722 0.035642 0.031841 -0.046179 -0.041994 0.032656 -0.131394 -0.189439 0.001255 0.008149 0.084939 -0.075978 0.028786 0.141522 -0.027187 -0.147088 0.083396
-0.191030 -0.199765 0.117780 0.019977 0.053207 -0.088385 0.066256 0.008521 0.101304 0.041469 -0.046109 -0.157995 -0.104726 -0.083655 0.024373 0.002215 -0.168013 0.019829 -0.013261 0.001752 -0.053149 0.039799 -0.186397 -0.082915 -0.136053 -0.078576 0.010508 -0.074167 -0.137704 -0.110308 0.074354 -0.231324
-0.082279 -0.085536 0.121036 0.042695 -0.038064 0.071535 -0.024421 -0.037042 0.016920 0.052496 0.057866 0.044987 -0.025155 0.007022 -0.083857 -0.124294 -0.046084 0.035220 0.003248 -0.049957 -0.078723 -0.035746 0.111013 -0.169075 0.115952 -0.036658 0.086371 0.071066 0.057908 -0.007169 -0.067471 0.062733
-0.032899 -0.106256 0.029130 -0.039988 -0.057159 0.017852 -0.009722 0.110361 0.124720 0.038086 0.044426 0.019411 0.150183 -0.034670 -0.134654 -0.103252 -0.079548 0.034221 -0.078646 -0.034253 0.002117 0.059873 -0.112806 0.165482 -0.082135 0.021892 -0.122283 -0.034359 -0.075341 0.146682 0.035590 -0.124757
-0.032290 -0.052155 -0.058010 0.023028 -0.021180 0.036502 -0.006953 0.058755 0.016960 0.015091 0.041345 0.197547 -0.012431 0.001235 0.091089 0.073885 -0.020545 -0.114987 0.079546 -0.068326 0.028553 -0.014242 -0.048396 0.006728 0.071084 0.014922 -0.005446 0.003498 -0.019574 -0.068193 0.052433 0.092347
-0.049203 -0.153661 -0.012765 -0.033923 -0.023583 -0.097756 -0.002177 0.086613 0.022691 0.068510 0.132578 0.232651 0.075334 0.214447 0.020530 0.002339 -0.058412 0.088956 0.125982 -0.027049 0.214237 0.005160 -0.018140 -0.087676 0.071136 0.028957 0.154480 0.145310 -0.047213 -0.144165 -0.102940 -0.030697
0.010494 0.131028 -0.098371 -0.049994 0.065334 0.086213 0.011059 0.062331 -0.026941 0.115045 -0.155606 0.090324 0.085067 0.019368 -0.100258 -0.002442 0.032674 -0.002546 -0.058496 0.131513 -0.024668 -0.007185 0.186875 0.147716 0.124201 0.084717 0.107715 0.052379 -0.064330 0.052582 0.063096 -0.058638
0.013102 -0.011346 -0.002337 -0.096987 -0.019624 -0.172724 0.068761 -0.056464 0.045048 -0.126640 -0.174606 -0.041878 0.123210 -0.132170 0.110720 0.070798 0.099564 0.063019 -0.001333 -0.059422 0.113385 -0.045078 0.176899 0.065951 0.088295 0.124525 -0.054732 -0.118174 0.030929 0.007524 -0.214146 -0.066505
-0.083584 0.092123 -0.129401 -0.014659 -0.142243 -0.049737 -0.004982 0.001397 0.112632 -0.052647 0.097098 0.020301 0.008515 -0.045739 0.054976 -0.038839 -0.133712 -0.016939 -0.013146 -0.062023 0.003210 -0.249883 0.122632 0.012778 0.109160 -0.069662 0.069796 -0.198869 0.070758 -0.165461 -0.085454 0.020467
0.003724 -0.183207 -0.089440 -0.097111 0.082645 0.040326 -0.022601 0.012412 0.171484 0.090177 -0.126495 -0.223794 -0.096044 0.006945 0.016039 -0.010739 0.044705 0.087974 0.050955 0.106199 0.059135 0.181553 0.196415 0.100063 -0.135997 0.057320 -0.061755 -0.026769 -0.020216 0.052768 -0.138166 0.002409
0.150151 -0.038466 -0.029392 -0.026200 0.051536 0.024712 -0.048556 -0.074394 -0.047354 -0.032824 -0.078027 -0.043770 0.040191 0.060157 -0.028190 0.173575 -0.065200 0.013942 -0.002057 -0.051676 0.012648 -0.030455 -0.000292 -0.102942 -0.058199 -0.060639 0.020489 -0.104307 0.113575 0.015923 0.062927 -0.047252
-0.056514 0.139194 0.086694 0.041755 -0.144681 -0.117841 0.048031 -0.231038 -0.143791 0.024562 0.198742 -0.156605 0.061346 0.171910 0.010309 0.123457 -0.067299 -0.048829 0.111409 0.096874 -0.064830 0.058701 -0.054323 -0.047485 -0.059479 -0.116435 0.002504 0.053703 0.177937 0.075557 -0.043453 -0.109710
-0.104912 -0.079366 0.054316 0.004736 0.086153 -0.079919 0.222812 0.059095 -0.003158 0.003972 -0.218857 0.112372 -0.021525 0.040606 0.030917 0.031430 -0.089921 0.056378 0.049761 -0.171218 -0.035339 -0.045314 -0.022055 -0.082405 0.179904 -0.033325 0.170404 -0.078036 0.135616 -0.066665 0.090197 -0.061411
0.003862 0.019210 -0.113105 -0.179396 -0.061244 -0.148762 -0.055944 -0.024435 0.141905 0.000466 -0.024747 0.036502 -0.092614 0.077241 -0.115965 -0.119909 -0.048087 0.041273 -0.075334 -0.072863 -0.084356 0.024319 -0.022678 -0.051902 0.004149 0.012726 -0.151722 0.100625 0.071849 -0.003748 0.037532 -0.131373
-0.070813 -0.130295 0.062535 -0.012746 0.134463 -0.165671 0.080964 0.091331 0.019125 -0.025087 0.051529 0.000098 -0.107636 -0.070570 -0.165164 0.020229 0.043911 -0.051638 -0.106075 0.119601 0.032405 -0.011793 0.031158 0.049614 0.001812 -0.183279 -0.012756 0.024951 -0.018323 0.034035 -0.082834 0.060687
0.003221 -0.078030 -0.064734 0.184288 0.131933 -0.145004 -0.056048 -0.038870 0.013552 -0.125745 -0.008874 0.051248 0.007312 0.005630 0.145788 -0.018201 -0.015248 0.111059 -0.023967 -0.012776 -0.310408 0.112948 0.056257 -0.234985 0.083335 -0.123093 -0.011518 0.008152 0.056640 -0.108628 -0.110275 -0.084946
0.089277 -0.070433 0.051051 0.088860 -0.079491 -0.221035 0.038554 -0.044998 0.086599 0.003625 -0.025144 -0.086709 -0.044674 -0.023907 0.022261 -0.184074 -0.010945 -0.068346 -0.033706 0.034423 -0.077923 0.089856 0.109230 0.030732 -0.003391 -0.039299 -0.117364 0.031799 0.067669 0.003653 0.033667 -0.110130
0.127405 -0.116683 -0.027665 0.118426 -0.119211 -0.132483 0.134142 -0.065540 0.030775 -0.167767 0.090810 0.113782 -0.158373 -0.050663 -0.002589 -0.047215 -0.021131 0.076159 -0.002742 0.098070 -0.252067 0.014551 0.036239 -0.024297 0.057432 -0.016832 -0.045469 0.123343 -0.162165 -0.122456 -0.212889 -0.197195
-0.082037 -0.208578 0.017550 0.033489 0.025599 -0.076399 0.034650 -0.059377 0.061933 -0.056116 0.053480 0.098359 0.018109 -0.104833 0.003851 -0.051348 -0.028999 -0.033131 0.185490 -0.105821 -0.203087 -0.001651 -0.052343 0.000059 0.079070 0.117420 -0.162111 0.007612 0.032946 -0.095902 -0.061457 -0.281774
0.079898 -0.047668 0.143621 0.120519 0.018348 -0.175174 -0.076613 0.000859 0.065115 0.215788 0.095659 0.186586 0.116981 0.037788 0.059338 -0.048725 0.026467 -0.163742 0.068773 -0.107625 -0.132698 -0.019747 -0.120067 -0.116732 0.069403 -0.057487 -0.030555 -0.091668 -0.043260 -0.114739 0.008632 -0.337639
0.047428 -0.205500 -0.015937 0.085652 -0.054494 0.001691 -0.077863 -0.073049 0.075404 -0.125844 -0.000145 0.036899 0.075876 -0.025403 -0.082406 -0.002616 -0.118909 -0.014628 -0.018045 -0.060496 -0.025555 -0.148395 -0.022463 -0.147246 -0.029262 0.007945 -0.043114 0.035802 -0.002349 -0.108189 -0.065176 -0.088689
0.072202 -0.058104 0.076328 0.053905 0.040856 -0.104263 0.071754 0.050357 0.043945 0.088428 0.030432 -0.044898 -0.210564 -0.024596 0.005181 -0.040246 0.012551 -0.000443 0.006579 -0.022064 0.068318 -0.056258 -0.102407 0.011764 -0.118071 0.018835 -0.081839 -0.230748 -0.148300 -0.255866 -0.019836 -0.221409
-0.052172 0.051407 -0.052910 -0.076344 -0.013015 -0.143423 0.025609 0.023700 0.078177 0.049671 -0.034985 0.026149 -0.073089 -0.002889 -0.200012 -0.049114 0.134955 -0.109239 -0.163554 0.036763 -0.048663 0.033042 -0.115751 -0.054350 -0.116087 -0.004791 -0.164089 -0.020613 -0.066880 -0.151684 -0.050246 -0.085201
0.033126 -0.016000 -0.048646 0.149771 -0.024051 -0.034152 0.158119 -0.043605 0.245099 -0.044874 0.081718 0.052276 -0.165914 0.049610 0.050294 -0.124546 -0.152833 -0.111685 -0.051180 -0.035074 -0.060954 -0.070883 -0.007101 -0.039664 -0.082443 -0.180416 0.090421 0.041838 0.071757 0.057063 -0.014608 -0.040342
0.101375 -0.039387 0.019814 0.087489 0.030211 -0.151674 -0.007672 -0.073795 -0.075900 0.060143 0.058504 -0.099214 0.053326 -0.121992 -0.028931 -0.149239 0.126778 0.240938 -0.030655 0.079575 -0.049268 0.081952 0.062854 0.014480 0.057992 0.052102 0.066430 0.079125 -0.072007 0.099588 0.116459 -0.030741
-0.026553 -0.125275 0.095252 0.018866 -0.021981 -0.077108 0.144370 -0.011246 0.064902 0.057596 -0.055716 -0.070808 0.095450 0.248518 -0.140062 0.026713 -0.078930 0.120443 -0.065827 -0.024956 0.185310 -0.094577 -0.005900 0.143646 0.134095 0.064339 0.063653 -0.007938 0.065438 0.046878 -0.178523 -0.041980
-0.121080 0.123169 0.109629 -0.162368 -0.051282 -0.099718 0.008330 0.013044 -0.129906 0.061638 0.024088 0.045810 0.095167 0.052880 0.051851 -0.043752 -0.037214 -0.187223 0.034311 -0.078695 -0.026129 -0.126977 -0.107709 0.092832 0.019845 0.043682 0.076017 0.006101 0.109069 -0.103460 0.130034 0.000946
0.018324 -0.174133 -0.036613 0.089501 -0.105087 0.027516 0.092731 -0.072708 0.004207 0.077950 -0.179933 -0.089546 0.095166 -0.038091 -0.030617 0.012273 -0.129440 0.051546 -0.103294 -0.158973 0.041428 0.068370 -0.001860 0.006747 -0.046403 0.063240 -0.142011 -0.071110 0.082282 -0.074119 0.100933 -0.062721
0.019153 -0.098141 0.217769 0.142340 -0.036317 0.072810 0.014665 -0.036517 0.021210 -0.029430 0.025977 -0.019307 -0.012493 0.015791 0.221077 0.038299 -0.016484 -0.087855 0.054658 -0.188328 -0.042333 0.030559 -0.003469 0.018825 0.035136 0.092178 -0.064174 0.272587 -0.056831 0.029697 0.032598 0.046501
-0.011527 -0.055470 -0.022844 -0.120556 -0.121090 0.069672 -0.013835 -0.054171 0.112966 -0.165408 0.144053 -0.130125 -0.102662 0.069376 0.033012 0.072331 0.017521 -0.037245 0.028296 0.027646 -0.052114 0.068283 0.013990 0.005848 0.044883 0.133738 -0.002555 0.055461 -0.198148 0.023556 -0.008354 0.021384
-0.005666 0.086897 -0.197998 0.049378 -0.128158 0.049371 0.016013 -0.050917 0.004719 -0.006934 0.025411 -0.018526 -0.011432 -0.148444 0.028285 0.113488 -0.202200 -0.024947 0.122577 -0.235079 -0.061313 -0.014270 0.054270 -0.019287 0.272735 -0.033159 -0.154370 -0.013259 0.074755 -0.035989 0.100151 -0.059969
-0.024694 -0.071568 0.138002 -0.055541 -0.072396 -0.077987 -0.013521 -0.160022 -0.087767 -0.165614 -0.016717 0.115490 0.032943 -0.109980 -0.013400 -0.029553 -0.013260 0.059190 0.049440 0.070789 -0.152678 0.078720 -0.010868 -0.092243 -0.095024 0.098671 -0.062646 0.139252 0.002367 0.023026 -0.055150 -0.020244
0.023749 0.021888 -0.048633 0.048765 0.040250 -0.084740 0.003242 -0.135781 -0.210048 -0.033214 -0.121574 0.180034 0.013159 -0.241502 0.034970 0.052946 -0.193803 -0.094993 -0.180456 -0.074776 -0.248083 -0.017539 0.008551 0.042854 -0.066091 0.056187 0.014963 0.118517 -0.052161 0.043093 -0.031600 -0.021727
-0.270673 -0.199836 0.007856 0.053730 -0.013593 -0.286153 -0.131268 -0.010643 -0.131951 -0.117277 -0.212648 0.071168 -0.061856 -0.062484 0.080730 0.142226 -0.217672 -0.044194 0.104550 -0.143212 -0.094086 0.064722 0.020155 -0.025860 -0.036360 0.132490 0.026557 0.033633 -0.001565 -0.074698 -0.139418 -0.027297
-0.049338 -0.203506 0.052921 0.155780 0.123989 -0.356232 0.056915 0.008094 -0.042769 -0.166955 -0.228256 -0.065070 -0.017352 -0.214409 -0.035956 0.034876 -0.147497 0.101365 0.112551 -0.090941 -0.129166 0.033969 0.002957 0.033194 0.040394 -0.014908 -0.042057 0.059921 0.071459 -0.173601 -0.076126 -0.049587
0.077178 -0.098969 0.088427 0.020266 -0.080273 -0.176807 -0.154993 -0.057139 0.018327 -0.068583 -0.182152 -0.085931 -0.104639 -0.207893 0.010213 -0.143674 -0.051855 0.050948 0.162392 0.018263 -0.044466 0.049800 -0.019394 0.025034 0.042963 0.096831 -0.060428 0.095234 0.045888 -0.099838 -0.087583 0.009515
-0.146877 0.013325 0.010364 0.131648 -0.149184 -0.132037 0.025084 0.005856 0.068394 -0.121866 -0.067757 -0.155560 0.039923 -0.130620 -0.041180 -0.206420 -0.070624 -0.037935 0.144596 -0.168282 -0.239452 -0.104822 -0.028755 0.069676 0.022903 0.010158 -0.126842 -0.056246 0.046692 -0.149448 -0.009888 -0.026209
0.103881 -0.010654 0.090663 0.022738 -0.007411 0.015958 -0.025451 -0.210381 0.025875 0.029400 -0.016508 -0.024890 0.013881 -0.185435 -0.047040 -0.026900 0.004197 0.013597 -0.007466 -0.107537 -0.100547 0.032600 0.049116 -0.003693 -0.023336 0.029162 0.060111 -0.030296 0.076402 -0.052875 -0.024421 0.021813
0.022427 0.058401 -0.092282 0.098888 0.158194 0.020947 0.079695 -0.106572 0.063780 -0.080988 0.107303 0.016396 -0.004631 -0.100709 -0.035489 -0.118093 -0.012931 -0.047735 -0.242180 -0.084476 -0.136604 -0.150212 -0.020878 0.134367 0.027151 -0.147059 -0.161398 -0.143223 0.001407 -0.008114 0.073249 0.018271
-0.050850 0.089290 0.057090 -0.035853 -0.051094 0.012175 -0.197299 0.004957 0.075676 -0.109170 0.092251 -0.129797 -0.049609 -0.064273 -0.083437 -0.130049 -0.063894 -0.046607 0.147885 -0.146842 -0.045725 -0.087997 0.043712 0.175197 -0.083037 -0.111615 -0.068085 -0.105756 0.041660 -0.226541 0.059304 0.015950
0.033535 0.047652 0.001536 0.012707 0.178306 0.106308 0.086037 0.067556 0.043893 0.025072 0.133984 0.097293 -0.046796 -0.167577 0.122612 0.102071 -0.010601 0.021708 0.060498 -0.116898 0.015307 0.148430 -0.077911 0.055091 -0.160939 0.008735 -0.051567 0.103988 -0.119004 -0.077252 -0.031474 0.027397
-0.025147 0.009982 0.053197 -0.161336 -0.017191 -0.054058 -0.029563 -0.111062 -0.095306 0.034054 0.192472 0.080922 0.017403 0.082682 -0.002140 -0.043888 -0.023234 -0.051163 -0.011070 0.023374 0.089149 -0.056833 0.016325 0.171250 -0.061020 -0.147050 0.021954 -0.069310 -0.007387 0.035125 0.085480 0.045771
0.047519 -0.085010 -0.043309 0.001769 -0.086700 0.116243 0.092169 -0.014935 -0.007411 0.141195 -0.080432 -0.078009 0.101567 -0.155113 0.106909 0.015494 0.019030 -0.047976 0.050357 0.141208 0.039463 0.056226 0.142931 -0.013810 -0.047531 -0.026379 0.109314 0.056542 0.144592 -0.163913 -0.005391 0.050510
-0.021662 0.008246 -0.025286 0.129036 -0.033473 -0.096340 0.025901 0.008775 -0.171758 0.098128 0.012267 0.014765 -0.010882 -0.073844 -0.046829 0.001508 -0.143123 0.075393 -0.010375 -0.092225 -0.079527 -0.087027 0.096602 -0.193693 -0.023200 0.046870 -0.067829 -0.084205 -0.036111 -0.090140 -0.068397 0.068485
-0.097635 0.071733 0.149718 0.006168 0.160052 0.112592 -0.061815 -0.057179 -0.044971 -0.088302 0.024645 -0.013372 -0.147307 0.091422 -0.048654 0.135098 -0.003551 -0.044085 -0.002450 0.055110 -0.039284 -0.130642 -0.040475 -0.094066 0.080697 0.032858 -0.156600 -0.120727 -0.087971 0.030719 -0.061851 -0.078523
-0.020000 0.060085 0.038479 -0.005280 -0.005366 -0.031482 0.014489 -0.055917 -0.083753 -0.026701 -0.074051 -0.036302 -0.014370 0.060937 0.022058 -0.002648 -0.148170 0.004031 0.157143 -0.024482 -0.002159 0.010491 -0.073460 -0.086292 -0.004801 0.010168 0.008046 0.091018 -0.079400 -0.025907 0.106406 -0.099848
0.082212 -0.069692 0.009732 0.041745 -0.064893 0.012389 0.016215 -0.193168 -0.132163 0.091471 -0.046463 -0.044686 0.089210 0.099914 -0.023698 0.036710 -0.016678 -0.033244 0.083100 0.000139 0.016123 -0.033875 0.060938 -0.044258 -0.034614 -0.082124 -0.031669 -0.048019 -0.016255 0.010840 0.009609 -0.046414
-0.095027 0.023416 -0.025912 0.014645 0.007407 -0.017295 -0.048455 -0.274920 -0.099157 -0.262775 -0.042445 -0.046875 -0.149389 0.098471 -0.003997 0.067470 -0.043109 0.025414 -0.013095 -0.159701 0.008746 -0.044229 -0.061284 0.041522 0.030206 -0.014053 -0.022663 -0.006147 0.035431 0.019163 0.063791 -0.038734
-0.025687 -0.024182 0.019699 0.057568 -0.119057 -0.018702 0.070066 0.072359 -0.096497 -0.075127 -0.033483 -0.038131 -0.005830 -0.009966 -0.018113 0.139019 -0.222060 0.060645 0.093538 0.094864 -0.024969 0.025346 -0.026549 0.034523 0.036680 -0.020413 -0.014839 -0.026735 -0.000752 -0.062719 0.043134 0.001669
-0.033948 0.163424 -0.117145 0.004824 -0.022942 0.010392 0.033531 -0.066879 -0.091691 -0.109215 0.032847 -0.050674 -0.077237 0.031176 0.078727 -0.011362 -0.146697 -0.049737 0.021693 -0.059873 -0.188187 -0.003229 -0.140620 0.011076 -0.071973 0.048885 0.000444 0.109346 -0.012717 -0.010863 -0.011042 0.055456
0.003351 0.075054 0.020504 0.090944 0.061152 -0.013367 0.002122 0.075276 -0.013141 -0.225588 0.002864 -0.067466 -0.051935 -0.065659 0.082313 -0.015364 0.007260 0.003427 0.035835 0.000404 -0.133859 0.051171 0.089207 0.066960 0.044321 0.034910 0.050720 -0.053150 -0.044757 -0.117680 -0.076809 -0.028807
-0.100337 -0.428289 0.088458 0.045920 -0.029563 0.020513 0.045177 -0.021926 -0.050086 -0.102674 -0.027854 -0.004387 -0.097783 0.052892 0.005749 0.029902 -0.024958 -0.010004 0.149692 -0.164849 -0.008364 0.028413 -0.095347 0.090479 0.041156 0.058064 0.011526 -0.131515 0.006936 -0.054960 -0.029196 0.049532
-0.031805 -0.348203 -0.019457 -0.027674 -0.140753 0.069649 -0.012604 0.020284 0.002930 -0.077864 -0.019873 -0.047593 -0.133433 -0.026341 0.052071 -0.083072 0.066515 0.079665 0.070781 -0.091513 0.100409 0.062676 -0.073036 0.102835 0.019003 0.016112 0.058993 -0.229842 0.012647 0.032930 -0.073506 0.054006
0.125889 0.016909 -0.024484 -0.024271 0.209049 -0.005936 -0.002901 -0.144745 0.033618 -0.150868 0.034505 -0.079985 -0.112480 0.021569 -0.009774 -0.232837 -0.051760 0.045025 0.006844 -0.012726 -0.019534 0.041866 0.086553 0.094460 0.111726 0.003964 -0.022842 -0.140741 0.039968 -0.034766 -0.040276 0.026545
0.001084 0.040272 0.074581 0.078163 0.053123 -0.054239 0.002742 -0.142604 -0.001364 -0.052173 -0.137477 -0.032726 0.031242 0.050102 0.033663 -0.122007 0.127660 -0.008438 -0.051843 0.051002 -0.177894 -0.009654 -0.116144 0.034774 0.060682 0.036305 0.154299 -0.145872 -0.063804 -0.006850 0.008710 0.022749
-0.031902 0.154277 -0.162999 0.023002 -0.011572 -0.062478 0.032875 -0.056780 -0.097568 -0.130836 -0.086544 0.004052 -0.017900 -0.017134 -0.100458 0.054038 0.066873 -0.029753 0.020868 0.093281 -0.170893 -0.025493 0.081024 -0.046693 0.074660 -0.198651 -0.147927 -0.037302 0.006199 -0.063151 0.029296 -0.038445
-0.047646 0.070118 -0.094290 0.060327 0.134320 -0.012490 -0.185794 -0.010460 -0.161929 0.018651 -0.005646 0.026376 0.071673 -0.065162 -0.041837 -0.127141 0.075332 -0.142799 -0.112894 0.022820 0.036945 -0.066828 0.070658 0.104596 -0.071143 -0.103891 -0.037329 0.038976 0.007613 -0.085992 0.033387 -0.016917
0.062837 -0.129863 -0.097801 -0.135179 0.081742 0.037442 -0.041045 -0.016964 0.043943 -0.054249 -0.118048 -0.095799 0.066225 0.084466 -0.094113 0.142340 0.105625 -0.052205 -0.039793 0.013162 0.047526 0.039495 0.060056 -0.036080 0.027294 0.038924 -0.020934 0.051558 -0.031337 0.001715 0.188150 0.050877
-0.150797 0.152355 0.088074 -0.117616 0.007664 0.093774 -0.058334 0.076287 0.023367 -0.065281 0.076911 0.074055 0.131440 -0.131295 -0.182790 0.075546 0.030079 -0.013638 0.178218 0.024570 0.047105 -0.059777 0.020241 0.053710 0.120271 0.131940 0.004888 0.236050 0.089852 -0.094809 0.071971 0.011252
-0.037721 0.010160 0.108258 -0.174236 0.059796 -0.008869 -0.003627 -0.089092 -0.013189 0.053433 -0.023855 0.037640 -0.112080 0.057077 -0.000380 -0.034437 0.022198 -0.132948 -0.084994 -0.073103 0.046723 -0.053924 -0.063061 0.019133 -0.069106 0.029423 -0.038248 -0.080009 0.012128 -0.068436 -0.020258 -0.086694
0.215124 0.006205 -0.119695 -0.067665 -0.104757 -0.073490 0.019085 -0.005639 -0.057055 0.023658 -0.012032 -0.018102 0.134780 0.027111 0.021151 0.043302 -0.034955 -0.009687 0.061007 0.003568 0.012150 -0.096273 0.242092 -0.187533 -0.073396 -0.028729 -0.040154 0.007902 -0.066076 -0.013939 -0.167594 -0.055043
-0.026789 -0.085441 0.003953 0.013593 -0.026805 -0.084527 -0.020247 -0.147528 -0.096854 0.061976 -0.120358 0.121111 -0.020320 0.045999 -0.068546 0.016105 -0.005946 -0.000351 -0.205204 -0.129443 0.027528 -0.026724 -0.202724 0.018361 -0.054022 0.037432 0.025941 -0.040472 -0.037671 0.044915 0.001707 -0.011474
-0.047139 0.047800 0.049196 0.065744 0.081843 -0.050849 -0.055186 -0.207006 -0.073074 -0.061646 -0.094659 0.017620 -0.079734 0.082078 0.001993 0.058875 -0.027875 0.030340 0.015133 -0.080681 -0.005030 0.017512 -0.041401 0.055098 -0.191286 0.018759 0.008712 -0.004625 0.003868 -0.034829 -0.117524 -0.004241
-0.092073 0.007648 0.032359 0.027115 0.093536 -0.015443 -0.007558 -0.234103 -0.081031 0.043986 -0.022577 -0.055281 -0.050341 0.030517 -0.031275 0.114712 -0.176473 0.054165 0.069299 -0.011291 -0.044634 -0.044782 -0.084236 -0.017804 0.049030 -0.005141 -0.048961 0.102395 0.035254 0.023961 0.070346 0.035277
-0.063120 0.038392 0.010793 0.019681 -0.228967 -0.028579 -0.038079 0.046344 -0.051214 0.014953 -0.010010 -0.033530 -0.071119 -0.004364 -0.005281 -0.079075 -0.307355 0.011126 -0.075877 -0.017941 -0.035818 0.017853 0.018358 0.069395 -0.035833 0.034650 0.007204 -0.034944 -0.002454 -0.039722 0.191376 -0.048206
-0.197019 0.082627 0.099712 -0.006515 0.019482 -0.045415 0.013351 0.034038 0.010524 -0.024399 0.102535 0.017071 -0.048880 0.035265 -0.054831 0.043930 -0.276254 0.070809 0.064887 0.034510 -0.224251 0.044747 0.040437 -0.036188 -0.021061 0.047939 -0.004348 -0.013376 0.020814 0.052913 0.241907 -0.049730
-0.138102 0.182882 -0.004614 -0.041371 -0.111728 0.035529 0.047773 -0.088771 -0.014651 0.085498 0.182336 -0.011627 -0.123846 -0.083345 0.040018 0.027764 0.008711 -0.054238 -0.070597 0.066401 -0.147526 0.010142 -0.005332 -0.001191 -0.177534 0.054736 0.036672 -0.242121 -0.026363 0.061170 0.163263 0.004167
-0.069955 -0.718885 0.018786 0.058247 -0.189981 0.041538 -0.026370 0.019982 -0.074937 -0.053175 0.085736 0.027103 -0.156093 0.044670 -0.024691 0.060538 -0.093902 0.063148 -0.207054 0.064916 -0.127050 -0.002762 -0.105607 0.093091 -0.181430 -0.006146 0.116616 -0.301931 0.039637 -0.066845 0.128316 0.030979
0.045215 0.009861 0.025580 0.011594 0.011614 0.046689 -0.002726 -0.165865 -0.132434 0.049098 0.006888 -0.009050 -0.222140 0.033707 -0.031071 -0.014562 0.028429 0.007657 0.014756 0.124244 0.097029 -0.050077 -0.082364 0.153663 -0.008581 0.115959 0.072794 -0.398813 -0.040627 -0.065141 0.104820 0.013883
-0.060012 0.102445 -0.054267 0.038051 0.046624 -0.015360 -0.046857 -0.282512 -0.176796 -0.066078 0.008292 -0.012878 -0.113577 0.046915 -0.012411 -0.280512 -0.049167 0.089957 0.028499 0.151778 -0.064378 0.010811 -0.010863 0.031629 0.094469 0.053261 -0.003794 -0.221570 0.003349 0.022929 0.080993 -0.018308
0.080285 0.173998 -0.092674 -0.051067 0.073811 0.027932 0.033693 0.014684 -0.185781 -0.010524 -0.050787 -0.212623 -0.080012 0.020852 0.044647 -0.118045 0.033735 0.098653 0.106181 0.116976 -0.124853 -0.009149 0.033238 -0.032586 0.044817 0.030836 -0.048367 -0.118626 -0.019746 -0.104740 -0.008980 0.053922
-0.117975 0.079226 0.049454 0.155976 -0.025644 0.018954 -0.178872 -0.118283 -0.203308 -0.219112 -0.351411 -0.119429 -0.010525 0.103866 -0.000731 -0.146012 -0.137988 -0.079862 0.017788 0.064748 -0.182126 -0.062471 0.208289 -0.121351 0.081387 -0.346772 0.012564 -0.219394 0.002410 -0.060042 -0.014342 0.054879
-0.121635 0.072277 0.007836 -0.007825 -0.047026 -0.172223 0.052833 0.054741 -0.049754 -0.095231 -0.069437 -0.008917 -0.034109 -0.096425 -0.143837 -0.033367 -0.043307 -0.087330 -0.111841 0.089631 -0.006811 0.024598 -0.178731 -0.005584 0.192982 -0.110181 -0.223478 0.032103 -0.107496 -0.080634 0.056001 -0.052704
0.027287 0.010987 -0.061168 0.038409 0.073213 0.012138 -0.119091 -0.098643 -0.113010 0.049193 0.017396 -0.051987 0.006231 -0.049982 0.075818 -0.058736 0.069098 -0.018341 -0.009290 0.027192 -0.021234 -0.192427 -0.026820 -0.056157 -0.072978 0.072353 -0.102948 0.009626 -0.000309 0.088305 -0.163871 0.019634
0.090802 0.032183 0.097627 0.090357 -0.053718 -0.082262 0.018668 -0.119594 0.096810 0.210673 0.153483 -0.004103 0.025184 0.134146 -0.030492 -0.127315 -0.164297 -0.229462 -0.023945 -0.013440 -0.094364 0.086020 0.081359 0.062059 -0.070906 -0.068827 -0.067775 0.213103 -0.012231 -0.060632 -0.035490 -0.037286
0.124893 0.024944 -0.031694 0.018355 -0.042702 -0.047112 0.134913 0.104466 0.017025 -0.002646 -0.037650 0.076913 -0.173695 -0.032457 -0.118148 0.023987 -0.130543 -0.124671 0.163062 0.153618 -0.031008 -0.108096 -0.187936 0.038969 -0.040127 0.022858 0.132494 -0.146795 -0.015049 -0.128195 0.016527 -0.072745
-0.146175 -0.073090 0.084140 0.033361 0.044934 -0.182775 -0.021925 -0.021268 -0.112418 0.018565 -0.138807 -0.133547 0.015357 0.110615 -0.018783 0.032256 -0.076413 -0.080477 -0.102699 -0.014408 -0.015598 0.173151 -0.050415 0.084781 -0.201824 0.110995 -0.071915 -0.059042 -0.084427 -0.013994 -0.035747 -0.101666
-0.072669 -0.063208 -0.169765 0.081418 -0.024903 0.008513 -0.071274 -0.074368 -0.097645 -0.107409 -0.006502 -0.138588 0.034127 -0.020476 0.127517 0.043872 -0.113555 -0.046245 -0.046671 -0.009960 -0.021058 0.017023 -0.001035 -0.101797 -0.130627 0.024763 -0.027289 0.016247 -0.040210 -0.030399 -0.008887 -0.062834
-0.075921 -0.129261 -0.087663 0.024057 -0.117457 -0.011039 0.116304 -0.058588 0.002631 -0.061827 -0.082989 -0.071746 -0.077791 0.078260 0.007069 -0.126134 0.005741 0.009548 -0.028802 0.040318 -0.049509 0.001550 0.017301 0.015043 0.009507 0.014898 -0.018410 0.058667 -0.006458 -0.088221 0.058780 0.014366
-0.011541 -0.031674 -0.088290 0.020404 0.074099 0.022876 0.069137 -0.109958 -0.094135 -0.152032 -0.055277 -0.028660 -0.020029 0.194933 0.010379 -0.113811 -0.043709 0.009139 -0.052666 -0.005483 -0.042494 0.061735 -0.109114 0.099150 -0.031675 -0.009407 0.061589 -0.031139 -0.035210 0.064663 -0.113570 0.024179
-0.136941 -0.024727 -0.058126 0.045406 -0.032999 -0.002500 0.176718 -0.079947 -0.080339 -0.020584 -0.102755 0.018952 0.059860 0.165170 0.043827 -0.127849 -0.296321 0.033755 0.082587 -0.004063 -0.113238 -0.058846 0.000450 0.035380 -0.248343 -0.173796 -0.026707 0.109869 0.096535 0.097467 -0.133681 0.083866
-0.050195 0.105284 -0.258602 0.119213 0.158965 -0.044390 -0.018185 0.174162 0.006232 -0.063375 -0.122902 0.007558 -0.026505 0.161530 -0.016671 0.185387 -0.154196 -0.128368 0.017705 0.030398 -0.121635 -0.034081 -0.095972 0.020033 -0.135785 -0.188353 0.036649 -0.104456 0.014145 0.050222 -0.191248 0.006950
0.067451 -0.139305 -0.151637 0.062808 -0.062548 -0.180600 -0.067595 0.237944 -0.072599 -0.168166 -0.000727 0.051673 0.006129 0.188662 -0.012983 0.274086 -0.123657 0.012734 0.011012 0.193529 -0.119783 -0.077871 0.040167 -0.286884 0.162259 -0.076044 0.040037 -0.323233 -0.112930 0.117411 -0.039388 -0.155462
-0.052809 -0.566450 0.052965 0.073700 0.074993 -0.073541 0.032650 -0.103343 -0.164524 0.013613 -0.056940 -0.074372 0.053268 0.070870 0.122297 0.038165 0.278872 0.029436 -0.145756 0.087790 0.076282 0.077283 -0.025501 -0.506408 -0.040807 0.152677 0.080948 -0.178274 -0.123073 -0.063563 -0.021068 -0.106817
-0.169960 0.156317 0.019568 0.127669 0.051521 0.002990 0.040220 -0.101027 -0.321166 -0.000665 -0.080317 -0.106532 0.108316 0.085812 0.029299 -0.190869 0.034353 0.115458 -0.035271 0.174587 0.020068 0.092715 -0.021127 -0.627816 -0.105266 0.013052 0.080369 0.060532 -0.141220 -0.068493 -0.018556 -0.024468
-0.088334 0.085527 -0.091304 -0.045409 -0.034994 -0.044002 0.011544 -0.159625 -0.352160 -0.073707 -0.038470 -0.153311 0.183790 0.059381 -0.003980 -0.142309 -0.126101 0.028792 -0.006142 0.141030 -0.107240 0.065330 -0.042650 -0.394142 -0.017595 -0.013618 0.017338 0.031134 -0.132090 -0.028319 -0.074652 -0.021144
0.117464 0.092177 0.004135 0.045250 -0.034615 -0.044246 0.056819 -0.117577 -0.310712 -0.051134 -0.006076 -0.116514 0.111102 0.060486 0.001251 -0.024818 -0.110103 -0.040035 0.015245 0.153244 -0.126131 0.035191 0.106762 -0.283256 -0.036376 0.106731 -0.004711 0.008142 0.093660 -0.007790 -0.088764 0.006004
-0.142002 -0.051603 -0.174329 -0.058144 -0.189098 -0.028479 -0.009019 -0.011074 -0.399813 0.105825 -0.302230 -0.042129 0.151980 0.098900 -0.093303 -0.001651 -0.090903 0.043733 -0.040192 0.041839 -0.143144 0.098320 0.030279 -0.192745 -0.011436 -0.236338 0.088089 -0.021512 0.012304 -0.152801 -0.081772 0.032875
-0.008734 -0.104779 0.083651 -0.019990 0.035903 -0.066722 -0.104611 0.084682 -0.317012 0.026574 -0.058169 0.026276 0.080628 -0.093939 -0.157864 -0.017682 -0.089137 -0.010005 0.086933 0.078664 -0.065617 0.063264 0.087611 -0.006533 0.156008 -0.200851 -0.148519 -0.014086 -0.019950 -0.042912 -0.004184 -0.135738
-0.075676 -0.009588 0.003779 -0.126960 0.021587 -0.006007 -0.068564 0.126223 -0.030227 0.030349 -0.073878 0.011632 0.102072 -0.188697 -0.037857 0.157591 0.007942 0.000164 0.026939 0.124515 0.095038 0.017897 0.023834 -0.080200 0.044513 -0.041534 -0.075521 -0.220858 0.089741 -0.060953 -0.092290 0.102929
-0.204929 0.046581 -0.052351 -0.082414 -0.075303 -0.000315 0.055262 -0.066343 0.078507 0.027110 0.026083 0.139253 -0.095952 0.063195 0.066263 -0.107106 -0.049761 -0.056000 -0.269357 -0.019396 0.033521 0.094887 -0.028394 -0.034029 0.056906 -0.192996 -0.038932 -0.023791 -0.037360 0.094773 0.015347 0.007131
0.028010 0.040636 0.049111 -0.140181 -0.039052 -0.127134 -0.120485 0.081991 -0.019112 -0.147386 0.139691 0.141119 0.083463 0.114389 -0.109235 -0.036589 0.040997 0.014962 0.145624 -0.011944 0.012951 0.032178 0.008148 0.012030 -0.040401 -0.131391 -0.109762 0.092569 -0.152519 -0.113832 0.034965 -0.146901
0.090870 -0.120150 -0.109524 0.016015 0.047751 -0.011076 0.125914 -0.198361 -0.144257 -0.011252 -0.109605 0.056745 -0.130346 -0.037553 -0.007385 0.005924 0.031135 -0.060430 0.045017 -0.042699 -0.142155 0.014522 -0.110435 0.002761 0.067786 -0.080469 -0.040970 -0.102634 0.002105 0.068663 -0.025925 -0.032742
0.074352 0.060664 -0.201365 0.061497 -0.031088 0.008238 0.113404 -0.245366 0.003206 0.056195 0.010308 0.062190 -0.065146 0.065815 0.027926 -0.068997 -0.035992 -0.026484 0.107793 0.023035 -0.073474 0.088865 -0.016983 -0.019052 -0.199555 -0.098083 0.028548 -0.052131 0.057895 0.086088 -0.020099 0.106607
-0.104685 0.036261 -0.256249 -0.044584 -0.093406 0.065091 0.084441 0.029261 0.001910 0.009917 0.040746 -0.008178 -0.058640 0.015830 0.044680 -0.132356 -0.028078 -0.036096 0.013493 -0.036965 0.007648 0.109539 0.012337 0.002994 0.052132 -0.296718 0.019047 -0.042625 0.108568 0.036702 -0.048999 0.058888
-0.069482 0.016636 -0.290689 0.005276 0.056087 0.084688 -0.173240 -0.061074 0.009664 0.123471 0.010331 -0.057625 -0.053702 -0.047688 0.073270 -0.000247 -0.044743 0.056451 -0.017793 -0.020438 0.108126 0.021781 -0.190443 -0.034639 -0.108490 -0.270816 -0.085791 0.003478 0.104904 -0.002769 -0.101211 0.068042
-0.085859 0.021651 -0.332774 -0.005123 -0.176987 0.180091 -0.445362 -0.026057 0.016886 0.177213 -0.008548 -0.028041 -0.017986 0.009179 -0.133523 0.174710 -0.331444 -0.102931 -0.103103 -0.007557 0.084313 -0.066872 0.006980 0.040271 -0.026276 -0.144654 0.037027 -0.112557 0.135260 0.038020 -0.280269 0.163699
0.113210 0.124838 -0.226605 -0.025806 0.065300 0.039999 -0.295789 0.117441 0.081078 0.127013 -0.129643 0.080062 -0.011459 -0.003187 -0.260333 0.282038 0.010925 -0.188939 -0.133085 0.033371 -0.093322 -0.156454 0.028179 0.040602 0.008772 0.112923 -0.023853 -0.117117 0.077625 0.033549 -0.088254 0.123426
0.002718 -0.355366 -0.260176 -0.005195 0.025047 0.027022 -0.073333 0.101661 -0.033760 -0.091888 -0.071603 0.114111 0.155152 -0.091862 -0.208459 0.085005 0.094099 0.053289 -0.122002 -0.129306 -0.055033 0.068021 -0.049225 0.163971 -0.014392 0.171869 -0.084365 -0.078580 -0.134362 0.143660 -0.025130 0.071219
-0.050539 -0.093825 -0.233099 0.020190 -0.050619 0.078078 -0.032095 -0.047862 -0.106176 -0.104807 0.087926 -0.036877 0.253514 0.159919 0.008590 -0.136142 0.132236 0.172759 -0.025489 -0.278763 0.191055 -0.079578 -0.091037 0.123194 -0.099762 0.077927 -0.055325 0.211783 -0.099852 -0.027315 0.120760 -0.032873
-0.087333 0.156664 0.020034 0.068592 0.054564 0.045777 -0.016832 -0.179475 -0.119543 0.276820 0.030198 0.013801 0.089851 -0.002138 -0.033210 -0.171725 0.127157 -0.037110 -0.034775 -0.476604 -0.160005 -0.020424 -0.167064 0.046212 0.195422 0.099490 0.073198 0.085601 0.018746 0.017011 -0.033364 0.082893
-0.080499 -0.017922 0.070391 -0.011358 -0.084249 0.046778 0.047061 -0.054487 -0.044007 0.061562 0.017182 -0.240564 0.200514 0.124850 -0.055846 -0.143479 -0.087615 0.106885 0.083454 -0.428950 -0.079944 0.005905 -0.040426 -0.279885 0.054693 0.106878 0.053889 0.095240 -0.199627 -0.052658 -0.119649 0.028983
-0.074308 0.098857 -0.060504 0.009288 0.049704 0.025857 0.054047 0.077035 0.034614 0.121890 0.057589 -0.244149 0.186938 0.004742 -0.029905 -0.270839 -0.010661 0.044709 -0.011359 -0.262049 -0.079073 0.021991 0.072914 -0.358859 0.137375 -0.077018 0.061778 0.024478 -0.391754 -0.037879 0.016700 0.015795
-0.068401 0.061117 0.072639 0.014411 0.098877 -0.030695 -0.030149 -0.087933 -0.087178 -0.004701 0.040716 -0.145595 0.270491 -0.059582 0.063527 0.084536 -0.106423 -0.084683 -0.186857 -0.182865 -0.120670 0.039617 0.112007 -0.192024 -0.119605 -0.222292 0.072397 0.174756 -0.216476 -0.022394 -0.177882 0.126472
-0.003583 0.033962 -0.153140 0.142070 0.057524 -0.161711 -0.066685 -0.113645 -0.088358 0.014106 -0.063862 0.076336 0.293237 -0.055861 -0.022423 0.136071 -0.035590 0.154537 0.058264 0.082322 0.031776 -0.084453 0.109888 -0.064482 0.146948 -0.009321 -0.065678 0.005222 -0.146609 0.023929 -0.130061 0.187548
0.086258 0.023211 0.060659 -0.028533 0.021909 -0.099676 -0.014371 -0.089643 0.045935 0.086772 -0.051226 -0.028791 0.121255 -0.177919 0.154931 -0.020613 0.012377 -0.095783 -0.014061 -0.076126 -0.098690 -0.028289 -0.033699 0.014111 -0.080671 -0.001320 -0.024328 0.005054 -0.048225 0.094606 0.113225 0.051164
0.068601 -0.009980 0.172838 -0.064416 0.054891 0.052435 0.018026 0.018557 -0.101682 -0.136920 0.078714 -0.056848 0.010674 -0.027879 -0.035298 -0.035306 -0.011111 0.056654 -0.175094 0.076509 -0.041685 -0.082108 0.114475 -0.177450 -0.100734 -0.003583 0.081768 -0.019191 0.026300 0.077161 -0.102034 0.000921
-0.133272 0.010361 -0.033031 0.038468 -0.170710 -0.122428 -0.017659 0.046192 0.046765 0.010987 -0.137740 -0.074523 0.088555 -0.042969 -0.022723 0.009178 0.013397 0.041467 0.001301 -0.047363 -0.211913 0.041705 -0.015050 -0.091763 0.091675 0.038849 0.014922 -0.014396 0.019215 0.190532 -0.037310 -0.049585
0.022247 -0.032296 -0.125521 0.042678 -0.132722 0.030338 -0.126706 -0.185800 -0.064334 0.131256 0.093143 -0.020372 0.049022 -0.028835 -0.142417 0.018135 -0.065304 0.125964 0.070748 0.115795 -0.028422 -0.172499 0.091319 -0.021432 0.032802 -0.094952 -0.066667 -0.013281 0.163796 -0.038241 -0.117948 0.048042
-0.034824 0.097298 -0.131554 -0.029038 0.083886 0.122372 -0.325172 -0.208149 0.104205 0.089100 0.051551 -0.132488 -0.017372 -0.131017 -0.333208 -0.018625 0.035231 -0.065177 0.018876 -0.078908 0.114367 -0.169837 -0.082056 0.044353 0.032679 -0.096550 0.085305 0.051654 0.070170 -0.010010 -0.050234 0.075217
0.008537 0.008305 -0.042800 -0.011310 -0.079860 0.079657 -0.542817 -0.029709 0.019123 0.081498 0.020989 -0.024061 -0.055741 -0.006353 -0.542325 -0.011305 -0.125581 -0.061459 0.033735 -0.000035 0.070091 -0.114391 -0.157019 -0.030747 0.045117 0.022840 0.004236 -0.005402 0.038280 -0.156307 -0.333221 0.065569
-0.071138 0.085685 0.082250 -0.055848 0.002033 0.084306 -0.363821 -0.117445 0.003772 0.146392 0.039129 -0.000244 0.031093 -0.096563 -0.565125 -0.012874 -0.281202 -0.121850 0.133806 0.056573 0.015323 -0.182009 -0.065860 -0.029195 0.038051 0.134891 0.026077 0.009377 0.031045 -0.144596 -0.216667 0.066777
0.005806 -0.011356 0.145398 0.037434 0.049669 0.138472 -0.039332 -0.151156 0.106440 0.153508 0.060842 0.078079 0.112583 0.001147 -0.354765 -0.059188 -0.049291 -0.182072 -0.069284 -0.037224 0.320944 -0.147600 0.108026 0.043447 0.162169 0.037120 0.044878 0.016746 0.138405 -0.081110 -0.244665 0.060222
0.127629 0.044533 0.280426 -0.057156 0.029564 -0.028660 0.190467 -0.005772 0.009230 -0.075348 0.024569 0.152580 0.021815 -0.499002 -0.105523 0.007637 -0.043530 0.020641 -0.173197 0.088916 -0.011930 0.092024 -0.030124 0.027865 -0.014419 0.058788 -0.014903 -0.139269 -0.010496 -0.104273 -0.073633 0.044062
0.020961 -0.004611 0.007461 -0.060942 -0.220048 0.193893 0.129130 0.176885 -0.080022 -0.296393 0.006601 0.152125 -0.062634 -0.082893 -0.195791 -0.105951 0.225843 0.177845 -0.033260 0.012953 0.010205 0.163530 0.023805 -0.046714 0.086041 0.042451 -0.282677 0.158050 -0.012153 -0.002483 -0.026036 0.202513
-0.027821 0.045093 -0.047544 0.136828 -0.157984 0.115431 -0.023418 -0.086417 -0.007921 0.120797 0.016482 -0.023063 -0.221937 0.093406 -0.110568 -0.025013 0.031937 -0.005377 -0.081719 0.025640 0.094973 -0.029439 0.069948 -0.096316 -0.028834 0.084542 -0.242820 -0.087175 -0.095437 -0.003942 -0.040791 -0.003011
-0.017034 0.018631 -0.039610 -0.017024 -0.180361 0.108053 0.040428 -0.053425 0.073279 0.092304 0.055445 0.030853 -0.353780 -0.063202 -0.056602 -0.083560 0.018662 0.009707 -0.137756 -0.135171 -0.001886 -0.049368 -0.167125 -0.028014 0.023456 0.011336 0.044672 -0.031887 -0.158525 -0.094774 0.062370 0.043044
-0.155664 0.083348 0.044111 0.023854 0.068789 0.106291 0.044694 -0.021751 0.003631 0.056790 0.004054 -0.190811 -0.330370 -0.176835 -0.031964 -0.020867 -0.131452 0.015819 0.030574 -0.452594 0.107831 0.051714 -0.045442 0.114643 -0.020971 -0.131076 -0.011374 -0.041154 -0.007988 0.041515 -0.064939 0.061947
-0.016696 0.165581 0.051348 -0.080697 -0.106745 0.132906 -0.065009 0.092031 0.027999 0.064675 0.076295 0.046791 -0.244271 -0.154507 -0.006639 0.099439 -0.033477 0.010415 -0.011332 -0.604626 0.096510 0.016084 -0.139863 0.050075 0.019287 -0.162351 0.025914 -0.050156 0.024880 -0.105058 0.036459 0.038756
0.051036 -0.200676 0.026194 0.085745 0.181571 -0.157209 -0.046271 0.059017 0.075579 -0.009996 -0.004880 0.076234 -0.103760 -0.115359 -0.099331 -0.089111 -0.013692 -0.006776 0.029114 -0.365228 -0.103034 0.073126 0.000606 -0.203151 0.108803 -0.081514 0.104837 0.111526 -0.269054 0.092832 -0.088026 -0.039535
-0.031767 -0.032424 0.105724 -0.006779 -0.017180 -0.063952 -0.004993 -0.166545 0.009381 -0.051516 0.032429 -0.047975 -0.056957 0.027593 0.004720 0.002290 -0.029460 0.027222 0.147703 -0.104626 0.006234 -0.007062 -0.147608 -0.052990 0.115459 -0.062254 -0.054018 -0.040381 -0.053411 -0.043477 -0.026662 -0.029446
-0.095439 0.024609 0.036969 -0.022861 -0.037191 0.023920 -0.052598 0.070361 0.021571 -0.002723 0.000024 -0.133208 -0.044018 0.112318 -0.035517 -0.094880 -0.108005 0.020803 -0.039829 -0.095131 0.072883 -0.099502 -0.092331 0.019744 -0.156192 -0.111910 -0.129918 0.118974 0.106366 0.056235 0.135505 0.089787
0.088913 0.037547 -0.080462 0.042660 -0.064258 0.062114 -0.070756 0.063178 -0.026473 0.014741 -0.183395 0.052662 -0.034630 -0.143133 -0.027214 -0.017282 0.036156 -0.003451 0.016682 -0.086239 -0.074932 0.044021 0.055266 0.036558 -0.082234 -0.014078 -0.026933 -0.072340 0.035138 -0.034107 0.009188 -0.090310
0.061418 0.063333 0.092581 0.041579 -0.008026 -0.081453 0.165656 0.006651 -0.110876 0.142025 -0.139664 0.010976 -0.049406 -0.001271 0.106585 0.031590 0.151928 -0.022457 -0.089000 0.096170 0.051043 0.146463 0.048326 0.012111 -0.138931 0.097034 0.052214 -0.008655 0.107186 -0.153856 0.058745 0.072374
-0.061156 -0.005097 0.084493 -0.021917 -0.021235 0.147203 -0.161021 0.070375 -0.050747 0.075713 0.098333 0.050693 -0.016222 -0.012447 -0.098137 0.023072 -0.082421 -0.086161 -0.037423 0.026877 0.147263 -0.084093 0.033082 0.024233 -0.000034 -0.089358 -0.002362 0.168036 -0.051319 -0.170179 0.125244 -0.011967
-0.013667 -0.030624 0.202902 -0.010532 0.037934 0.029123 -0.190526 -0.159162 0.070468 0.059335 0.013909 -0.037521 0.048398 -0.057069 -0.337298 -0.036943 -0.224732 -0.061544 -0.116125 0.160264 0.093659 -0.226699 0.170927 -0.131388 -0.036881 -0.089191 0.139931 -0.109813 0.036934 -0.213191 -0.134494 0.009719
-0.073737 -0.007461 0.203659 -0.098495 -0.071236 0.059036 -0.047158 0.008453 0.039130 0.018447 0.050039 -0.095960 0.075817 -0.115294 -0.115384 -0.104348 0.127432 -0.016127 0.077428 -0.014402 0.140334 -0.193238 -0.013452 0.010840 0.102979 0.067273 0.040787 0.072122 0.036026 -0.082914 -0.179504 0.007772
-0.087289 -0.008494 0.058620 0.091322 -0.006773 0.069631 0.040770 -0.078808 0.126927 0.197411 0.019634 -0.034281 0.014658 -0.157655 0.055031 0.053831 -0.201441 0.009919 -0.037363 0.000826 0.110237 -0.103431 -0.158360 -0.019331 -0.037872 0.021522 0.131423 -0.046703 0.011065 -0.054207 -0.094025 -0.011435
0.080978 0.061115 0.049788 0.027227 -0.056223 0.081380 0.117798 -0.065994 0.091530 -0.106494 0.052373 0.090891 0.136640 -0.136221 0.087243 -0.071189 0.028106 0.012176 -0.049683 0.058670 0.118273 0.157627 0.043459 0.050276 -0.227662 -0.130162 0.041608 0.010637 -0.006966 0.037278 0.039878 0.003700
0.073493 0.011338 0.005563 -0.026609 -0.195589 0.015950 0.059357 -0.066698 0.012867 -0.532842 -0.026286 0.140156 0.094215 -0.300933 0.001147 0.025784 0.011656 0.063833 -0.168214 -0.059243 -0.014706 0.085936 -0.174364 0.003628 -0.043740 0.102730 0.038971 -0.064491 0.035375 0.047102 0.099760 0.112160
-0.053491 -0.067172 0.114700 -0.029419 -0.111000 0.112209 0.049986 0.124399 -0.025875 -0.131915 -0.039365 -0.006845 -0.017657 0.038176 -0.065982 -0.065223 -0.003686 -0.000208 -0.133700 -0.069331 0.069456 0.103881 -0.046254 -0.015990 -0.131927 0.063586 -0.468072 0.013223 -0.024395 0.001211 0.012587 0.135763
-0.012190 0.115863 -0.025525 0.120481 0.064423 0.142286 0.037289 -0.057308 0.015144 -0.099970 0.091765 0.151387 -0.031642 0.019637 -0.066589 0.040397 0.102326 0.062342 -0.120515 -0.090873 0.121697 -0.051858 -0.102951 -0.038778 -0.152030 -0.069364 -0.034551 0.079502 -0.035913 0.030994 0.061309 0.043729
-0.005372 0.045163 -0.052047 0.124999 0.103086 0.121271 -0.080975 -0.132582 -0.013534 0.018427 0.002707 -0.183492 -0.136701 0.050807 0.011763 -0.047227 -0.196134 -0.107281 -0.020580 0.099390 0.141639 -0.051632 0.030439 -0.001344 0.038100 -0.071143 -0.052856 -0.125091 -0.049935 -0.043192 0.148268 0.037570
0.007529 -0.019977 0.069429 -0.027947 -0.042182 0.023083 -0.164611 -0.082813 0.053667 -0.081799 0.047941 -0.134289 -0.252913 0.136828 -0.055078 0.117527 -0.183659 -0.100260 0.010968 0.076706 0.023793 -0.110935 -0.114195 -0.010424 -0.187502 -0.026854 0.010136 0.017258 -0.004203 -0.006563 0.128138 -0.038141
-0.047835 -0.098466 -0.078866 0.005896 0.046802 -0.075432 -0.039825 -0.066785 0.030609 0.031606 0.057047 0.003387 -0.222025 0.087577 -0.044521 0.030872 -0.047229 -0.147477 -0.017170 -0.211828 -0.001550 -0.105795 -0.107127 -0.091723 -0.038118 0.054236 -0.000930 0.112226 0.011772 0.073279 0.009686 -0.072768
-0.079871 -0.012764 0.019961 0.081488 0.031730 -0.158076 -0.064430 0.124500 -0.048015 -0.118752 -0.076869 0.131160 -0.133669 -0.023209 0.011464 -0.008865 -0.069195 -0.219446 -0.146649 -0.188235 -0.074852 -0.300650 -0.026123 0.062400 0.021274 0.013811 0.090566 0.026754 0.040513 0.009727 -0.064911 -0.141958
-0.060457 -0.248158 0.011305 -0.053690 -0.040855 -0.135728 -0.199301 -0.056331 -0.118612 -0.130660 -0.000889 0.164103 -0.120286 -0.050381 0.123395 0.027363 -0.170967 0.063781 -0.077901 -0.026025 -0.076578 0.015020 0.030608 -0.080396 0.101520 -0.015515 0.068537 0.120047 0.006903 0.098261 -0.220184 -0.035125
0.001887 0.040818 -0.124876 0.084664 -0.013959 0.055242 -0.013664 -0.041431 -0.104485 -0.016639 -0.023768 -0.082752 0.097374 0.166814 0.032497 -0.005380 -0.110753 -0.151929 0.033871 0.083260 0.008308 -0.074041 0.183172 0.190347 0.053016 0.060013 -0.142199 -0.041103 0.071314 0.041747 -0.005757 -0.039016
-0.014601 0.051816 -0.027302 0.047019 0.166127 -0.006529 0.102036 -0.043720 0.114051 0.082980 0.049678 -0.035678 0.106278 0.095321 0.026430 0.114007 0.053945 0.106128 0.207022 -0.025835 0.153009 -0.009374 0.072985 0.042975 -0.041475 -0.068665 0.080753 0.045478 -0.054279 0.133775 0.029132 -0.083747
0.053679 -0.082942 -0.175631 -0.020531 -0.029117 -0.113645 0.000735 -0.160571 0.021639 0.110077 0.039781 0.038644 -0.026786 0.100128 0.079657 -0.114610 0.058010 -0.153930 -0.106371 -0.044308 -0.001568 0.006611 0.007454 0.009192 0.057161 0.006815 0.037302 -0.024745 -0.041763 0.078660 -0.090290 0.006427
0.030963 -0.018192 0.118065 -0.048086 0.022827 -0.096561 -0.071311 0.067230 -0.092641 0.020617 0.071420 0.062176 0.046781 -0.099786 -0.087470 0.042950 -0.017075 0.225332 -0.092153 -0.078248 0.014093 0.044891 0.181409 0.037259 -0.103619 0.151753 0.060572 -0.038587 0.029422 -0.053252 0.025944 -0.095460
-0.047514 -0.091500 0.007489 0.116773 -0.037551 -0.069753 -0.023373 0.065081 0.086974 0.042073 0.034399 -0.059070 0.028975 -0.028211 0.041532 -0.124393 0.039032 0.074914 -0.010647 -0.067553 0.011152 0.042382 0.029227 0.054331 0.019174 -0.098552 0.082803 0.069539 -0.110376 0.081816 -0.013876 -0.073221
0.044973 0.012560 0.014814 -0.010238 -0.035995 0.054121 -0.075668 0.008224 0.041729 0.064161 0.006446 -0.073818 -0.079868 -0.068523 -0.026798 -0.081923 -0.112837 -0.030498 0.112552 -0.068959 0.036685 -0.003349 -0.034792 -0.184702 -0.131048 -0.203382 0.041577 -0.001903 0.010630 0.003947 0.111568 0.034202
-0.014305 0.026462 -0.045348 0.044641 0.124484 0.025945 0.100631 -0.092821 -0.019587 0.078974 -0.038179 -0.002226 -0.009448 -0.129560 0.092121 0.007966 -0.006474 0.036746 -0.037544 0.042388 0.032065 0.058220 0.009572 -0.128612 -0.138712 -0.325780 0.089738 0.048974 0.123051 0.038016 0.054101 0.033820
0.251150 0.032973 -0.063016 -0.009339 0.017207 0.082629 0.219149 -0.027464 0.187436 -0.427117 0.063338 0.101306 -0.004291 -0.173904 0.049679 -0.031765 0.040407 -0.094696 -0.176892 -0.051556 0.022112 -0.030161 -0.075926 -0.033832 -0.036260 -0.368383 0.151198 -0.041011 0.098684 0.001881 0.201137 0.065739
-0.084144 -0.031796 -0.062490 0.012698 -0.121019 0.005487 0.295279 -0.010852 -0.077506 -0.240543 -0.058642 0.067827 -0.097504 -0.021139 0.076498 -0.251444 0.198146 0.083805 -0.163461 -0.010702 -0.019129 0.236275 0.095492 0.023340 -0.080680 -0.242701 -0.397759 0.001782 0.024709 0.092239 0.004823 0.077148
-0.055110 0.015192 0.141884 0.104796 -0.127598 0.080748 0.009474 0.068157 0.044750 0.038741 -0.018782 0.043801 -0.067984 -0.013195 -0.078520 -0.037276 -0.076743 0.005834 -0.054197 -0.077010 0.152242 -0.001143 0.035586 -0.095354 -0.079779 -0.048051 -0.284719 0.001414 -0.034008 0.085511 0.000735 0.080942
0.017080 0.136993 0.069740 0.050868 -0.070519 0.213257 -0.120684 -0.127881 -0.034601 0.028251 0.064421 -0.042269 -0.009962 0.063916 0.023152 0.010987 0.094844 -0.106204 -0.166866 0.029404 0.149694 -0.075142 -0.046517 -0.070470 0.031010 -0.033235 -0.006218 -0.080945 -0.098305 0.077988 0.106739 0.084572
0.062293 0.007924 0.086478 0.029107 -0.043439 0.030861 -0.125822 -0.281553 0.029225 -0.009528 0.044173 -0.188167 0.042285 0.087451 -0.090920 0.107674 -0.120069 -0.280094 -0.031064 -0.020982 0.099194 -0.112835 -0.092503 0.022617 -0.193216 0.093278 0.042078 -0.030421 -0.075931 0.037553 0.040400 -0.066986
-0.034415 -0.089630 0.027719 0.092651 -0.172392 -0.012171 -0.077079 -0.038824 0.031317 0.035795 0.020313 -0.055536 -0.088143 0.067230 -0.080267 0.084988 -0.233486 -0.153149 -0.043000 0.009148 0.092567 -0.178379 0.133129 0.003146 0.001650 0.060209 -0.007381 0.108130 -0.003027 0.037509 -0.059706 -0.063426
-0.045688 -0.000247 0.040457 0.065820 0.016642 0.009865 -0.010704 -0.051184 -0.000205 -0.005561 -0.029790 0.031459 -0.157909 0.165615 -0.040653 0.070119 -0.059862 -0.010113 0.009817 -0.201031 0.056266 -0.102816 0.014804 0.059381 -0.078369 0.050031 -0.028628 -0.085344 -0.048251 0.052913 -0.104693 -0.042058
0.070939 0.060146 0.072466 0.045385 0.023394 -0.038751 0.063573 -0.039548 -0.013750 -0.088936 -0.002621 0.051604 -0.106857 -0.108039 -0.019977 0.214944 -0.008260 -0.023010 0.049141 -0.094185 -0.089675 0.052839 0.115792 -0.047084 0.019752 0.112477 0.004822 0.036613 0.125518 0.019544 -0.197675 -0.002969
-0.035216 -0.216458 -0.076611 -0.047083 0.097524 -0.203316 -0.195565 -0.097001 -0.040270 -0.067191 -0.023940 -0.027380 0.097932 -0.056705 0.157231 -0.088042 -0.060049 0.037277 -0.036862 0.052623 -0.056539 0.022138 0.144854 0.169666 0.140631 -0.109310 -0.032821 0.042269 -0.004157 0.019955 -0.131232 -0.017846
-0.007549 -0.046261 0.002759 0.038708 -0.092838 -0.010346 0.116405 0.042165 0.148912 -0.101897 -0.037194 -0.039816 -0.122192 0.040621 0.080435 0.010736 -0.057740 -0.019317 -0.018389 -0.105454 -0.094080 -0.046604 -0.009666 0.029745 0.053137 -0.079457 -0.137293 0.054564 0.004189 0.063654 -0.074723 0.053177
0.029320 -0.116257 0.086903 0.021534 0.060272 -0.116200 -0.014816 0.058510 -0.052677 -0.070406 -0.018475 0.071756 0.090037 0.012882 -0.019978 0.052680 0.288814 -0.048476 0.046093 0.147403 0.041462 -0.040401 0.064805 -0.010759 -0.077330 -0.034076 -0.038823 -0.051608 0.045108 0.027970 0.134036 -0.039105
0.035555 -0.033818 0.163979 0.009410 0.089683 0.001593 -0.045433 -0.005393 -0.001497 -0.003271 -0.019456 -0.052528 0.023030 0.113654 -0.161424 0.027946 -0.000329 -0.066236 -0.028973 -0.087442 0.076720 0.038362 -0.053271 -0.032562 -0.250704 0.139017 -0.162425 -0.063727 -0.095014 0.051971 -0.032356 -0.037348
0.117111 0.042500 0.093492 0.142088 0.089098 -0.158428 -0.011633 -0.000997 -0.150521 -0.132842 -0.019435 0.125005 -0.041544 -0.090729 0.057696 0.062788 -0.034156 -0.059147 0.031482 0.029141 -0.081386 -0.001375 -0.230319 0.067256 0.145674 0.060555 0.004884 -0.089061 0.078962 0.102026 0.072153 -0.161099
-0.145012 0.031775 0.066939 0.039566 0.063484 -0.045656 -0.070441 -0.150651 0.004487 -0.003065 -0.055885 -0.077891 0.017461 -0.096420 -0.030669 0.070104 -0.163558 -0.081560 -0.077227 0.119422 -0.077756 -0.063973 -0.154167 0.004343 -0.082243 -0.049878 0.077213 -0.002312 -0.165452 0.073795 -0.125307 -0.024175
-0.028690 0.057329 0.039079 -0.044374 -0.044682 0.058259 -0.269482 -0.129453 0.041418 -0.033188 0.045908 0.053284 -0.023572 0.005457 0.062913 0.013227 -0.205800 -0.031117 0.113302 0.079184 0.103102 -0.009848 -0.113759 0.107194 -0.130398 0.127815 -0.019368 0.016345 -0.231895 -0.005330 -0.201476 -0.012842
0.040602 -0.017044 0.208154 0.030369 -0.036503 0.064370 -0.450149 -0.141857 0.062233 -0.253878 -0.007704 0.009152 -0.057148 -0.085452 0.111935 -0.172027 -0.011745 0.082924 -0.007406 -0.083998 0.109812 0.074677 0.019681 -0.150822 -0.000349 0.010534 0.110856 -0.052746 -0.259019 -0.005169 -0.000854 0.006317
-0.084837 -0.012601 -0.167241 0.072645 0.079442 0.002615 -0.350533 -0.274703 0.137352 -0.202849 0.032262 -0.036892 0.007556 -0.143693 0.061404 -0.164082 0.101451 0.143180 -0.134592 0.025913 -0.103506 0.154524 -0.051022 -0.246803 0.108582 -0.186373 0.074609 -0.013484 -0.117166 0.080210 0.036461 0.019814
0.078019 0.085548 -0.097458 -0.042764 0.066819 0.051659 -0.162254 0.033122 0.093654 -0.046259 0.032737 0.085077 0.106501 0.097196 0.121182 -0.091311 0.111814 0.315274 -0.039393 -0.025369 0.113591 0.203005 -0.034950 -0.160307 -0.034780 -0.406015 -0.235537 0.006085 -0.146493 -0.083849 0.138560 0.076085
-0.038831 0.062185 0.099276 0.091970 -0.019375 0.111048 -0.088822 0.179341 -0.055903 0.003199 0.062064 0.071335 0.056359 0.053391 0.054167 -0.309508 -0.069407 -0.056727 0.001369 0.003063 0.103007 -0.059871 -0.164420 -0.003947 -0.107920 -0.191261 -0.097062 0.065018 -0.105546 0.019649 0.037381 -0.011828
0.153278 -0.028138 0.092986 0.093195 -0.102436 -0.067461 0.086394 -0.079098 0.009558 -0.035438 -0.009301 -0.098070 0.004526 -0.008440 -0.013537 -0.125274 -0.194575 -0.201880 0.053835 0.099853 0.018154 -0.066786 0.081040 0.050150 -0.003540 0.104416 -0.029390 0.022178 -0.058888 -0.012046 -0.108319 -0.096786
-0.005450 0.020925 -0.034246 0.117618 -0.047035 -0.133869 0.076289 -0.017932 0.043751 -0.054045 0.018130 -0.056049 -0.070387 0.093311 -0.002370 0.015885 -0.153493 -0.125206 -0.023388 -0.040577 -0.069145 -0.096136 0.153259 0.024439 -0.021524 -0.001632 -0.040707 0.038433 0.040791 0.104174 -0.169781 -0.146931
-0.131304 0.012265 0.010298 0.015441 0.048930 -0.062935 0.074890 0.014415 0.015616 0.073714 -0.042088 -0.048728 -0.048093 0.008809 0.010025 -0.047822 -0.147368 0.012582 0.033047 -0.014992 -0.045656 -0.005695 -0.202421 0.020269 -0.083174 0.020122 -0.026799 -0.091090 0.002788 0.012919 -0.096317 -0.083671
-0.209532 -0.027473 0.011684 -0.060354 0.016141 -0.160199 0.091831 -0.069938 -0.005540 -0.023946 -0.038439 -0.045367 -0.099749 -0.076071 -0.014902 0.137228 0.167922 -0.000975 -0.038392 0.079045 -0.122107 -0.069239 0.144929 -0.010323 0.101690 -0.035272 0.016495 0.094871 -0.016551 0.001613 -0.190324 -0.116896
0.045294 -0.061568 0.070606 0.080825 -0.013699 -0.266003 -0.026370 0.050721 -0.036740 0.031125 -0.155463 0.140219 -0.130309 -0.160709 -0.025710 -0.035858 -0.133242 0.166543 -0.094630 -0.087587 -0.243564 0.094317 0.047405 0.037122 0.048093 -0.074018 0.011640 0.023868 0.081476 0.044047 -0.120771 0.031452
-0.050665 -0.010602 0.099158 0.068276 0.036733 -0.097493 -0.059284 -0.022915 -0.044035 0.039769 -0.035522 -0.047337 0.108115 -0.173867 -0.010623 -0.016482 -0.069589 0.158576 0.047984 0.091978 -0.060094 0.082514 0.099265 0.010059 0.077850 -0.071500 -0.144801 -0.044406 -0.012271 0.088432 -0.057134 -0.084486
-0.039735 0.015280 -0.068282 -0.069676 0.085919 -0.066722 -0.022917 -0.013701 0.077868 0.011335 -0.000099 -0.077806 -0.022274 0.076866 0.113518 -0.057572 0.039106 -0.062847 -0.017812 0.101988 0.171248 -0.025237 0.070224 -0.137633 0.119656 -0.053046 -0.077921 -0.056630 -0.012695 -0.032584 0.031761 -0.103435
-0.046959 -0.120075 0.083340 0.080475 -0.100374 0.217577 -0.067861 -0.021243 0.016991 0.077286 -0.080552 0.099699 -0.018239 0.065039 0.005485 -0.035050 0.068760 0.009547 0.094202 -0.076735 0.088093 -0.124172 0.141581 0.019037 -0.112465 0.044692 -0.083744 -0.020870 -0.108220 0.079089 -0.019058 0.179640
0.081828 -0.093459 -0.139808 0.067913 0.191372 0.108754 -0.043947 -0.011048 0.088761 0.004403 -0.113455 -0.060974 0.005879 0.024714 0.002024 -0.038465 0.014702 -0.022686 0.110451 0.042490 -0.006377 -0.060339 -0.025175 -0.105452 -0.039986 0.040976 -0.024023 0.125590 0.011617 0.035237 -0.097337 0.010772
-0.014179 -0.150971 -0.119937 0.072115 0.026764 -0.209099 -0.036322 0.037101 -0.041054 0.064557 -0.159591 -0.047630 -0.063942 -0.063202 0.001411 -0.163165 0.082176 0.039735 -0.200291 -0.018101 -0.023342 -0.002794 -0.019638 0.060506 -0.079040 0.072458 0.051597 0.029378 -0.177737 0.058912 -0.064552 -0.191745
-0.137487 -0.064061 -0.007720 0.059603 -0.140479 -0.156569 -0.029105 -0.087700 -0.055705 -0.069791 -0.136059 -0.080016 0.013149 -0.295542 0.002386 0.052036 -0.169909 0.053851 -0.027982 0.001794 -0.029602 -0.015744 -0.159566 0.054867 0.017258 0.047741 0.011142 -0.014207 -0.131149 0.076069 -0.214874 -0.081183
0.037975 -0.142996 0.077462 -0.004892 -0.180479 -0.335827 -0.001983 -0.043798 0.035076 -0.164853 -0.095140 -0.055827 0.011931 -0.192441 -0.011925 -0.034714 0.042514 0.049635 0.013823 -0.023943 -0.286194 0.076495 0.027394 -0.025942 -0.011346 -0.016572 0.033378 -0.032154 -0.044276 -0.021202 -0.086143 -0.079854
0.015114 -0.128221 -0.026881 0.032621 -0.015544 -0.320610 -0.000063 0.015683 -0.036930 -0.219325 -0.071006 -0.077875 -0.060274 -0.102479 0.038805 -0.028079 -0.075185 0.142359 -0.044419 0.042261 -0.255610 0.048914 0.009883 0.099412 -0.040336 0.074316 0.058935 -0.016889 -0.130722 0.005924 -0.166942 -0.069117
0.006804 -0.065602 -0.070850 0.043754 0.067377 -0.243130 -0.204278 -0.021463 0.173689 -0.063637 -0.044723 -0.061238 -0.040810 0.005911 0.119558 -0.127741 0.173857 0.115685 -0.119153 -0.030224 -0.207657 0.085259 0.052596 0.071511 -0.038843 0.155375 0.127970 -0.026253 -0.220276 0.014756 -0.008493 -0.122590
-0.015787 -0.050686 -0.138640 0.096124 -0.022191 -0.232442 -0.144877 0.117130 0.074803 0.021204 -0.027550 0.030147 -0.021106 0.001388 0.104310 0.053660 -0.061389 -0.083166 -0.011761 0.035488 -0.222013 -0.024594 -0.131967 0.055209 -0.174030 0.055975 -0.029492 0.163758 -0.167515 -0.050370 -0.098697 -0.160908
-0.027431 -0.177685 -0.081744 0.032348 -0.076198 -0.186033 -0.020985 0.091804 0.076488 0.026488 -0.040913 0.005701 -0.088853 -0.034106 0.050729 -0.076105 -0.157263 -0.253799 -0.152566 0.008707 -0.072076 -0.099411 -0.117296 0.024297 -0.066591 -0.071675 -0.077958 0.148152 -0.135915 -0.074967 -0.010651 -0.116041
-0.080087 0.025800 -0.038056 0.089324 -0.089771 -0.078292 0.026050 0.020575 -0.057187 -0.087975 -0.006901 -0.074639 0.000953 -0.048512 0.077260 0.043181 -0.008292 -0.106800 -0.062141 -0.026131 -0.113827 0.063688 0.036727 0.017369 -0.063151 -0.082740 -0.045948 0.031361 0.025397 0.050427 -0.118384 -0.117521
-0.017897 -0.067251 0.036504 0.003351 -0.065713 -0.121511 0.041570 0.064299 -0.028879 0.034214 -0.039075 -0.064965 0.100703 -0.148484 0.025777 0.008372 -0.221304 0.052450 0.038858 0.017382 -0.116542 0.016649 -0.085411 -0.044796 -0.002382 -0.033567 -0.046895 0.101672 0.010531 -0.079980 -0.185329 -0.025116
-0.061796 0.021838 -0.105754 0.032228 -0.017883 -0.171108 0.047550 0.074892 0.005186 -0.042580 0.010586 0.042955 -0.176098 -0.084353 0.070652 0.052921 -0.157435 0.035170 -0.069141 0.070734 -0.177242 0.047908 0.097775 -0.060700 -0.079109 -0.041966 -0.093809 -0.069961 0.013066 0.085705 -0.161946 -0.017271
-0.068571 -0.030529 -0.020449 0.004404 -0.081526 -0.048381 0.015652 -0.053340 -0.049992 -0.091849 -0.104183 0.054867 -0.062131 -0.396755 0.040631 -0.035044 -0.124853 0.031609 -0.001034 -0.224025 -0.175263 0.047026 -0.062718 0.007917 -0.101772 0.007418 -0.005668 0.071872 0.066982 0.064880 -0.157868 0.088366
0.072017 -0.077404 -0.076268 0.013971 -0.029284 -0.148114 -0.090295 -0.030147 -0.077486 0.005599 -0.048619 0.054559 -0.066508 -0.069776 0.048548 0.103431 -0.082232 -0.070181 -0.028201 0.049832 -0.150829 0.020679 0.203567 -0.034707 0.029828 -0.106541 -0.029970 0.023282 0.048006 0.059975 -0.104357 -0.031835
-0.136899 -0.103550 -0.006969 -0.028254 0.008117 -0.108018 0.080705 0.153448 -0.091945 0.035666 -0.004193 -0.116819 -0.010489 0.081376 0.065335 -0.142798 0.078716 0.058086 0.048444 -0.091295 -0.082652 -0.043431 0.076884 -0.048455 -0.095341 -0.186734 -0.132174 0.071399 -0.028995 0.032634 -0.122785 -0.229103
-0.079006 -0.183168 0.100069 0.132335 -0.203649 -0.018694 0.106454 -0.027398 0.022393 0.108570 -0.184858 0.144268 0.029442 0.062526 0.042230 -0.038362 -0.025872 -0.041321 -0.045405 -0.209730 0.030407 0.141919 0.052346 -0.157104 0.114315 0.030747 -0.146315 0.004037 -0.015244 0.016507 -0.001009 0.040217
-0.059866 0.105521 0.044689 0.196041 0.085697 0.118378 0.024935 0.187473 -0.069742 -0.020169 -0.032439 -0.082921 0.040277 0.069165 0.000500 0.037543 0.013725 -0.046092 -0.084047 0.016473 -0.054745 0.019873 0.041740 0.030582 0.069773 -0.005286 0.056221 0.060680 0.010246 -0.051579 -0.083413 -0.018831
-0.050864 -0.044235 0.100488 -0.010382 0.026703 -0.085396 -0.185993 -0.159337 -0.022265 -0.038277 0.128436 -0.044052 0.009782 -0.028083 0.016153 0.146824 -0.109063 -0.068294 0.038666 0.072426 -0.016940 0.045558 -0.052505 -0.026807 -0.109479 0.131091 0.000947 -0.084106 -0.122454 0.006113 0.098718 -0.074798
-0.020765 0.033731 0.072813 -0.013700 -0.187576 -0.067372 0.001001 -0.063487 -0.107161 -0.056877 -0.086840 -0.050643 0.219761 -0.023939 0.051603 -0.092696 -0.045523 0.048784 -0.124211 -0.107616 -0.122514 0.089159 0.189897 0.042485 -0.179354 -0.083958 -0.160748 -0.102882 0.138610 0.026569 -0.086424 -0.215275
0.025913 -0.177262 -0.020325 -0.027259 -0.037281 -0.289559 0.028044 -0.107127 -0.172110 -0.127334 -0.116885 -0.051305 -0.133275 -0.201822 0.039127 -0.081463 0.211907 0.014002 -0.001080 0.021254 -0.131550 0.068551 -0.113432 -0.043563 -0.121218 0.064460 0.090371 -0.174221 -0.064020 0.172936 -0.030944 0.012348
-0.100270 -0.156886 0.124898 0.002134 -0.148545 -0.132100 0.039453 0.041144 -0.095224 -0.284097 -0.079400 -0.090023 -0.122478 -0.071524 0.004748 -0.089634 -0.076090 0.004706 0.033251 0.044660 -0.160837 0.027746 -0.034239 0.011877 0.001216 0.005042 -0.049041 0.067597 -0.059292 -0.100934 -0.045663 -0.079978
-0.012288 -0.042672 -0.097953 0.015104 0.083800 -0.084955 0.031426 0.108202 0.103539 0.019225 -0.023993 -0.110590 0.015791 0.045996 0.102828 -0.062800 -0.030471 -0.007627 0.046233 0.025740 -0.044668 -0.019079 -0.050406 -0.007577 0.040185 -0.014432 0.005937 -0.092603 -0.026786 -0.048217 0.025084 -0.017791
0.076431 -0.147360 0.055206 0.083183 0.026104 -0.072620 0.084760 -0.076944 0.057556 0.027509 -0.067564 -0.012032 -0.095698 -0.190809 0.059143 0.047201 -0.029740 -0.095268 0.064833 -0.009784 -0.030330 -0.024706 0.129502 0.045666 -0.163390 -0.055638 0.107894 -0.011469 0.007047 0.107829 -0.043843 -0.021242
0.014894 -0.073136 -0.016458 -0.015539 0.062007 -0.106771 -0.008271 -0.024409 0.160020 -0.036416 0.075526 0.045068 0.014249 -0.017762 0.024750 -0.076384 -0.023875 -0.087647 -0.074303 0.010175 -0.021430 -0.019540 -0.110583 0.039580 -0.027894 0.030333 0.061696 -0.033115 0.071433 -0.034844 0.001894 -0.038516
0.140641 -0.064798 -0.122222 0.101211 -0.090553 -0.076242 -0.029108 0.033382 0.049995 -0.054338 0.024937 -0.000060 -0.025675 -0.001527 0.025794 0.035615 -0.066863 -0.024263 -0.038142 0.007788 -0.056846 0.032057 -0.048426 0.016745 -0.018604 -0.001449 -0.017998 0.184610 0.114408 -0.136286 -0.087525 -0.037291
0.073364 -0.168184 -0.068379 0.041217 0.158263 -0.081506 -0.019779 -0.008615 0.103734 0.053852 0.038135 -0.083903 0.042740 -0.062734 0.032771 -0.112754 -0.162974 0.032724 0.016908 -0.033342 0.062149 -0.078673 0.089909 0.017413 0.077766 -0.040545 -0.088877 0.005598 0.013056 -0.108052 -0.042779 -0.023590
-0.012944 -0.074098 -0.068446 0.035323 -0.051638 -0.049782 0.018977 0.101263 0.098506 -0.028878 0.034135 -0.049481 0.013614 -0.135055 0.105125 -0.000078 -0.168008 -0.019421 -0.013559 0.009386 0.077155 0.066080 -0.043012 0.063126 -0.191770 -0.057094 -0.103559 0.073681 0.011091 -0.172696 -0.247639 -0.074547
-0.053845 0.021174 -0.012294 0.020422 -0.052467 -0.065060 0.063591 0.093554 -0.016170 -0.049401 -0.035478 0.069437 -0.012680 -0.150389 0.016856 -0.023151 0.036491 0.038431 -0.016607 -0.044668 -0.067624 0.040159 0.111458 0.078738 -0.173364 -0.009962 0.031029 -0.039062 0.015892 -0.254477 -0.155566 -0.047843
-0.017192 0.021902 0.038177 -0.023033 -0.022751 -0.062840 -0.014446 -0.128744 -0.055088 0.047580 -0.093514 -0.006271 -0.030188 -0.137596 0.053905 0.042373 -0.087231 -0.013029 -0.011156 0.067178 0.030791 -0.029898 -0.073389 0.073036 -0.016549 -0.117088 -0.115974 -0.124483 0.076231 -0.147483 -0.144547 0.008362
-0.053009 0.022292 -0.014114 -0.131870 0.004553 -0.007910 -0.068401 -0.146889 -0.143123 -0.157928 -0.027252 0.110058 0.133412 -0.170429 -0.020338 0.029316 -0.014346 0.101353 0.136212 -0.036591 -0.025331 0.163561 -0.016000 0.116747 0.049040 -0.022817 0.029492 -0.053228 0.064826 -0.144826 0.100093 -0.007082
-0.065764 0.100426 0.022113 0.099787 -0.059842 0.091131 -0.205385 -0.005964 -0.037124 -0.045118 0.126534 -0.052069 -0.122602 0.009246 0.024956 -0.050910 -0.023249 0.042970 -0.014946 0.046631 -0.071838 -0.016507 -0.100247 0.109396 0.068745 -0.033705 -0.088336 0.006248 0.171592 -0.008958 -0.132738 -0.035922
-0.091569 -0.137807 -0.071068 0.025602 -0.033778 -0.085214 -0.118969 -0.131048 0.104563 0.042268 -0.131731 0.010229 0.000843 0.013959 -0.022953 -0.093864 -0.139369 -0.059741 -0.127481 0.110574 -0.204352 -0.024304 -0.018749 -0.018711 0.080770 0.234666 0.098459 0.073955 -0.089935 0.004708 0.051667 0.000356
0.015578 -0.035066 0.103336 0.013278 0.123600 0.203586 0.063605 0.121376 -0.137849 -0.002089 -0.089233 0.057280 -0.087782 0.047378 -0.154830 -0.096610 0.051543 0.030455 -0.067368 -0.100601 -0.004800 0.055409 0.121349 -0.029200 0.156831 0.012228 -0.136346 0.070218 -0.024424 0.118027 0.097741 0.064507
-0.020300 0.048057 0.083407 0.096886 0.073634 -0.089333 0.107144 0.052366 -0.032881 0.082723 0.060263 -0.048975 -0.058638 0.174665 0.258205 0.020099 -0.085346 0.005195 0.073237 0.044210 0.181391 0.003779 0.084930 0.067334 -0.033237 -0.091580 0.023528 -0.017120 -0.151685 0.076752 0.096010 0.061535
-0.060194 0.052434 0.055461 0.072225 -0.003771 -0.008892 -0.042178 0.109867 -0.041045 -0.098942 -0.025596 -0.163450 -0.082156 -0.091384 -0.125884 -0.009829 -0.044310 0.146336 0.037026 -0.073958 0.033793 -0.089291 0.074074 -0.030269 -0.106294 0.178930 -0.100862 0.053746 -0.041776 0.034069 -0.030179 0.011803
-0.101648 -0.036286 -0.102386 0.118381 -0.044120 -0.096320 0.081063 -0.043963 -0.046440 -0.034715 -0.037238 -0.031550 0.017925 0.162620 0.065109 -0.071023 0.048244 0.006067 -0.049666 0.003415 -0.052663 0.064700 -0.041042 0.038173 -0.063640 -0.047242 0.053117 -0.132493 -0.049736 -0.122331 0.098463 -0.106946
0.036058 0.062882 -0.087003 0.104591 -0.070631 0.044536 0.012402 -0.263082 0.016177 -0.011043 -0.055875 0.067309 -0.036380 0.009128 0.088046 0.078077 0.003286 -0.005667 -0.033179 -0.035375 0.104104 0.060530 -0.034800 -0.008272 0.157385 -0.018522 0.064310 0.007332 0.052832 0.008869 -0.018772 0.018210
-0.132389 0.037203 -0.006446 0.118301 0.059461 -0.039761 -0.020912 -0.008622 -0.216550 0.023708 -0.079452 0.008361 0.000133 -0.055032 -0.012940 0.005767 -0.011109 -0.134807 0.044837 0.011014 -0.001846 -0.017782 -0.056331 0.033915 0.112014 0.000057 0.059990 -0.080239 -0.086516 -0.141817 -0.083150 -0.068988
-0.057538 0.072365 0.029892 0.076647 -0.047940 -0.082969 -0.010856 0.016265 -0.209576 0.040616 -0.096239 -0.032697 -0.010455 -0.038061 0.095636 0.000041 -0.001685 -0.132523 0.061221 0.082891 -0.089300 0.015538 0.072553 -0.029613 -0.035246 0.058413 0.036468 -0.157651 0.168419 -0.204403 0.005943 0.021438
0.016592 -0.032718 -0.152809 0.050577 0.066367 -0.110700 0.040134 0.033891 -0.157340 -0.030390 -0.160007 -0.012919 0.024515 -0.122891 0.051560 0.039926 0.033370 -0.039104 0.210393 -0.123086 -0.075429 0.153507 -0.073748 0.033781 -0.009914 -0.035662 0.036971 -0.105002 0.210723 -0.137389 -0.048712 0.044357
-0.051734 -0.043981 -0.075168 0.055595 0.069623 -0.130490 0.029559 0.033301 -0.113765 -0.018461 -0.097454 -0.039327 -0.006685 -0.025027 -0.035822 -0.049826 0.064777 -0.119165 -0.057163 0.012753 -0.025944 0.035408 -0.122477 0.021106 0.047482 -0.003362 0.098458 -0.238517 0.102237 -0.265662 -0.033612 0.027207
-0.021744 -0.016154 -0.088765 0.097608 0.011789 -0.072115 0.021388 0.010424 -0.136482 0.041945 -0.118097 -0.099152 -0.078229 -0.053119 -0.002643 -0.017572 -0.135339 -0.050020 -0.004644 -0.045442 0.001462 0.027869 0.093924 -0.034925 0.000765 0.003310 0.049983 -0.078671 0.083381 -0.327228 -0.032846 0.024015
-0.067931 -0.094674 -0.131118 0.059036 -0.018273 -0.041856 0.089935 0.228100 -0.060316 0.121275 -0.038422 -0.071871 0.020990 -0.064325 0.182491 -0.107133 -0.208854 0.020908 -0.017867 0.027020 0.054592 0.053560 -0.064197 -0.145700 -0.116809 -0.030592 -0.062678 -0.236852 0.098761 -0.113661 -0.217204 0.037914
0.171611 -0.114143 -0.095281 0.194975 0.093348 -0.002418 0.009862 -0.059317 0.058751 -0.079840 0.048872 -0.143255 0.076224 -0.063911 0.159776 -0.032306 0.113413 0.036763 -0.098262 0.133887 0.164023 0.117195 0.256506 -0.043460 0.051651 0.092807 -0.134252 0.039134 0.013407 0.053894 -0.183975 -0.025070
0.111108 -0.032622 -0.043389 -0.076323 -0.107298 0.062283 0.025724 -0.121196 0.015105 -0.030095 0.098466 0.112969 0.016208 0.004689 0.070258 0.015203 -0.149503 0.026638 0.038497 -0.043420 0.090683 0.040521 -0.068158 0.141303 0.031214 -0.135616 -0.017622 -0.128822 -0.015015 -0.138021 -0.064732 0.057510
0.063759 0.032245 0.055304 0.068194 0.008485 0.067477 0.029734 -0.002307 -0.047848 -0.083108 0.035055 -0.018194 -0.011971 -0.064363 0.058377 0.180147 -0.064451 0.028350 -0.008756 0.025608 -0.112882 -0.103887 -0.040043 -0.028811 -0.193896 -0.054305 -0.125711 0.016993 0.015063 0.014517 0.040562 0.008760
0.108701 0.022729 -0.034604 -0.011040 -0.092745 -0.045836 -0.003843 -0.063749 -0.002816 0.114090 -0.084702 -0.051948 0.085156 -0.141747 0.045231 -0.042829 -0.020696 0.031620 -0.134577 -0.033673 -0.024861 0.009462 0.053865 -0.098043 -0.068836 0.009141 0.044940 -0.075666 0.057631 -0.047708 -0.065256 -0.108783
0.162495 0.129270 0.044552 0.116030 0.013912 0.004151 0.201270 -0.040678 -0.057220 0.009834 0.333799 -0.027486 -0.062728 0.139217 -0.002082 0.004508 -0.046811 -0.004613 0.078774 0.037097 -0.116231 0.049735 0.028753 -0.071149 -0.085747 -0.084330 -0.085125 0.004133 0.048884 -0.020448 0.011999 -0.111825
0.000623 0.076170 0.102377 0.064995 0.112074 -0.017712 0.004677 0.000022 0.079781 -0.043762 0.035650 -0.019231 -0.069643 0.062349 0.035608 0.121717 0.015530 -0.126876 -0.012399 0.103580 -0.042088 0.077329 0.048079 -0.018893 -0.011285 0.101399 0.046906 -0.024709 0.053999 -0.080422 -0.141971 0.189642
0.042842 0.037642 -0.094433 -0.083356 0.014062 -0.068092 0.017712 0.067634 0.053697 0.030898 0.162036 -0.005389 0.100090 -0.102108 -0.156439 -0.039527 -0.060340 -0.087907 -0.019645 -0.040134 0.097031 -0.084297 0.045750 0.116515 0.056838 0.034451 0.034990 0.094140 0.215474 -0.023421 -0.077332 -0.002822
0.050662 0.185575 -0.028623 0.137179 0.006229 0.118136 0.028371 0.039289 0.053262 0.041135 -0.000534 0.091095 -0.006164 -0.132066 -0.047521 -0.084245 -0.063481 0.126961 0.065855 -0.044822 0.033544 0.157536 0.065728 0.039918 -0.067568 -0.055625 -0.052200 -0.008050 -0.027124 -0.120877 -0.051334 -0.061900
0.044521 -0.182531 0.077729 0.052444 0.077788 0.025844 0.034888 -0.015137 -0.168241 0.055356 0.058599 -0.156052 0.088285 0.128084 -0.265591 -0.078798 0.051985 -0.036786 0.051346 0.007950 0.069958 -0.040161 -0.036879 0.064223 -0.090091 -0.038252 -0.121398 -0.078522 0.013092 -0.017595 -0.027166 -0.153811
0.128449 -0.116385 -0.157653 -0.090707 0.100402 -0.041647 0.097519 0.004277 -0.077342 0.142037 0.175561 -0.130599 0.010834 0.005881 -0.313537 0.045740 -0.045863 -0.101240 0.134830 -0.099402 -0.139846 -0.139703 -0.044637 -0.013349 0.099682 0.046976 -0.206577 0.009909 -0.047859 0.062638 0.036093 -0.108831
-0.104648 -0.085253 -0.057761 -0.041128 -0.048662 -0.043096 0.144558 -0.147183 0.091436 -0.018890 0.107774 0.144253 -0.048682 0.068767 -0.238618 0.072752 -0.121960 -0.043276 0.152526 -0.025074 -0.222106 -0.076614 0.112182 -0.010478 -0.005296 -0.068684 -0.184419 0.076731 0.057344 -0.143641 -0.055679 -0.024939
0.045972 0.018141 -0.053043 0.107402 -0.016770 -0.044913 0.050994 -0.199013 0.033027 -0.023657 0.095384 -0.026789 -0.087790 0.060098 -0.193505 0.043948 -0.110269 -0.044301 0.126893 -0.079832 -0.208687 -0.037072 -0.046369 0.104663 -0.102719 -0.062865 -0.157006 -0.082673 -0.032288 -0.105451 -0.024475 -0.098434
-0.008544 0.049707 -0.099325 0.009447 0.060000 -0.067339 0.027845 -0.278702 -0.013799 0.110740 0.154394 0.007676 -0.029801 0.008434 -0.147692 0.145262 0.003583 -0.045451 0.119818 0.101423 -0.199049 -0.036087 -0.037327 0.029337 -0.036086 -0.041980 -0.247146 -0.084644 -0.009066 -0.012373 0.033124 -0.126983
-0.172592 0.130269 -0.008599 0.077988 -0.086861 -0.109941 -0.034371 -0.256938 -0.003537 0.014703 0.096025 0.040832 0.037630 0.010677 -0.035615 -0.044919 0.035858 -0.008350 0.174503 -0.118287 -0.230429 0.013791 0.017954 0.087376 0.111124 -0.006413 -0.273123 -0.072492 0.034939 -0.149084 -0.008740 -0.118205
0.061324 0.031293 0.093586 0.000155 -0.093589 -0.046718 -0.048035 -0.177847 -0.014971 0.040362 0.124176 0.020890 -0.017456 0.042964 -0.137990 0.059004 0.002845 -0.133912 0.053377 0.090555 -0.259403 0.044938 0.006343 0.073172 -0.059673 -0.072424 -0.162105 -0.013095 0.060923 0.004847 0.057351 -0.030113
-0.074761 0.043183 0.005896 0.020161 -0.053163 -0.056244 -0.125132 0.061551 -0.064915 0.003786 0.112142 -0.042726 0.060086 0.037258 -0.085823 0.016354 -0.013964 0.003097 -0.006868 -0.027686 -0.231470 -0.152593 0.049106 0.180206 0.171651 -0.032474 -0.213950 -0.087314 -0.034461 0.060018 -0.026635 -0.018285
0.008331 -0.085948 0.049616 -0.126285 -0.094799 -0.041815 -0.038614 0.029959 -0.066985 0.142730 0.119103 0.027921 -0.103259 -0.008126 -0.139093 -0.082957 0.065111 0.059541 0.004514 -0.069729 -0.228269 0.034553 -0.109696 0.029026 -0.070928 -0.111581 -0.125511 0.105449 0.009577 -0.168484 -0.044373 -0.032397
0.160013 0.016018 -0.046658 -0.048763 0.001341 0.025479 -0.102879 0.030196 -0.041642 -0.139202 0.240215 0.027523 0.078367 0.009867 0.025275 0.076498 -0.002877 -0.108868 0.073810 -0.186258 -0.132178 -0.002705 0.041012 0.163846 -0.034909 -0.031423 0.037695 0.069319 0.017973 0.094026 -0.010491 0.007490
0.124856 0.023364 -0.170543 -0.027436 -0.085820 -0.000429 -0.010895 -0.039900 0.093772 -0.040533 0.213051 0.041536 0.095645 0.050879 -0.063428 -0.037373 0.160534 0.065555 -0.243117 0.062958 0.021543 0.022470 0.094786 -0.055663 -0.017714 -0.018812 -0.018161 0.118975 0.103819 -0.131541 0.078807 -0.028156
-0.083373 0.021412 0.081086 0.060376 -0.167537 -0.002681 0.029060 0.173036 0.062481 -0.044575 0.195766 -0.016492 0.019144 0.027480 0.078123 0.100325 0.074505 -0.067683 -0.102925 -0.076520 0.037299 -0.034449 0.026971 0.185894 -0.036779 -0.122016 -0.099665 -0.030016 0.119345 -0.112148 -0.081444 -0.317895
0.063488 0.073931 -0.088023 -0.246021 0.072424 -0.047311 -0.024400 0.135668 -0.070970 -0.056350 0.097925 0.040441 -0.124356 -0.046047 -0.151152 0.034061 -0.036108 0.031720 0.097036 -0.067583 -0.034846 -0.090583 -0.096905 -0.057136 -0.010651 0.161672 0.028107 0.109942 0.210134 -0.033750 0.116112 -0.060484
0.014778 -0.096520 -0.127132 0.034661 -0.054595 0.026846 0.056558 0.051502 0.030091 -0.036341 -0.076550 -0.126560 -0.155667 0.069784 0.083445 -0.119940 -0.083591 0.005641 0.014233 0.064880 -0.000588 -0.067737 0.040240 -0.051977 0.015505 -0.103636 0.047350 -0.071116 0.129468 0.003304 -0.094368 -0.188381
-0.064736 0.098057 0.228492 -0.087902 -0.048345 0.051597 0.036596 -0.061630 0.124876 -0.148918 0.101539 0.131809 -0.085337 0.159932 -0.084707 0.154091 0.069573 0.111837 -0.106305 -0.122749 0.075790 0.033959 -0.010815 0.002899 -0.009736 0.101274 -0.118496 0.019548 0.012772 -0.007614 -0.056886 0.097830
-0.012711 0.093828 -0.000367 0.060948 -0.027182 0.265812 0.052040 -0.098139 0.024802 0.129597 -0.043965 0.136497 -0.092122 -0.140908 -0.054603 0.166634 0.029952 -0.084161 0.204803 -0.018691 0.098544 0.069113 -0.036427 -0.067627 -0.086047 0.004855 0.030418 -0.027603 -0.155904 -0.040090 0.012267 -0.111234
0.006829 0.018414 -0.035458 0.020833 -0.062950 -0.078747 -0.101052 -0.017359 -0.068793 -0.123069 0.070420 -0.138701 -0.081228 -0.058606 0.106055 -0.017382 0.122955 -0.118879 -0.008892 -0.033563 -0.201598 -0.062027 -0.059702 -0.027375 -0.048548 -0.056645 -0.068404 0.000492 -0.098500 -0.196620 -0.052763 0.041580
0.071121 -0.022236 0.101409 0.137569 0.101130 -0.065603 0.051021 -0.016893 0.243009 0.004393 0.073752 0.223852 -0.204315 -0.083569 -0.055431 -0.020682 0.014521 0.022403 -0.028823 -0.012315 -0.086963 0.037222 0.040816 -0.031356 -0.109325 0.123478 -0.208696 -0.009088 0.192906 -0.150849 -0.018191 0.022974
0.028149 -0.083263 -0.126263 0.067188 -0.146244 0.013853 -0.137805 -0.055190 -0.067383 -0.036329 0.093658 -0.005059 0.055976 -0.029142 -0.046622 -0.002548 -0.010245 -0.014693 -0.109952 -0.088892 -0.035251 -0.080737 0.051144 -0.073806 0.041307 -0.064588 -0.169808 0.175010 -0.129904 0.093281 -0.084535 -0.067165
0.070275 -0.160223 0.001488 0.035488 0.148317 -0.091128 -0.142076 0.021810 -0.019367 -0.099855 0.063848 0.004369 0.020047 -0.048649 -0.015521 -0.035359 -0.041508 -0.113855 -0.064829 -0.095141 -0.119394 0.058621 -0.006291 0.023377 -0.208861 -0.056679 -0.077698 -0.039274 0.034348 -0.114207 0.095431 -0.006645
-0.068813 0.007756 0.034579 -0.205443 0.118601 -0.042118 -0.120514 -0.011127 -0.064423 -0.033169 0.084843 0.061103 -0.046972 -0.028680 -0.113863 0.003279 -0.027377 0.027710 0.014298 -0.104513 -0.214145 -0.190707 -0.060505 0.093875 0.106186 0.011104 0.038463 0.027327 0.092213 -0.128540 -0.052552 0.053830
-0.039100 -0.076313 0.095770 0.038671 -0.115544 0.032684 -0.065880 0.014296 -0.174391 -0.020918 0.126698 -0.097718 -0.081872 0.006805 0.007130 0.067838 0.134711 0.056530 -0.002151 0.033917 -0.246766 -0.010577 -0.148866 0.052963 0.079329 -0.104258 -0.219203 -0.014999 0.014283 -0.005355 0.189363 -0.037795
-0.124356 -0.019587 -0.074554 0.189735 -0.009606 -0.050638 -0.110600 -0.112760 -0.050002 -0.073609 0.053301 -0.080822 0.021039 0.031195 -0.129021 -0.133424 0.030438 0.015913 0.075194 -0.038679 -0.169985 0.017218 0.142879 0.072001 0.056703 -0.044836 -0.050634 -0.036534 0.077191 -0.015701 0.064227 -0.012359
-0.019093 0.097207 0.087973 -0.187092 -0.022660 0.085249 0.044256 0.099037 -0.023736 -0.086708 0.101212 0.029572 -0.017612 0.077648 -0.021832 -0.025869 -0.174775 -0.022823 -0.128721 -0.020263 -0.159223 -0.038744 0.132802 -0.085453 0.039987 -0.052768 -0.061488 -0.152110 -0.032556 -0.190257 -0.030906 -0.027628
-0.026244 -0.129113 0.058265 0.175896 -0.086711 0.028124 -0.043304 -0.007876 0.094342 0.012340 0.052613 -0.011576 -0.003033 0.118613 0.081085 0.183570 0.136301 0.021188 0.164561 -0.059524 -0.154029 0.065388 -0.081174 -0.028971 0.055807 0.166800 -0.003892 -0.033518 0.141398 -0.100645 -0.019022 0.201055
0.046850 0.016479 0.072217 0.016296 -0.003707 -0.085137 -0.053737 0.029842 0.004744 0.010129 -0.070631 0.009304 0.086367 -0.019688 0.056864 -0.138136 0.039200 0.001265 -0.021111 -0.026307 -0.170456 0.051027 -0.024918 -0.257192 -0.157901 0.017425 -0.084877 0.002844 -0.113544 -0.017697 0.009126 -0.166165
-0.004208 0.047673 -0.023450 -0.048311 0.055496 0.019729 -0.000432 0.128604 -0.095268 0.168916 -0.152052 0.029245 0.032961 0.067627 0.114658 -0.037563 -0.044557 0.158937 0.069566 -0.148522 0.008046 -0.092334 0.066475 0.099071 -0.082305 -0.197237 -0.019954 0.031448 -0.084788 0.096904 -0.002433 -0.088511
0.027349 0.119133 -0.156508 0.052448 -0.012353 -0.003822 -0.092451 0.101701 -0.024690 -0.148284 0.058054 0.129749 0.130803 0.118082 -0.047009 0.017089 -0.057692 -0.125433 0.060283 0.127054 -0.057805 0.031783 0.060667 -0.046026 -0.037344 0.051284 0.108068 0.076695 -0.120042 -0.070868 -0.013202 0.071568
-0.015855 -0.114780 0.192963 0.047405 0.173978 0.003148 0.032028 0.116939 0.006446 -0.036864 -0.124512 -0.163622 -0.041867 0.039712 -0.069682 0.041083 0.133178 0.064427 0.040574 0.006364 0.081165 -0.016953 -0.037580 0.088917 -0.011642 0.213978 -0.168966 -0.094393 -0.055737 -0.142405 0.104583 -0.078013
