-0.002010 1.092146 -0.037955 -0.212760 -0.019202 0.007285 -0.015655 -0.026223 -0.210056 0.001741
0.081749 0.010037 0.063155 0.021256 0.021794 0.017104 0.040958 -0.009968 0.358515 0.024537
-0.036799 0.012850 -0.104893 -0.008429 -0.063973 0.011311 -0.021486 0.139335 -0.174466 0.702327
-0.218280 0.005128 -0.115473 -0.009626 0.099563 -0.050971 -0.060256 0.710090 -0.038930 -0.537149
-0.156617 -0.018578 -0.064220 0.871706 -0.045123 0.062875 -0.066130 -0.005929 -0.041570 -0.013634
-0.112254 -0.031674 1.101540 -0.049346 -0.061011 -0.011626 -0.069082 -0.008298 -0.273350 -0.040692
-0.026794 -0.228437 0.970961 -0.120413 -0.017331 -0.004774 -0.031791 -0.013542 -0.166017 -0.027011
0.839402 -0.013133 -0.098085 -0.021920 -0.089013 -0.044265 -0.044343 -0.006891 -0.285306 -0.166850
-0.307560 0.149803 -0.570585 -0.468730 0.207019 -0.024153 -0.219653 0.181054 -0.063444 0.148913
-0.119881 -0.039712 -0.175993 -0.056535 -0.088715 -0.021026 1.116794 -0.015154 -0.142070 -0.042757
0.068387 0.030520 0.062876 0.048475 0.043054 0.007403 0.040416 0.005977 0.166489 0.028033
0.042414 -0.001163 0.041969 -0.004951 0.064788 0.027278 0.004364 0.012882 -0.005606 0.145953
0.003610 0.424212 -0.070024 0.141118 -0.015776 -0.000497 -0.001976 0.001876 -0.648079 0.027465
-0.044804 -0.109384 0.091629 0.031205 0.438811 0.188362 0.233949 0.000050 -0.035782 0.180141
-0.038279 -0.032735 -0.072790 0.838704 -0.016311 -0.044249 -0.017102 0.006190 -0.284367 -0.022466
0.092544 0.018418 0.178907 0.018959 0.050894 0.022853 0.048817 0.010599 -0.473199 0.017360
-0.037155 -0.034424 0.050789 -0.036261 -0.014825 -0.027268 -0.012793 0.859051 0.048490 -0.759092
-0.002083 0.016523 -0.076157 0.012070 1.098874 0.014360 -0.028378 0.095109 -0.022827 -0.795939
-0.062341 -0.013331 -0.050376 -0.136935 -0.044709 1.019174 -0.002588 -0.004964 -0.272642 -0.089270
0.026505 -0.023394 -0.022717 -0.037806 -0.015554 -0.002163 -0.009623 -0.038543 -0.146697 0.776830
0.014442 -0.062767 0.005251 -0.034584 0.000589 0.003617 -0.008923 0.960636 -0.055975 -0.423080
-0.016681 0.002156 -0.010262 -0.333941 -0.025921 0.907066 -0.082981 0.007021 -0.189803 -0.021876
-0.070078 -0.042914 -0.049947 -0.092581 0.673956 0.026704 -0.036601 0.020889 -0.125485 -0.284784
-0.062955 -0.018622 -0.054787 -0.044139 -0.065250 1.020265 -0.028596 -0.005493 -0.246685 0.020308
0.055688 0.173141 0.175330 -0.129733 0.190764 -0.075343 -0.142033 -0.046779 0.370478 -0.433981
-0.040723 -0.024341 -0.007205 -0.038835 -0.057739 -0.030730 -0.021023 -0.122215 -0.371010 0.744471
-0.029624 -0.025184 -0.046751 -0.191968 0.001201 0.602753 0.077395 -0.012531 -0.192149 0.017987
-0.217386 0.337812 -0.348876 0.131582 0.389537 -0.051306 0.087203 0.262113 -0.091108 -0.495265
0.098755 -0.057783 -0.439680 0.494463 0.180674 0.108872 -0.403742 0.438687 0.311230 0.346884
0.034758 0.002968 0.033751 0.602818 -0.016999 0.048371 -0.008838 -0.036590 -0.354691 -0.005074
-0.262623 0.055474 -0.070743 -0.214063 -0.135195 0.037515 0.056400 -0.243234 0.143230 0.127919
-0.073639 -0.026600 -0.061716 -0.019660 -0.022250 -0.016401 -0.027904 0.012895 0.579698 -0.027583
