-0.060977 0.297861 0.211628 0.118602
0.430551 -0.271051 -0.049541 -0.280016
-0.166210 0.109417 -0.061900 0.254380
0.233131 -0.339732 -0.361641 0.047611
0.383062 -0.166561 0.231670 -0.177841
-0.137934 0.092683 0.180272 -0.362770
0.076958 0.223234 0.416997 -0.076736
0.229418 0.079025 -0.228254 0.197891
-0.379794 0.196352 0.146671 -0.034333
0.316644 -0.028678 -0.404798 0.133487
0.011952 -0.105518 -0.130566 0.106497
0.017019 -0.179782 -0.218770 0.003524
0.038772 0.162680 -0.034355 0.045715
0.189292 -0.449104 0.006726 0.212178
-0.122122 0.424012 -0.342574 -0.120906
0.146634 -0.109570 0.089909 -0.163545
-0.258700 0.288653 0.018725 0.072942
0.171784 -0.069028 0.126997 -0.288640
-0.391093 -0.012149 -0.318381 0.269567
-0.258614 0.187946 0.105350 -0.000299
-0.151544 -0.334993 0.093722 0.186780
-0.097860 0.089094 -0.188275 0.144289
-0.005018 -0.374867 -0.219939 0.209410
-0.137520 0.004468 -0.089266 0.007833
0.177983 0.117618 -0.168093 0.248602
-0.071002 0.255290 0.178072 -0.209750
0.017153 0.356265 0.159925 -0.183603
0.059517 0.031599 0.385984 -0.158225
