0.269325 0.087737 0.219236 0.216180
-0.285948 -0.189425 0.526581 -0.055022
0.055377 -0.133050 0.021927 0.094988
0.316818 -0.185810 0.031372 -0.091274
-0.079876 -0.215253 -0.053698 0.076982
0.177610 -0.096427 -0.033541 0.321185
-0.052640 0.082576 -0.149269 0.129950
-0.146739 0.232264 -0.132437 -0.258062
-0.014785 0.011854 0.308940 -0.171942
-0.017191 -0.104357 -0.060145 -0.369238
-0.091950 -0.072048 -0.365400 0.370098
0.078191 -0.134844 0.114528 -0.411165
-0.214344 0.377475 -0.081620 -0.060386
-0.280403 -0.180458 0.024644 -0.062911
-0.272657 -0.262711 -0.263367 0.242265
-0.165508 0.011491 0.028101 -0.103867
-0.006416 -0.345764 -0.020005 -0.074318
0.263039 -0.332565 -0.233516 -0.054810
0.165425 -0.406360 -0.183303 -0.336241
0.229397 0.071106 0.119864 -0.308959
0.092889 -0.460171 -0.325114 -0.600645
0.190490 -0.163630 0.199162 0.104387
-0.046394 -0.396785 -0.329600 -0.092497
0.034294 0.108616 -0.372645 -0.249409
0.113123 -0.268420 -0.067299 -0.127536
0.218508 -0.412817 -0.190936 0.049414
-0.170277 0.135928 0.176733 0.061127
-0.229396 -0.083266 0.569265 0.164513
