-0.437091 -0.233971 -0.288198 0.143222
0.201586 -0.488072 0.312862 -0.499918
-0.067804 -0.495892 0.103867 0.124210
-0.093958 -0.041687 -0.319708 0.037214
-0.265373 -0.237608 0.064871 -0.446530
-0.288985 -0.278446 -0.145384 0.136898
0.281154 -0.255630 0.121917 -0.345364
-0.121019 -0.251270 0.062445 -0.362380
0.128477 -0.127666 -0.598617 0.053034
0.125847 -0.063533 0.416809 -0.492823
0.222475 -0.237572 0.046875 -0.321100
-0.051615 0.064245 0.074233 -0.139935
-0.189287 -0.424623 -0.931968 -0.101498
-0.080816 0.164325 -0.062929 0.144857
-0.323884 -0.416478 0.200652 0.247908
-0.325274 -0.026373 -0.247404 0.021858
-0.127888 -0.127165 0.023312 -0.040991
-0.182867 0.009005 0.019520 -0.159683
-0.266704 0.135351 -0.214701 0.069411
-0.099512 0.006442 0.150647 -0.282039
-0.379405 0.108106 -0.142531 -0.279460
-0.655771 0.023781 -0.303590 -0.223739
0.109154 0.178392 0.238705 0.181873
-0.323762 0.257382 0.422888 -0.273002
-0.141247 -0.042036 -0.229977 -0.625562
0.024972 0.197575 0.208186 -0.254554
-0.214946 0.050436 0.283911 0.245997
-0.265352 -0.142060 -0.177248 -0.289628
