-0.217485 0.020232 -0.262986 0.372430
0.478570 -0.504703 0.389087 0.115122
-0.189020 -0.503693 -0.471267 -0.159003
0.213143 0.350418 0.070374 -0.185484
0.341242 -0.404351 0.112294 -0.022152
0.023756 0.352919 0.022692 0.137390
-0.086890 -0.319901 -0.066423 0.008584
-0.400825 -0.220947 0.104390 0.146867
-0.092683 0.232698 0.105306 -0.205010
-0.304127 -0.458862 -0.260022 -0.287219
-0.126229 -0.050298 0.282656 0.129174
0.236840 0.185685 -0.123065 -0.444855
0.230852 0.093310 -0.278825 -0.300481
-0.495274 -0.247678 0.365754 0.204874
-0.047400 -0.035969 -0.181743 -0.408847
-0.034746 -0.240159 -0.004134 0.005318
0.002291 0.045018 -0.221894 0.318697
0.141935 -0.319012 0.076379 -0.585446
-0.164089 -0.271634 0.012074 0.206208
0.121432 -0.364345 -0.032252 -0.163771
-0.621840 0.057965 -0.008819 0.251166
0.235568 -0.034455 -0.342266 -0.101604
0.216095 0.077628 -0.329180 -0.385653
-0.637657 -0.308459 -0.341632 0.063863
-0.151038 -0.364616 -0.369455 -0.244009
0.764749 -0.169795 0.304907 0.751820
0.091502 -0.211395 0.475053 0.249949
-0.024560 -0.464644 -0.460437 -0.189707
