0.026919 0.006931 0.049121 0.002599 0.104175 0.027436 -0.011999 -0.014230 -0.013876 -0.056699
0.629083 -0.012385 -0.053681 -0.081816 -0.049622 -0.036583 -0.058739 -0.007858 -0.108762 -0.029800
-0.002540 -0.006656 -0.014273 0.013807 -0.099747 -0.021076 -0.011892 -0.097655 -0.076686 0.425159
-0.011273 -0.000704 -0.009145 -0.011364 -0.230909 -0.013124 -0.011739 -0.048664 -0.048753 0.504745
-0.006369 0.003734 0.000061 -0.006525 0.334943 -0.032450 -0.002458 0.016240 -0.140041 0.051462
-0.027607 -0.014908 -0.046905 -0.099841 0.003418 -0.025605 -0.045327 0.012334 -0.152947 0.471983
-0.016510 0.001688 0.000426 -0.031626 -0.035810 -0.008872 0.005680 0.713791 0.013579 -0.564528
-0.018951 -0.014641 0.625842 -0.102868 0.009473 -0.007842 -0.017307 -0.001033 -0.353590 -0.018027
-0.022935 -0.001982 -0.047223 -0.055554 0.179003 -0.040582 -0.022805 0.074924 -0.033487 0.121443
-0.030999 -0.045440 -0.019749 -0.180775 -0.038340 -0.095693 -0.122899 0.102382 -0.105842 0.026192
-0.043442 -0.019154 -0.051231 -0.105363 0.003628 -0.051587 -0.028187 -0.000618 0.419952 -0.064856
-0.070512 -0.018257 -0.085580 -0.087130 -0.066451 -0.069749 0.682519 -0.014401 -0.171324 -0.033687
-0.042448 -0.002623 -0.047412 -0.025281 0.504549 -0.010044 -0.031153 -0.017361 -0.029211 -0.153231
-0.004889 -0.008743 -0.039272 -0.079398 0.021686 -0.009414 -0.017784 0.701074 -0.051319 -0.396068
-0.015408 -0.033684 -0.028572 -0.006948 -0.039379 0.142162 0.203652 0.005681 0.011279 0.035716
-0.014302 -0.004780 -0.049629 -0.001478 -0.058437 -0.006535 -0.051976 -0.019645 0.242109 0.010279
-0.044603 -0.001589 -0.054065 -0.063391 -0.073840 0.686771 -0.089601 -0.030914 -0.174141 -0.025046
0.009287 0.005474 0.022084 0.022517 0.009074 0.016687 0.018602 0.008454 0.107851 0.019888
-0.008352 0.653683 -0.037864 -0.206481 -0.068038 -0.038488 -0.011400 -0.038622 -0.273204 -0.024365
0.034348 0.003378 0.045356 0.027417 0.037975 0.015757 0.047356 0.014985 -0.308431 0.016300
0.002107 -0.003016 0.001126 0.039246 0.602660 0.000543 -0.023252 -0.073259 0.021875 -0.592789
-0.038167 -0.010253 -0.045331 0.645816 -0.006042 -0.064387 -0.017982 -0.021812 -0.216341 -0.039500
-0.003417 -0.004114 -0.031166 0.505547 0.005536 -0.007452 0.003943 0.023797 -0.338821 -0.077247
0.002280 0.676851 -0.201835 -0.042480 -0.024126 -0.007975 0.000937 -0.039128 -0.328241 0.011450
0.003312 -0.011517 -0.064340 -0.072757 0.192644 -0.027204 0.013224 0.037132 -0.022899 0.170391
-0.050043 -0.015780 -0.049531 -0.132070 -0.034256 0.639466 -0.057668 -0.012280 -0.092739 -0.043096
-0.044262 -0.006078 -0.028464 -0.141237 -0.025170 0.676573 -0.067392 -0.006975 -0.250655 -0.070632
-0.057631 -0.017978 0.656767 -0.081976 -0.105105 -0.044072 -0.068935 -0.007335 -0.087088 -0.000783
0.079739 0.010309 -0.215240 0.002899 -0.019364 0.007654 -0.001611 0.054380 -0.026661 0.137932
-0.070115 -0.022291 -0.024382 0.340885 0.120729 0.012694 -0.053662 0.031731 -0.022386 -0.080962
-0.150300 0.077904 0.123719 -0.045624 -0.077565 0.103944 0.187744 -0.060995 0.038170 -0.166417
-0.152301 -0.129603 0.081047 -0.076213 -0.151839 0.077412 0.027795 -0.040411 -0.014771 -0.001209
0.021274 0.208846 -0.062510 -0.004443 0.005779 0.088439 0.097576 -0.009201 0.057521 -0.086071
0.145057 -0.054523 -0.012790 -0.034576 -0.008657 0.057446 0.048476 -0.073434 0.045957 -0.041783
0.066869 -0.052576 -0.004475 0.050355 -0.028987 -0.131126 -0.105165 0.114162 0.082143 0.042536
-0.083487 0.207831 0.064029 -0.141652 0.057598 0.052966 0.065660 -0.075753 0.052726 0.026129
0.080971 -0.184757 -0.177769 0.036612 -0.130452 -0.140258 0.135725 -0.023520 -0.000691 0.037182
0.001984 -0.082907 -0.083634 0.006109 0.055206 -0.105594 0.168721 0.006653 -0.008506 0.040972
0.256682 0.029376 0.038262 0.046854 -0.087645 -0.005966 0.064598 0.032994 -0.006647 0.048699
-0.066352 -0.063059 -0.016538 -0.093969 -0.078945 -0.127259 0.209116 0.103646 0.030313 0.019938
0.007735 0.033053 0.020646 -0.046489 -0.003980 0.028321 0.015601 -0.064041 -0.042268 0.053640
0.006061 0.027241 0.071066 0.014848 -0.026213 -0.018864 0.072278 -0.018582 0.019193 -0.022921
0.021922 -0.008743 0.096388 -0.057925 -0.158408 0.076687 0.194275 0.054110 0.098161 -0.076898
0.044764 0.026977 -0.016472 0.063734 0.040507 0.017291 0.169632 -0.015136 -0.105950 0.021281
0.001279 0.017326 0.050282 0.080491 -0.005008 -0.002423 0.043651 0.008996 0.024379 -0.027466
0.003698 0.008952 0.022560 0.074003 0.031495 -0.009296 0.052550 0.012586 -0.005011 0.013576
0.103401 -0.058485 -0.045737 -0.003170 -0.004688 0.039837 0.077652 -0.057307 0.040223 -0.078072
0.008543 -0.011549 -0.013190 0.005147 0.014331 0.016745 0.011293 -0.004622 -0.008713 0.015809
0.000774 -0.006323 0.010724 0.018281 -0.013568 -0.046852 0.029651 -0.011453 0.079691 -0.017196
0.029851 0.006039 0.019242 0.019056 0.017526 -0.000366 0.036905 -0.022626 0.020884 0.009065
-0.004430 0.043268 -0.012522 -0.045505 0.097261 -0.017321 0.016999 0.006895 0.022964 -0.029548
0.003812 0.000790 0.013387 0.008994 0.022455 -0.002252 0.029647 -0.009040 0.004906 -0.019464
0.038653 -0.001724 0.022328 0.101454 -0.040820 -0.004588 -0.012755 0.031500 0.014587 0.052687
0.024247 0.010743 0.035273 0.022423 0.035430 0.002617 0.020857 0.003459 -0.019236 0.001972
-0.021991 0.011539 0.025539 0.011487 0.120251 -0.003387 0.139548 0.001430 0.047032 -0.064811
0.000530 0.000342 -0.003434 0.034420 0.003539 -0.010045 0.011499 -0.003554 -0.022291 0.008078
0.148165 -0.079423 0.017555 -0.004286 -0.165209 -0.007090 -0.000199 -0.078368 0.075045 -0.035364
-0.016930 -0.079605 0.045897 0.032185 -0.050445 -0.161657 0.138899 0.122503 0.021283 0.086711
-0.110439 0.154446 -0.080113 0.099111 0.009233 -0.215074 0.035274 0.014637 -0.076515 0.004299
0.090553 0.002989 -0.097169 0.010792 -0.016162 -0.084478 0.023139 -0.013907 -0.058189 0.135015
-0.125209 0.051252 -0.029225 -0.005301 -0.101047 -0.030837 0.151823 -0.041221 0.046109 -0.096366
0.014357 0.069359 0.030773 0.029707 0.027268 0.033841 0.060412 -0.062811 -0.002211 -0.049466
-0.008899 -0.089913 0.061847 -0.015586 -0.014520 0.001246 0.284472 0.050748 0.001339 0.039943
-0.021166 -0.023656 0.021871 -0.015157 -0.060354 -0.041594 -0.003663 0.036029 0.068997 -0.004535
0.062127 0.064903 -0.030174 -0.042602 -0.051973 -0.055886 0.110539 -0.045885 -0.030611 -0.043091
0.006398 0.001523 0.010169 0.025750 0.013778 -0.015198 0.010754 0.002568 -0.046222 0.003596
-0.031391 -0.001842 -0.022339 0.036954 0.093109 -0.019555 0.032077 0.006173 -0.041704 -0.035231
0.020068 -0.000524 -0.001349 -0.005398 0.020529 0.012615 0.000698 0.000691 0.033980 -0.000955
0.018057 0.019989 -0.008878 -0.004835 0.055417 -0.030629 0.083686 0.004709 0.020334 -0.043290
-0.001026 0.005878 0.019514 -0.019310 0.035881 -0.001219 0.015811 -0.003105 -0.011278 -0.012599
-0.038229 0.014908 0.030116 -0.018655 0.015476 0.004257 0.053214 0.012250 0.010305 0.022704
0.013652 -0.001831 0.015520 0.008034 0.022405 0.000232 0.008512 -0.005493 0.005007 0.001676
0.012888 0.008861 -0.002828 -0.009400 -0.029529 0.082380 0.067784 -0.002065 0.013561 0.027383
0.013081 0.001369 0.007359 0.010644 0.016219 0.003204 0.013873 0.003354 0.003109 -0.000775
-0.016108 0.002695 -0.003726 -0.055394 0.029710 0.094196 0.012886 0.016140 0.045813 -0.004448
-0.000372 0.003699 0.007527 0.004413 0.014212 0.007027 0.001607 -0.001501 0.025589 0.008701
0.033557 -0.000586 0.003812 0.011231 0.006596 -0.006153 0.064749 -0.017932 0.024329 0.018535
0.003800 0.001469 0.009657 0.027417 0.008208 0.004610 0.011363 0.000411 -0.012184 -0.007281
-0.001992 0.009008 0.000283 0.017541 -0.000637 0.064883 0.020445 0.016500 -0.003080 0.018936
0.005413 0.002768 -0.005198 0.000642 -0.001193 -0.004987 -0.007551 0.013328 0.013792 0.021115
0.017902 -0.011224 -0.028185 0.032003 0.027541 0.048621 0.034493 -0.012881 0.022038 -0.027110
0.012331 0.006906 -0.005364 0.018848 0.003948 0.012844 0.006532 -0.008973 -0.004704 -0.011884
0.008960 0.050709 0.024911 0.027841 0.026619 0.025657 0.022054 -0.000931 0.070420 -0.008705
0.008728 -0.004650 0.013183 0.006971 0.004162 0.005909 0.000205 0.004901 -0.006929 0.003131
0.032729 0.002509 0.016650 0.027534 0.012368 0.014118 0.028409 -0.019025 -0.002304 0.015312
0.034541 0.016981 0.071789 0.009419 -0.079120 -0.001552 0.231434 0.005650 0.141857 0.062756
-0.176204 -0.014624 -0.001390 -0.100015 0.041514 0.073595 0.002660 -0.047801 -0.001312 0.015114
-0.030626 0.004538 -0.053453 0.052770 0.029947 -0.029539 0.120653 0.125756 -0.050529 -0.001946
0.025163 0.000526 0.025924 0.028366 0.005497 -0.011379 0.005860 0.022646 0.011138 0.026363
-0.038363 0.033873 -0.052112 -0.035188 -0.016897 0.273129 0.209683 0.110833 -0.131239 -0.052311
-0.029066 -0.010298 0.066166 0.024257 0.068385 0.106701 -0.011675 -0.111590 0.098160 0.074607
-0.063668 -0.009176 0.021810 0.021284 -0.025064 -0.019059 0.104210 -0.050843 0.102688 -0.040418
0.005233 0.003427 0.027280 0.015491 -0.000930 0.014333 0.003626 0.024522 -0.010856 0.003343
-0.031334 0.034082 0.013958 -0.108116 0.004763 0.184891 0.101334 0.022945 0.026474 0.009684
-0.008953 -0.154524 -0.108981 -0.012189 -0.008417 0.166873 0.024275 0.023786 -0.002533 -0.016959
0.044919 0.041791 0.049205 0.119216 0.004548 0.003856 0.030759 0.041872 -0.016623 0.038391
-0.003690 0.003902 0.015857 0.010123 -0.002194 0.005719 0.030196 0.007639 -0.037705 0.010683
-0.031337 0.037686 0.034989 -0.057264 -0.033551 0.121239 0.163159 -0.120812 -0.071539 0.075341
0.031246 -0.016038 0.087914 0.042977 -0.010405 0.180265 -0.018448 0.072896 0.084886 -0.055547
-0.026500 0.014667 0.111400 0.052299 -0.054246 0.139145 0.044878 -0.009244 -0.017245 0.033113
0.004376 0.008279 0.007957 0.025904 0.004480 -0.002339 0.016616 -0.028238 0.014609 0.010916
0.077957 -0.027684 -0.070018 0.033888 -0.093724 0.150978 0.089126 0.085433 -0.013275 0.034272
0.049871 0.072970 0.003534 -0.040098 0.146894 0.121413 0.043212 -0.015110 0.048011 0.107191
-0.034180 -0.050647 -0.049084 -0.005677 0.071183 0.041374 0.049199 0.002895 0.078995 -0.039534
0.001639 0.000443 0.005046 0.003945 0.006910 0.017968 -0.007811 0.009640 0.029947 -0.013722
0.002998 -0.030037 -0.067251 0.055021 -0.008798 0.075571 0.155721 -0.073186 0.001933 -0.041134
0.029220 0.022100 -0.104528 0.033861 0.014744 0.014764 0.012299 0.005959 -0.030490 0.141109
0.107289 0.046955 0.043768 0.107733 0.033522 -0.053501 -0.034012 0.039851 0.078037 0.056218
0.018202 -0.003740 0.026481 0.024214 0.002010 0.018910 0.003414 -0.010150 0.064906 0.023867
0.055240 -0.014008 -0.040946 0.032211 0.005468 0.217896 0.160762 -0.001642 -0.016151 0.017692
0.002007 0.009620 -0.008243 0.025449 0.112016 0.056590 0.084572 0.000722 0.015523 -0.131558
0.012512 0.194321 0.048763 -0.024389 -0.081206 0.100360 -0.033517 -0.084661 -0.027282 0.057098
-0.115384 -0.149098 -0.120600 0.067844 -0.020909 0.331858 0.087658 -0.024795 0.015292 -0.008659
-0.079994 0.076137 0.269498 0.024096 -0.028104 0.099491 0.025655 0.062013 0.056467 0.011132
0.144805 -0.011152 0.001732 -0.043428 0.023647 -0.003201 0.016766 0.024980 0.018865 0.039169
0.004722 -0.019601 0.005776 0.047053 0.011907 0.069757 -0.029673 0.014762 0.221754 -0.004278
-0.258332 -0.021109 0.081989 -0.026873 -0.140578 0.065815 -0.049184 -0.021939 -0.032907 -0.027374
-0.177506 -0.086152 -0.007597 0.233186 -0.073860 0.154281 -0.055535 0.052573 0.063562 0.006222
0.153444 0.021014 -0.015916 0.045354 0.009735 -0.026835 0.041032 -0.038347 -0.043051 -0.029274
-0.002644 0.009289 0.066572 -0.006719 -0.053138 -0.022572 0.010577 0.018545 0.186465 0.001241
-0.015598 0.000010 0.149849 -0.152153 0.011584 0.172541 -0.081245 0.177512 0.128785 -0.029042
0.023127 0.030424 0.001456 0.149539 0.008405 0.115766 -0.110192 0.017718 0.038415 -0.027377
0.037640 -0.009292 0.017119 -0.027865 0.005898 0.017681 0.031182 0.041151 0.055300 -0.007215
-0.025612 0.018641 0.029783 0.019260 0.043868 0.044012 -0.036696 0.034356 0.045450 -0.018929
-0.140758 0.160268 0.350413 -0.089682 0.076899 -0.073916 -0.009657 -0.076573 -0.023295 -0.041289
-0.082598 0.011031 0.009637 0.009405 0.027520 0.119314 -0.057815 0.028116 -0.035493 0.074326
0.065294 0.006138 -0.034222 0.027133 -0.036667 -0.019335 0.027919 -0.048173 0.021226 -0.018912
0.001752 -0.003505 0.028914 0.030883 0.033520 -0.026203 0.003140 0.010188 0.052176 -0.049422
0.011635 0.103415 0.197814 0.111825 0.011235 -0.104452 0.022454 0.006421 -0.154716 -0.033415
0.011899 -0.001154 0.000537 0.059798 -0.013388 0.004962 0.014095 0.059912 -0.156168 0.058790
-0.009755 -0.013524 0.019073 -0.005771 0.018114 -0.024516 -0.009068 0.009884 0.133603 0.000494
-0.012841 0.028330 -0.004159 -0.003075 0.043656 0.011372 -0.010783 0.023351 -0.079029 0.059217
-0.023557 0.097102 0.175631 -0.143751 -0.052347 -0.012397 -0.057377 -0.007747 -0.180258 0.019071
-0.043579 -0.032306 -0.019771 0.143358 -0.034111 0.037824 -0.028913 -0.116212 -0.009138 -0.058817
0.009194 0.017883 0.042075 -0.021293 0.006237 -0.010485 0.017729 -0.009240 0.123782 -0.019332
-0.025622 -0.013173 -0.016802 -0.000698 0.021839 0.011425 -0.042161 -0.039077 -0.043431 0.015519
0.015312 0.004308 0.074145 0.060583 0.040321 0.106973 -0.029822 0.082782 -0.150869 0.033790
-0.006530 0.012795 0.032657 0.125457 0.025725 0.036805 -0.057908 0.013394 -0.156544 0.036711
-0.001238 -0.004894 -0.003685 -0.035031 0.016281 0.006868 0.026530 0.014917 0.229412 0.028179
-0.030312 0.020340 -0.033568 -0.018173 0.092182 -0.037237 0.010320 0.144429 -0.066318 0.069524
0.255815 -0.015663 -0.049497 0.001093 0.011396 0.014437 -0.074453 -0.002022 0.032796 0.009174
0.228782 0.021441 0.055340 -0.028372 0.027025 0.050610 0.007192 0.081371 0.049980 -0.130694
0.233921 0.000311 0.049482 -0.014887 0.036440 -0.000459 -0.000890 0.014858 0.001721 0.052001
-0.009018 -0.117240 -0.031805 -0.039300 -0.099146 -0.117784 -0.056284 -0.185927 -0.021952 0.079727
0.130520 0.064265 -0.079148 0.047918 -0.111510 -0.014469 -0.070078 0.044674 -0.008329 -0.094619
0.033865 0.049214 0.077120 -0.048465 0.158145 0.183904 0.154697 0.021728 -0.122698 0.003145
0.152219 -0.048235 0.070872 0.019075 0.033733 0.014587 0.053640 -0.003582 0.093275 -0.017046
-0.023202 -0.055926 -0.131727 -0.138858 -0.063666 -0.094348 -0.145570 -0.061379 0.153655 0.043952
0.105792 0.057182 -0.035513 0.003831 -0.020258 -0.020023 -0.073845 0.033672 -0.067570 0.024278
-0.091163 -0.043692 -0.082359 -0.067717 0.076843 0.098237 0.132603 0.064132 0.154016 0.032705
-0.041904 -0.054080 0.021486 0.095283 0.050330 0.011381 0.014756 -0.031997 0.079454 -0.116791
0.178105 0.071986 0.095514 -0.194733 -0.051586 0.026208 -0.049288 -0.071941 0.112331 0.036338
0.076655 -0.052167 0.004412 -0.069095 0.012822 -0.012664 0.033520 0.057380 0.030461 -0.004547
0.012633 0.015466 -0.050825 0.170932 -0.097718 -0.002007 -0.065230 -0.056780 0.157255 0.054454
0.011954 0.137109 -0.023933 0.052042 -0.009375 -0.010935 0.028882 -0.046133 0.014394 -0.052848
0.014712 0.064036 -0.041342 -0.031890 -0.156667 0.106591 -0.084097 0.033130 0.083307 0.081144
0.050939 0.054704 -0.011080 -0.035224 0.028325 -0.014199 -0.104188 0.090666 -0.120404 0.024368
-0.131006 -0.060635 0.029648 0.029592 0.112417 -0.029079 0.097263 -0.067474 -0.070449 -0.129064
-0.000821 0.146462 0.008309 -0.039786 0.036737 0.117806 0.036074 -0.046427 -0.066503 0.079611
-0.016284 -0.023714 0.011142 -0.016431 0.060285 -0.102671 0.032415 0.074701 -0.022351 0.074084
-0.078663 -0.019843 0.020568 -0.024190 -0.061003 -0.036191 -0.008852 0.176016 0.003208 0.171415
-0.001248 0.057728 0.016647 0.021483 0.204587 -0.047036 -0.038917 0.043760 -0.075577 -0.084300
0.105066 -0.126356 -0.111749 -0.058067 -0.025218 0.044736 0.017947 0.067030 0.021692 0.141417
0.075537 0.064901 -0.012760 -0.048477 -0.034786 -0.098877 -0.030502 0.150392 -0.084004 0.147554
-0.149492 -0.152735 -0.096279 0.014954 0.121909 -0.093613 -0.025391 0.048346 -0.054516 0.253164
0.004982 -0.021715 0.078535 -0.013308 0.018181 0.115933 0.012290 -0.018450 -0.042700 0.064904
-0.063782 -0.148674 0.024008 -0.106301 0.061098 0.037910 0.120906 0.103392 0.009560 0.058768
0.056028 -0.032408 -0.005736 0.018712 -0.041863 0.025142 -0.043718 -0.053187 0.069978 -0.022434
-0.036852 -0.005494 0.018265 0.024009 0.061791 0.021389 0.003925 0.029784 0.204650 -0.024425
0.048191 -0.026519 0.002908 -0.046347 0.054439 -0.064106 0.066438 0.160265 -0.221934 0.073450
0.000714 -0.023085 0.037979 0.014879 -0.004340 0.015784 0.034812 0.014822 0.155620 0.037523
0.002071 0.016821 0.035557 0.081089 0.143488 -0.031138 -0.044775 0.008723 0.026309 0.066204
0.035749 -0.007425 -0.000932 -0.122597 0.024432 -0.051371 -0.018974 0.039685 0.174635 0.060767
-0.029834 0.063211 -0.041157 0.138668 0.025022 0.100325 0.030051 0.005154 -0.133591 0.020430
0.094304 0.005801 -0.046481 0.015742 0.027960 -0.020596 -0.028129 0.038485 0.104833 0.025461
-0.121626 0.025200 -0.021833 -0.048290 -0.005178 0.012273 0.034036 -0.002467 0.017918 0.067922
0.000397 0.027997 -0.037344 0.065510 0.026685 -0.019775 0.005044 0.141065 0.034495 0.012196
-0.026672 -0.003538 0.005861 -0.142650 0.081917 -0.034215 0.009887 -0.047818 -0.020311 0.036313
0.024916 -0.017201 0.031566 -0.007424 0.019355 -0.055385 -0.019567 0.110988 0.003138 -0.013696
0.081135 0.004425 -0.046980 -0.080699 0.190642 0.066925 -0.021877 0.158790 0.124032 0.076391
0.060376 -0.036181 0.010898 0.028860 0.070102 -0.058207 -0.052009 0.115365 -0.111005 0.035936
-0.091397 -0.017708 0.086708 0.041475 -0.026952 0.106526 0.088105 -0.062606 0.131764 0.004241
-0.085568 0.039053 -0.021370 0.093972 0.018854 -0.044175 -0.003217 0.034270 0.025639 0.090921
-0.026268 0.028912 -0.017717 0.052466 -0.039144 -0.124995 0.024508 -0.004787 -0.223466 0.052703
-0.086113 -0.013861 -0.015257 -0.070499 -0.094552 0.027586 -0.040223 0.052107 0.027935 0.191234
0.091059 -0.027165 -0.088283 -0.034749 -0.048686 -0.075399 0.051520 0.194321 -0.095058 0.022746
-0.046001 -0.097441 -0.031124 -0.054231 -0.011081 -0.022882 0.076374 0.170606 -0.117434 0.011308
-0.086948 -0.111220 -0.026739 -0.045385 0.103175 -0.013897 -0.118095 0.201336 0.082568 0.147312
-0.038986 0.037357 0.085294 -0.007903 0.039907 0.053267 0.010153 0.026309 -0.092181 0.150057
0.123499 0.005156 -0.050449 -0.019075 0.005565 -0.125944 0.017820 -0.058932 0.116029 -0.108416
0.101099 0.041685 0.068895 0.042137 -0.102302 0.001002 -0.135900 0.012865 0.104439 0.066908
0.027709 0.108719 -0.079628 -0.057233 -0.142714 0.096428 -0.014139 0.016143 -0.046760 0.095499
-0.140521 -0.090814 0.001688 0.006703 -0.027527 0.062761 -0.026770 0.040013 0.157668 -0.000875
0.100245 0.011594 -0.013690 0.154344 -0.007398 0.098503 0.024083 0.071752 -0.061859 0.050711
0.097169 0.128631 -0.017810 -0.212119 -0.023934 -0.063672 0.006376 0.120268 -0.112839 -0.120218
-0.058323 0.224679 -0.025464 0.089357 0.042797 -0.152871 -0.044191 0.148449 -0.125121 -0.190168
