0.046144 -0.084137 0.451556 0.223722
-0.219264 -0.193628 0.260417 0.020579
0.209664 0.213601 -0.477645 -0.006702
-0.044579 -0.306501 0.079996 0.084205
0.159175 -0.038375 -0.175684 -0.629776
0.013882 0.215661 -0.022636 0.257561
-0.218617 0.349241 -0.150269 -0.450691
-0.186777 -0.140778 0.155477 0.329347
0.072330 -0.203717 0.009205 0.126141
-0.387300 -0.032215 -0.176796 -0.456613
0.416574 0.147335 0.205892 -0.175034
-0.203517 -0.195268 -0.388245 0.131600
0.352480 -0.226629 -0.195996 0.008367
-0.045233 0.427963 0.100183 0.069303
-0.531868 -0.042754 -0.054030 0.089407
0.191554 -0.369515 0.154431 -0.222120
-0.389453 0.154680 -0.162221 -0.601025
-0.024882 -0.549537 0.275199 0.044252
-0.009252 -0.125946 0.067587 -0.130974
0.205413 0.052348 0.062476 0.097981
-0.242456 -0.159077 -0.116498 0.111040
0.057472 0.024078 0.271417 -0.028180
0.307893 0.141818 -0.039662 -0.214432
0.567283 -0.281915 -0.228553 0.362774
-0.086268 -0.050364 0.259432 -0.380484
-0.556421 -0.004069 -0.043441 -0.045589
-0.168191 0.314876 0.095858 -0.153419
-0.126352 -0.207285 0.346388 0.189088
