0.208302 0.301027 -0.558304 0.085193
0.044401 -0.127110 0.102565 0.349640
-0.185407 -0.014744 0.123232 0.015648
-0.099223 0.165559 -0.247156 -0.128920
-0.327938 0.111527 -0.151295 -0.252592
-0.233274 0.133348 -0.009995 -0.056884
-0.055751 0.095550 -0.024686 -0.240625
-0.359618 0.114588 0.027911 -0.244263
-0.063915 -0.017656 0.077584 -0.138896
-0.225425 -0.032603 0.112420 -0.402373
-0.102539 -0.228790 0.103982 -0.308768
-0.072125 -0.553226 0.044691 -0.238170
-0.128664 -0.767825 0.027480 -0.169160
-0.039421 -0.563844 -0.021230 -0.065208
-0.216232 0.043158 -0.252082 -0.096274
0.017363 -0.170967 -0.318169 -0.096204
-0.208814 -0.081539 -0.070534 -0.150584
-0.122992 -0.135988 -0.175489 0.159571
-0.497573 -0.080847 -0.036616 0.152291
-0.042283 -0.195149 -0.283915 -0.181275
-0.009692 -0.063973 0.021390 -0.078423
0.123586 -0.205503 -0.303099 0.195135
0.051928 -0.282278 -0.164844 -0.462896
0.029193 -0.074007 -0.260557 -0.548947
0.093386 -0.541503 -0.081704 -0.077827
0.010106 -0.067325 -0.110514 -0.186423
-0.211209 -0.539211 -0.162695 0.191250
-0.241874 0.315417 -0.045162 0.392484
