0.222052 -0.224488 0.141592 0.510740
-0.142335 0.206585 -0.379580 -0.021503
0.189082 -0.081453 -0.094155 -0.014491
-0.215299 -0.116162 -0.063987 0.026420
-0.322241 -0.223760 -0.417462 0.022805
0.006741 -0.113746 -0.046318 0.046487
0.026034 -0.159341 -0.344906 0.040868
-0.123126 -0.156990 -0.277181 0.094226
-0.041506 -0.110438 -0.213421 0.053995
-0.106327 -0.130469 -0.196101 0.053585
0.035207 -0.159660 -0.304500 0.004895
-0.125421 -0.098130 0.010143 0.002536
-0.225954 -0.172636 -0.145959 0.014274
0.019097 -0.295059 -0.226587 -0.003376
-0.402665 -0.313448 -0.228277 0.014715
0.114407 0.296985 0.251618 0.009121
-0.195988 0.088201 0.104950 0.005190
-0.361062 0.137665 0.119671 -0.238233
0.069511 0.164352 0.142287 -0.454165
-0.243249 0.127488 0.097975 -0.327382
0.081828 0.103619 0.069907 -0.196697
-0.046152 0.127221 0.102752 -0.132880
-0.413644 0.118486 0.076839 -0.125255
-0.344271 0.150602 0.122247 -0.043014
-0.256858 0.063966 0.019823 -0.060182
0.109076 -0.109240 -0.056871 -0.064699
0.226758 -0.113633 0.149873 0.130966
-0.514910 -0.043462 -0.145661 -0.105384
