-0.055660 0.432344 -0.615254 -0.051460
-0.039198 -0.164336 -0.015370 -0.155931
0.353509 -0.084403 0.272257 0.258379
-0.055705 0.231116 -0.269679 -0.315230
0.169746 -0.523963 -0.227670 -0.413674
0.131692 -0.387086 0.696388 0.536053
-0.174914 0.230007 -0.376342 -0.328212
-0.071279 -0.002029 0.022388 -0.042305
0.288204 0.007273 -0.174723 -0.034625
-0.310584 0.057439 -0.488963 0.334528
-0.249148 -0.011250 -0.018540 -0.446941
-0.232370 -0.207638 0.293305 0.037972
0.027958 -0.354577 0.190897 0.218169
0.061692 0.046006 0.428692 -0.362752
0.096788 -0.186461 -0.538515 0.014876
0.074589 0.069700 -0.295220 0.044894
-0.242078 -0.483498 0.193414 0.228359
-0.161745 0.257391 0.195266 -0.225801
-0.066367 -0.281106 -0.142761 -0.168628
0.241013 -0.008820 -0.230226 -0.086909
0.115134 -0.134111 -0.152205 0.135357
-0.428847 0.071561 -0.100320 0.146641
0.083543 -0.225791 -0.221546 0.265540
-0.155561 -0.138208 0.308038 0.126965
-0.063305 0.107999 0.480194 -0.303969
0.126549 -0.090152 0.233841 -0.001257
0.302400 -0.364629 0.003956 0.277440
-0.091890 -0.432414 -0.011024 -0.003679
