-0.040265 -0.022713 -0.119155 -0.019323 -0.030390 -0.015045 -0.028769 -0.004634 0.310039 0.014829
-0.000305 0.605254 -0.071149 -0.093391 -0.082391 -0.021426 -0.039745 -0.018353 -0.254414 -0.016789
0.012596 0.006912 0.011183 0.006596 0.058209 0.013789 0.011045 0.186196 0.090863 -0.448757
-0.029465 -0.018325 -0.039752 0.000609 0.698059 -0.011561 -0.046841 -0.062098 -0.085890 -0.391749
-0.029835 -0.036059 -0.157982 -0.060810 -0.052350 -0.042790 0.596960 -0.005042 -0.154329 -0.006202
-0.007311 -0.015648 0.008325 -0.068750 -0.142125 -0.099876 -0.033285 0.240069 -0.023930 0.216633
0.096777 0.036246 0.027907 -0.012089 -0.050038 -0.034447 0.022999 -0.079555 0.057671 -0.007204
-0.021083 -0.000952 -0.005383 -0.004432 -0.256507 0.002379 -0.019232 -0.051321 -0.040379 0.456194
-0.057535 0.002762 -0.118497 -0.051099 -0.014024 -0.030654 -0.025193 0.004437 0.353825 -0.040096
-0.038215 -0.029175 0.622768 -0.077078 -0.048095 -0.014117 -0.029964 -0.068790 -0.175776 -0.022556
0.042141 0.008944 0.138987 -0.044450 0.081837 -0.008365 0.011926 0.015465 -0.343855 0.038693
-0.059997 -0.021265 -0.134519 -0.005953 -0.098570 -0.081166 0.608829 0.007219 -0.118038 -0.051551
-0.035048 0.005007 0.047415 -0.000245 -0.042597 -0.013376 -0.008082 0.677727 0.023427 -0.601059
0.003358 -0.005614 -0.130549 0.588705 0.022938 -0.030520 -0.006140 -0.013487 -0.296771 -0.041662
0.016445 -0.004252 0.094104 -0.007558 0.024791 -0.012601 -0.009202 0.002516 0.100800 -0.000638
0.011685 -0.016411 -0.022298 0.023217 -0.095568 0.003504 -0.007813 -0.035620 0.277592 -0.039033
0.010620 -0.023347 -0.111195 0.171582 -0.034892 0.160557 -0.029503 -0.011051 0.006499 -0.006645
0.032170 0.692059 -0.252990 -0.065268 -0.025038 -0.038991 0.007979 -0.096767 -0.316972 -0.025557
-0.018200 0.004947 -0.056892 0.070719 0.011892 0.081569 0.003035 -0.002356 -0.119717 0.018762
0.012509 0.003263 -0.010836 -0.011098 0.256372 -0.021217 0.004464 -0.009953 -0.061989 -0.048055
-0.023785 -0.007306 -0.057112 -0.032371 -0.082734 -0.032020 -0.014266 -0.110086 -0.145319 0.552389
0.017567 -0.023158 -0.131998 -0.060052 -0.021975 -0.006377 -0.000522 0.540977 -0.055177 -0.181833
0.569094 -0.007721 -0.080922 -0.060533 -0.063971 -0.056954 -0.055962 -0.005957 -0.109969 -0.052144
0.002897 -0.026035 0.036250 0.425499 -0.039603 -0.137160 -0.033813 0.008392 -0.059635 -0.024027
-0.051798 -0.011076 -0.055459 -0.116004 -0.062017 0.745810 -0.037763 -0.020251 -0.173612 -0.031652
-0.059170 -0.013283 -0.104908 0.630644 -0.013472 -0.095243 -0.017309 -0.033502 -0.149969 -0.025105
-0.050145 -0.007813 -0.015331 -0.134756 -0.005592 0.737502 -0.075822 0.004020 -0.268128 -0.060136
0.007490 0.003799 -0.000539 -0.069341 0.120580 -0.015472 0.008442 0.208830 0.086193 -0.291655
0.115385 -0.123433 -0.024664 0.143083 -0.125787 0.043054 -0.048286 0.185861 0.093719 -0.150713
-0.062615 0.158348 0.086572 0.046680 -0.118806 -0.058972 0.037113 -0.076048 0.021371 -0.044150
-0.023799 -0.029443 -0.055794 -0.051473 0.028465 -0.116712 0.112907 -0.017391 0.091825 0.036331
0.020125 -0.067243 0.077090 -0.036805 -0.046608 -0.117938 0.030949 0.065799 -0.000307 -0.009358
0.001411 -0.061107 -0.058987 -0.036261 0.054017 0.033526 0.003931 0.014256 0.036906 -0.068381
-0.014154 0.106503 0.044457 0.039409 -0.033802 -0.099964 0.028581 -0.012464 0.036460 -0.107104
-0.049378 -0.021953 0.086076 -0.000774 -0.001451 -0.004198 0.049004 -0.150705 0.078678 -0.032014
-0.022810 0.012864 -0.084546 0.089945 -0.053902 -0.060138 -0.018893 -0.176071 -0.204373 -0.133347
-0.018496 0.021317 -0.026115 0.005906 -0.026505 -0.042659 0.092780 -0.039429 0.044573 -0.072208
0.085114 0.098494 0.027935 0.000591 0.047269 -0.036805 0.046113 -0.034051 0.093824 0.035205
0.010073 -0.077854 0.093267 -0.030813 0.069478 -0.109540 0.111161 -0.049557 0.101702 -0.002442
-0.031852 0.079618 0.065404 -0.038689 -0.117794 0.027815 0.226934 -0.007532 -0.008657 -0.108854
0.003747 -0.023626 -0.043321 -0.007835 -0.012230 -0.021922 0.136698 0.017110 0.010422 0.002800
0.024745 -0.000281 -0.051208 0.050160 -0.110218 -0.041151 0.119697 -0.076594 -0.069145 0.063349
0.015841 0.015173 -0.053284 0.028817 0.034286 0.076171 0.062516 -0.014812 0.006266 -0.030398
-0.143406 -0.021597 0.049942 -0.022326 0.177488 0.037522 0.086597 0.030219 -0.023142 -0.060707
-0.016449 -0.012506 -0.016699 -0.007437 0.026383 -0.018312 0.033996 0.000496 -0.005617 0.011923
0.016090 0.037366 0.004990 0.031134 -0.014304 0.009964 0.054695 -0.002751 0.032077 -0.011023
-0.014553 -0.035302 0.005083 0.009021 0.025512 -0.016828 0.058840 0.026033 -0.056918 0.041669
0.009690 0.023553 -0.017266 -0.027701 -0.008517 -0.061636 0.060787 0.024375 -0.071787 0.018940
0.005749 0.007421 0.005067 -0.006406 0.013811 -0.012415 0.009334 0.010458 0.013246 -0.002054
0.017105 -0.014091 -0.041030 -0.018496 0.063514 -0.035493 0.043817 -0.000736 0.023764 -0.010215
0.021484 0.037026 0.057766 0.009818 0.021132 -0.052801 0.024496 -0.023685 -0.032349 -0.017693
0.004103 0.002019 -0.060929 0.005631 0.044640 0.026523 0.053249 -0.007411 0.008193 0.009049
0.023773 0.002279 -0.002134 -0.005044 0.036834 0.006023 0.019260 -0.017225 -0.030787 -0.004394
-0.038317 0.003411 0.039114 0.031976 0.063206 0.025244 0.026840 -0.024954 0.002568 -0.039920
0.046214 -0.010531 0.064358 0.032966 -0.015435 0.024003 0.011363 -0.028228 -0.017692 0.001503
-0.000430 0.035144 0.017846 -0.039413 0.215168 -0.077234 0.077180 -0.017287 0.009356 -0.085001
-0.041854 0.052948 -0.034784 0.002280 0.054660 0.089310 0.153961 -0.028095 0.000546 0.064874
-0.006699 0.010635 0.012700 0.001252 0.029506 0.057675 0.008397 -0.005575 -0.043336 0.031301
0.021262 -0.010898 0.019134 -0.002875 0.031067 -0.009524 -0.003446 -0.009580 0.006993 -0.001058
-0.004709 0.018967 0.076796 0.029986 0.008212 0.010657 0.022511 -0.011565 0.015493 0.014169
-0.058329 0.041874 0.014195 -0.104108 -0.026806 0.161902 0.047198 0.009920 -0.100276 -0.072728
-0.035091 0.024549 0.002628 0.009797 0.040953 0.039245 -0.013911 -0.043257 -0.030744 0.023960
0.009034 0.002317 -0.001466 0.001872 0.020117 -0.019637 0.003419 0.000507 0.004999 -0.003580
0.004970 0.028771 0.051698 0.078337 0.091114 -0.020858 0.027231 0.001468 -0.059681 -0.029454
0.012068 0.029085 -0.039667 -0.021762 0.002358 0.104930 0.142997 0.014475 -0.047881 0.060624
0.051546 -0.037197 0.097304 -0.072256 0.003297 0.078863 -0.013363 -0.019462 0.067122 -0.010235
-0.011448 0.002259 0.011373 0.009505 0.015933 -0.000821 0.015791 0.002203 -0.033511 0.024141
-0.002821 -0.074106 0.099854 0.074173 -0.018791 -0.000939 -0.036119 0.046662 -0.016947 0.035768
-0.003386 0.019054 -0.036946 0.041567 -0.085318 0.016890 0.095477 -0.019203 -0.015598 0.042882
0.020059 -0.003524 0.018296 -0.018951 0.099127 0.060284 0.058455 0.007698 0.042672 -0.010882
-0.018505 0.005217 0.009739 0.001936 0.010149 -0.009302 -0.004561 -0.014939 0.010919 0.008027
0.000447 0.057621 0.129814 0.044410 -0.010859 -0.025876 -0.031245 0.079464 -0.038117 -0.047111
0.007119 -0.007883 -0.027830 -0.011294 -0.031926 0.121428 0.059383 0.022551 -0.087748 -0.013788
0.008199 0.018925 0.005453 0.018649 -0.002614 0.002734 -0.046009 0.017202 0.039210 0.020356
-0.004936 0.002764 0.023982 -0.006270 0.006131 -0.019013 -0.009948 -0.007492 0.041154 -0.012748
-0.027862 0.014301 0.101564 -0.012770 -0.073458 0.039896 0.009380 0.050508 -0.007864 0.021523
-0.006137 0.021499 -0.000459 0.111491 -0.062994 0.126554 0.087875 0.017723 -0.021254 0.053478
0.031442 -0.035457 0.015364 -0.067082 -0.043465 -0.066510 0.040264 -0.033035 0.053384 0.084076
-0.007366 0.001990 -0.006522 0.002902 0.004710 0.017228 -0.009382 0.010710 0.009078 -0.000277
-0.029254 0.016223 0.068218 0.115620 -0.043805 0.005616 0.018785 0.027250 -0.012315 -0.058541
-0.062869 -0.027104 0.014582 0.114288 0.000134 0.074960 0.001624 -0.047340 -0.071162 -0.019135
0.251946 0.023660 -0.036198 0.036779 0.006675 0.054525 -0.007706 0.033936 -0.029316 -0.049485
-0.004389 -0.005070 0.045995 -0.016187 0.021529 -0.008615 -0.007828 -0.003767 0.051623 0.023035
0.014433 0.027204 0.219688 0.071731 -0.061668 0.005422 -0.031030 0.089498 -0.089815 -0.026250
0.030462 -0.008961 0.046850 0.038670 0.015753 -0.017935 -0.040908 0.008885 0.018179 -0.005804
0.080300 0.017500 -0.018226 0.004732 0.069846 0.030973 0.004762 -0.019410 -0.014070 0.038579
-0.038088 0.005527 0.031174 0.091554 -0.032932 0.148161 0.046223 -0.009140 -0.031606 0.014286
0.005626 0.033088 0.012508 -0.061976 -0.019393 -0.078272 -0.001361 0.002951 0.224789 -0.050779
0.039026 0.018895 0.042454 -0.024991 0.001315 0.009022 -0.048022 -0.014288 -0.016683 0.026607
0.078474 0.002347 -0.001644 -0.005810 0.027157 -0.014595 0.004085 -0.003647 -0.015072 0.028153
-0.070511 -0.029574 0.108512 0.034340 -0.002476 0.045164 0.016452 0.007332 0.062057 -0.023653
-0.025158 0.102592 0.007155 -0.062183 0.043156 0.009422 -0.036617 -0.032943 0.159870 -0.010328
0.006518 0.027985 0.055006 -0.027499 -0.003964 0.018312 0.015076 0.014787 -0.083332 0.014384
0.049150 -0.017138 0.008136 0.010054 -0.042271 -0.007875 0.058667 0.034638 0.028312 -0.040474
-0.027996 -0.041369 0.069746 0.022215 0.026668 0.011830 0.010328 -0.018116 -0.018772 -0.021185
0.071172 0.032263 0.109640 0.017744 0.005338 0.008288 0.022691 0.075119 0.013501 0.056891
-0.002828 -0.033794 0.104556 0.001084 0.051202 0.058778 0.006830 0.010473 -0.054997 -0.004707
0.071591 0.011982 0.046590 -0.023920 -0.014194 -0.017970 0.048745 -0.021639 0.003675 -0.005785
-0.002388 -0.009177 0.103669 0.003435 -0.014051 -0.042146 -0.040375 0.010739 -0.106601 0.028617
-0.018546 0.014723 -0.033011 -0.016235 0.006357 0.006723 0.020473 -0.074320 0.113203 -0.055296
-0.018163 -0.014075 0.096546 -0.034614 0.037717 -0.026433 -0.016484 0.049844 -0.155149 0.027037
0.041099 0.011872 0.069463 -0.036472 -0.060137 -0.056760 0.039657 0.017915 0.076488 -0.036228
-0.009124 0.010927 0.114320 0.028004 0.072817 0.000583 0.031174 -0.003020 -0.131688 -0.015150
0.005501 0.045561 0.005324 0.036605 -0.013753 0.025656 -0.015401 0.008183 0.096426 0.065914
0.027118 -0.001734 -0.014222 0.001236 0.065501 0.015640 0.005716 0.025762 -0.073613 0.062167
0.049212 -0.033667 -0.015210 -0.009181 -0.012091 -0.006868 0.029272 -0.038392 0.180310 -0.014427
-0.007931 -0.029407 0.036296 0.000991 -0.047481 0.013452 -0.001733 0.035704 -0.098200 0.011108
-0.108519 0.115856 -0.012535 -0.024796 0.003202 -0.010505 -0.010027 0.032619 0.034804 -0.002824
-0.039319 0.027854 -0.001254 -0.005073 0.058423 -0.018115 -0.009289 0.076279 -0.123225 0.062771
0.048922 0.000791 0.015527 -0.042204 0.001538 -0.025252 -0.026366 0.026551 0.129059 0.005796
0.039927 -0.007743 -0.026092 -0.010015 0.040797 0.071979 0.046575 0.049378 -0.087598 0.047402
0.039762 0.032376 -0.082776 0.070987 0.051436 -0.012896 0.036718 0.041844 -0.119713 0.079253
-0.045677 0.009447 -0.023969 0.017362 0.028643 0.063842 0.020114 0.044153 0.100925 0.045264
-0.036347 0.127410 -0.069005 -0.007884 0.010093 0.005616 0.096544 0.028573 -0.020817 0.045012
0.013555 -0.012566 0.008744 -0.007877 0.012136 0.004225 0.012205 0.028344 0.064458 0.008839
-0.008060 -0.013541 0.016159 -0.010253 0.044641 0.026872 0.016647 0.015656 0.085451 -0.013612
0.006505 -0.046744 0.035026 -0.008483 0.153006 -0.029568 0.022537 0.032629 0.021246 0.025675
0.083985 -0.072871 -0.022977 -0.031114 0.083014 0.074783 -0.043664 0.041392 -0.096802 0.085644
-0.001566 -0.002927 -0.000618 -0.000298 0.027548 0.008913 -0.002062 0.026341 0.023213 0.004396
-0.007380 0.015637 -0.053985 0.014136 0.028614 -0.003436 -0.022795 0.042255 0.057854 0.026537
-0.023394 0.102847 -0.102519 0.029081 0.029956 -0.035339 -0.087970 0.056690 -0.050986 0.090913
-0.058332 -0.025040 0.026332 -0.002354 -0.039417 0.031204 -0.095684 0.107024 0.021005 -0.043229
-0.002137 0.010570 -0.011051 0.007575 0.025016 -0.003638 -0.018179 0.037890 -0.028616 0.023113
-0.005141 0.022666 -0.014244 -0.004665 0.041894 -0.006446 -0.012438 0.022865 0.032799 0.035685
-0.032585 -0.042028 0.038109 -0.060768 0.097694 -0.014283 0.013760 0.093529 -0.024653 0.167980
0.020856 0.031316 -0.070336 -0.077942 -0.113611 0.008255 -0.016584 -0.086896 0.020749 0.118365
-0.007100 -0.005407 -0.010193 0.005747 0.016685 0.014855 0.005660 0.038870 -0.014668 0.024530
-0.069696 0.011398 -0.005691 -0.055163 0.100079 -0.000148 0.040575 0.024353 -0.025458 0.123875
0.027804 -0.020554 -0.103376 -0.094941 -0.122930 -0.074903 0.073405 0.054765 -0.076928 0.220962
0.059813 0.126421 -0.058481 0.103305 -0.001020 -0.058307 0.000408 0.173757 -0.018799 0.062936
-0.008333 -0.011042 -0.038270 -0.011561 -0.026263 -0.032949 -0.005864 0.060114 -0.026105 0.116958
-0.016197 -0.026889 -0.063864 -0.016391 -0.027892 -0.004176 -0.027800 0.209010 -0.137202 0.261837
0.033761 -0.004678 0.016222 0.049068 -0.052988 -0.020024 0.017878 0.115100 0.089631 0.065981
-0.001789 0.097765 -0.041797 -0.001331 0.034778 0.036023 0.025038 0.177531 -0.002032 0.076326
-0.007438 -0.004605 -0.017034 0.003384 -0.053864 0.002917 0.004220 0.042376 -0.031530 0.049785
0.011109 -0.065970 -0.005117 0.014536 -0.182957 -0.079579 -0.004784 0.041803 -0.021786 0.232805
0.009238 -0.032620 0.030146 0.036642 -0.088297 -0.046545 -0.148116 0.071606 -0.198699 -0.112025
0.145524 -0.120028 0.043069 -0.079130 -0.103821 0.051759 0.148667 -0.042870 -0.071287 0.017419
0.081105 0.039278 -0.003647 0.011310 0.018138 0.022223 0.010798 0.013158 0.048049 0.066412
0.103246 -0.085844 -0.033135 0.033474 0.066224 0.037043 0.030409 0.016571 -0.075116 0.097347
0.198898 0.012957 0.014678 0.101269 -0.044203 0.045328 0.035576 0.001813 -0.084033 -0.016483
-0.010096 -0.152228 -0.009302 0.157248 0.067968 0.012266 -0.032842 -0.080540 0.025788 0.080109
0.064921 0.026612 -0.007607 0.065729 -0.097291 0.059335 0.057603 0.091872 0.020224 -0.024709
0.191992 -0.043936 -0.075351 0.111213 0.071892 0.105700 -0.044382 0.035268 0.011325 -0.011010
-0.056593 -0.027245 -0.019829 -0.047316 -0.008372 -0.043120 0.076928 0.001583 0.013158 0.001211
-0.091582 -0.142559 -0.076735 0.027848 0.046644 -0.126348 -0.016664 0.084071 -0.092882 -0.117153
-0.045552 -0.018293 -0.106725 0.003575 -0.090220 -0.020507 0.141852 0.003717 -0.038972 0.004447
0.019186 0.056139 0.012937 0.030463 -0.066509 -0.030692 0.091200 0.007922 -0.036290 -0.013033
0.017425 0.010014 -0.039251 -0.025844 0.017073 -0.018996 0.055952 0.028584 0.000153 0.005895
0.005126 -0.006482 -0.000771 0.016492 -0.012080 -0.013591 0.108031 -0.020847 0.025768 0.032976
0.002045 -0.013138 -0.012901 -0.013228 0.031628 0.040784 0.009763 -0.015476 0.001788 -0.034060
0.046013 0.024320 -0.021058 0.026425 0.095437 -0.053243 0.017907 -0.016461 0.077815 -0.035345
0.038458 0.001764 0.003851 0.002724 -0.009110 0.048899 -0.003871 0.003136 0.013056 0.051432
0.028112 0.060963 -0.031372 -0.038283 0.087430 -0.006153 0.049947 0.013222 -0.084173 -0.006293
0.009223 0.042594 0.002200 0.033623 -0.078033 -0.000582 0.029519 0.011752 -0.040929 0.067990
-0.024770 0.059538 0.027541 0.043646 0.162977 0.036258 0.007765 -0.116998 -0.078083 0.042475
-0.002805 -0.003768 0.045920 0.074204 -0.055999 -0.011162 0.009924 0.020108 -0.041812 0.056992
0.022219 0.061718 0.033120 0.005937 0.050034 0.009814 0.011296 0.029309 -0.023373 -0.052212
0.010431 0.069032 0.045312 0.021563 0.004840 0.052884 0.007919 0.039736 -0.118272 -0.017839
-0.068719 0.143014 0.032322 0.011073 0.037176 0.002060 0.094167 -0.021714 -0.055961 -0.065708
-0.008389 -0.007395 0.142508 0.078702 -0.044763 0.003416 -0.012549 -0.005200 -0.057470 -0.018849
-0.004384 0.078263 0.140184 0.039471 -0.017170 0.005564 -0.000157 0.014359 -0.092615 0.003510
-0.053108 0.015880 0.130375 0.061460 -0.018276 -0.001793 0.008279 0.048612 -0.025551 0.006145
-0.002167 0.077650 0.114781 0.042648 -0.075670 0.014835 0.021173 0.063609 -0.087616 -0.040068
0.007961 -0.007127 0.053198 -0.006953 -0.040077 -0.007068 0.015390 0.059565 -0.003530 -0.065171
-0.033510 -0.017905 0.160066 0.120886 -0.055946 0.037388 0.026889 -0.015199 -0.025472 -0.033138
-0.087262 0.015870 0.122603 0.039593 -0.012818 0.031676 -0.028871 0.008004 0.018822 0.028331
-0.008403 0.079670 0.167800 -0.028246 -0.062530 0.059558 -0.024401 0.042912 0.183283 -0.024150
0.017795 0.002014 0.023922 0.008094 -0.000943 0.022409 -0.000222 -0.009355 0.021541 0.008806
-0.027736 0.005048 -0.067214 0.037408 -0.034738 0.121270 -0.017093 0.022915 0.057783 0.023661
-0.000703 0.002179 0.005965 0.011737 0.004333 -0.002609 0.005727 0.002006 0.018158 -0.006179
-0.113286 0.039065 0.011423 0.149661 0.031422 0.037550 0.030704 0.073234 -0.067370 -0.000994
0.006817 0.002003 0.027481 -0.012159 0.003788 -0.005626 -0.003976 -0.000746 0.023231 0.015894
-0.114464 0.040941 0.007511 0.005788 -0.048858 0.098897 0.002458 0.082767 0.015257 0.071312
0.004824 0.000468 0.013260 -0.002492 0.015740 -0.008565 0.003030 -0.001495 0.015326 -0.003484
-0.024745 -0.003687 -0.001493 -0.051691 0.058045 0.046779 0.025508 0.047232 0.011703 -0.083770
0.011351 0.001701 0.035749 0.007630 -0.000370 -0.004543 -0.000904 0.005950 -0.001667 0.003102
0.024473 0.108523 0.066456 -0.056467 -0.053800 0.028569 0.003807 0.038402 0.037565 -0.040803
0.011431 -0.002525 0.029371 -0.011752 0.005201 -0.001312 0.010597 -0.003334 0.015573 -0.003396
-0.022406 0.095790 -0.032081 0.004076 0.044080 -0.044533 0.031635 0.129647 0.164438 0.011466
0.013039 0.001246 0.009758 -0.004964 0.007301 -0.006276 0.000352 0.003834 0.030928 0.009193
0.013747 -0.035575 -0.132594 0.095800 -0.051672 -0.021359 -0.089758 -0.079328 0.049027 0.096982
-0.007720 0.003221 -0.003018 -0.000182 0.011065 0.003233 0.002422 0.005233 0.035209 0.000243
0.036194 -0.029549 0.033466 -0.038126 0.100517 0.069897 0.002587 -0.036486 0.071729 -0.003662
-0.021021 0.004736 -0.042823 -0.002897 0.009180 -0.005626 0.002104 0.015500 0.035729 0.012379
0.006746 0.031350 -0.053899 -0.040921 0.066070 -0.099119 0.039303 0.124132 0.005085 0.037617
-0.015481 -0.001934 -0.037965 -0.000059 0.018194 -0.011033 0.000658 0.013583 0.027197 0.010638
0.009798 0.005650 0.000856 0.002916 0.104508 0.021833 -0.070409 0.026281 -0.034624 -0.003311
-0.000733 0.008060 0.008881 -0.006727 0.020840 0.002144 0.001189 0.005541 -0.029779 0.004667
-0.021410 0.049952 -0.025917 -0.019618 0.056609 -0.011168 0.053514 0.072983 -0.044622 0.032035
-0.008953 -0.018689 -0.010699 0.023924 0.014936 0.001988 -0.007537 0.001494 -0.007582 0.067168
-0.016796 -0.059155 0.012971 0.080988 0.048271 -0.004625 -0.078449 0.207300 -0.011681 0.062165
0.007067 -0.000526 -0.001937 0.000767 -0.079411 -0.006402 0.008247 -0.008748 -0.005577 0.128510
0.015494 -0.032663 -0.104124 0.014615 -0.108857 0.047419 0.018082 0.064914 -0.008564 0.061968
-0.008452 0.033758 -0.030536 -0.026962 0.065185 -0.004596 0.011481 0.058826 0.019888 0.081371
-0.064856 0.065961 -0.105265 0.068035 -0.111326 -0.008894 0.062378 0.083654 -0.036995 0.095447
-0.127304 0.005123 0.004186 -0.126513 -0.104696 -0.009658 -0.015894 0.021574 -0.027990 -0.157268
-0.057926 0.071826 0.022923 0.005512 0.062971 0.029136 -0.034834 -0.077976 -0.071590 -0.069521
0.003946 -0.032097 0.104977 0.039364 0.094679 0.031327 0.123299 0.043975 0.040345 0.084343
-0.020953 -0.014777 0.039675 -0.084964 0.033099 0.034284 0.010186 0.004367 -0.117996 0.086910
-0.012406 0.044262 0.064433 0.004097 -0.187521 0.039904 0.182373 0.038353 0.034357 -0.049706
-0.013491 -0.005517 -0.060840 0.069240 -0.057059 0.053371 0.049528 -0.093152 0.046497 -0.038388
-0.040304 -0.157264 0.018241 -0.019902 -0.087363 -0.021566 0.146837 -0.004524 0.036008 0.021593
-0.061214 -0.067891 0.048699 -0.050197 -0.053646 -0.070816 0.014432 0.021698 0.021478 0.069862
-0.010929 -0.004880 0.032882 0.043947 0.047205 -0.080971 -0.064638 0.024702 -0.006430 0.013881
0.017719 0.040357 0.010854 0.041621 -0.031067 0.001706 0.067337 0.007110 0.000090 -0.066593
-0.000632 0.010854 0.029903 0.043038 -0.026038 -0.017200 0.012279 0.001900 -0.011093 0.024981
0.005739 0.016846 0.025624 0.021444 0.026259 -0.037884 0.013208 -0.028364 -0.043373 0.026782
0.012919 -0.042097 0.047266 0.022364 0.066581 0.017832 0.025929 -0.007474 -0.035113 -0.036511
-0.000982 -0.001479 0.010081 0.006325 0.051691 -0.011866 0.027018 -0.000414 0.012946 -0.015223
0.020154 0.011936 0.033122 -0.009519 0.062133 0.027419 0.023317 -0.008736 0.056817 -0.037070
-0.002624 0.017740 -0.010648 0.028229 0.033947 0.006290 0.006766 0.003197 -0.017617 -0.017841
0.035958 -0.011344 0.007712 -0.031056 0.066238 0.035033 0.011478 0.019108 0.028926 0.017084
0.009268 -0.001419 0.019537 -0.005297 0.021367 0.011397 0.006801 0.016011 0.004186 0.003569
0.045500 -0.006476 -0.009664 -0.020252 0.060332 0.037601 0.021790 0.017619 0.036440 0.047261
0.017244 -0.003935 -0.019309 -0.017309 0.036518 0.011029 0.005802 0.016488 0.010932 0.003237
0.027818 -0.002856 -0.009902 -0.069945 0.046441 0.040542 0.005598 -0.012543 0.046273 0.042344
0.022327 0.000108 -0.011045 -0.014357 0.019885 0.014140 0.003986 -0.000561 0.035984 -0.001354
0.028057 0.000064 -0.005989 0.026360 0.073893 0.002866 0.009880 -0.010484 0.055233 0.023255
0.015700 -0.001228 -0.017241 0.002872 0.021283 0.002650 0.012135 0.001293 0.010442 0.038580
0.010576 -0.011003 0.002858 -0.014496 0.033975 0.022116 0.013351 -0.020163 0.029605 0.040558
0.007610 -0.009099 0.003450 -0.003607 0.016906 0.005294 -0.000049 -0.018883 0.033468 0.024785
0.004091 -0.018121 -0.034534 -0.008988 0.035255 0.007075 0.017992 -0.002735 0.022806 0.068613
0.014210 -0.004917 -0.038174 -0.018282 0.023800 0.017594 0.025673 -0.022044 0.033204 0.030632
-0.031510 -0.014052 -0.067509 0.138208 0.076990 0.098386 0.083013 -0.035628 -0.132686 -0.053275
-0.104736 -0.006606 -0.063460 -0.048768 0.036522 0.076498 -0.066510 0.081309 0.050439 0.144926
-0.116834 -0.010258 0.080006 0.081397 -0.022123 -0.038213 0.082288 0.035754 -0.002191 0.052597
0.012462 -0.094825 -0.011780 0.011829 -0.137764 0.022092 0.145657 0.106967 0.122220 -0.046502
0.020471 0.113152 0.064776 -0.030618 0.122167 0.044375 -0.043014 0.042655 -0.046879 -0.016651
-0.029454 0.023485 -0.081743 -0.000777 -0.006577 0.050815 0.041719 0.032128 -0.004409 0.015847
0.106914 -0.012162 0.134981 0.031627 0.077433 -0.006689 -0.067935 -0.096466 -0.028657 -0.036096
-0.005018 -0.000140 0.101594 -0.027633 -0.016033 -0.009896 -0.050714 -0.016765 0.020858 0.005556
0.058893 -0.019391 -0.088012 0.016889 -0.049367 0.061691 0.065351 -0.029056 0.089695 0.046129
0.009659 0.009844 0.019624 -0.005588 0.002477 0.000474 -0.015518 0.002029 0.019256 -0.020222
-0.083136 0.010507 0.003141 -0.018221 0.146930 0.026243 -0.083204 0.019375 -0.001423 -0.037160
-0.011883 -0.006975 -0.004060 -0.003741 -0.000678 -0.001136 0.000008 0.001105 0.013745 0.010033
-0.076289 0.017346 -0.113477 0.126060 0.073196 -0.001785 0.041435 0.090875 0.151070 -0.017530
-0.019225 0.003982 -0.022989 0.002876 -0.000166 -0.013916 -0.000905 0.021178 0.014937 0.005926
-0.005704 0.048958 -0.040945 0.080094 0.005221 -0.025741 -0.013471 0.041982 -0.012234 0.057657
-0.007618 0.004635 -0.005357 0.005476 0.002218 -0.001521 0.004207 -0.006648 0.018757 -0.002127
-0.022927 -0.072640 -0.040430 -0.051640 -0.084176 0.021020 0.011436 -0.093596 -0.070263 -0.017137
0.003544 0.001340 0.013731 -0.003195 -0.009528 -0.010037 0.000487 0.007271 0.030967 0.001649
-0.015736 -0.040858 -0.111101 0.075455 -0.062923 0.011676 0.056568 -0.095621 0.050174 0.022606
0.006109 0.000010 -0.004325 0.006230 0.004390 -0.010330 0.003370 -0.002711 0.023964 -0.012784
-0.102664 -0.069787 -0.011415 -0.083866 0.130837 -0.095805 -0.085815 0.058222 -0.000774 0.120815
0.010598 -0.000416 0.000268 0.020824 -0.002507 -0.000428 0.002908 0.018256 -0.019092 0.001535
0.103759 0.031913 0.066378 -0.017506 -0.045592 -0.106198 -0.112502 0.012812 0.067526 -0.048876
0.005924 -0.002593 -0.023434 0.015311 -0.007436 0.057102 0.004191 -0.003087 -0.034590 0.004090
0.089022 -0.061520 0.090530 -0.032725 0.031471 -0.024465 0.048894 -0.032104 -0.020704 0.032053
0.007367 0.005119 0.014075 -0.008500 0.005587 -0.007276 0.006265 -0.002294 0.011496 0.006634
0.163224 0.087868 -0.093304 -0.026787 -0.020649 -0.073212 -0.064494 0.063979 -0.130995 -0.017216
-0.011685 0.001726 0.011115 0.017574 -0.005293 -0.000145 0.003646 -0.002972 0.006215 0.008683
0.035577 0.249319 0.017423 0.005812 -0.056264 -0.001231 0.008498 -0.057551 0.129200 -0.090034
0.029404 -0.001379 -0.033572 -0.019115 0.049122 -0.014693 0.008379 -0.015196 -0.009932 0.044968
-0.040131 0.168424 0.052541 -0.075549 -0.123259 0.015086 0.031466 0.019793 0.254201 0.008178
0.014229 -0.004780 0.011629 -0.006133 0.020665 -0.022534 0.005774 0.004170 -0.010869 -0.002123
0.035983 0.103805 0.017336 0.012452 -0.028721 -0.027213 -0.010283 -0.030633 0.075368 -0.069228
0.022893 -0.001703 0.016364 0.001939 -0.025113 -0.001902 0.013887 -0.000493 -0.002684 0.007012
-0.058606 0.055040 0.147571 -0.018849 -0.030069 -0.036741 0.161246 -0.036861 0.055388 0.013657
0.003488 -0.002288 0.011881 0.002072 -0.012963 0.006871 0.016170 -0.000083 -0.013381 -0.011544
-0.047453 0.083369 -0.069083 -0.049051 -0.082426 -0.012448 -0.127915 -0.154831 0.077495 -0.000350
0.012455 0.001308 0.042780 -0.044340 -0.011875 -0.038893 0.004743 -0.000715 0.056221 -0.010243
-0.041408 0.076496 0.053400 0.092555 0.095159 0.029588 0.114861 -0.004888 0.140101 0.092769
0.023073 -0.010362 0.024684 -0.030252 -0.000328 -0.033038 0.005793 0.000871 0.060588 -0.006631
0.060654 -0.032569 -0.055022 -0.033953 -0.073484 -0.005107 0.007511 0.081782 0.094099 -0.008490
0.029978 0.001109 0.034851 -0.030940 -0.007593 -0.010389 -0.016062 0.003979 0.042930 -0.003690
-0.028770 0.038631 0.026062 -0.090182 -0.008304 -0.060307 0.036232 0.149658 0.071688 -0.068343
0.024367 -0.004645 0.034281 -0.015848 -0.000804 -0.008802 -0.006084 -0.001265 0.021993 -0.005779
-0.033419 -0.020411 0.085172 0.005117 -0.164912 0.092883 -0.003730 -0.028739 0.020571 0.026505
0.023693 -0.001702 0.027929 0.017549 -0.018549 0.009363 -0.002075 -0.003083 -0.004087 -0.016192
0.045505 0.006654 -0.126250 -0.061473 0.158556 -0.017276 0.048963 0.012448 0.118491 0.073997
0.020493 -0.002149 0.046555 0.006205 0.011564 0.002865 0.000094 -0.010381 -0.044848 0.018677
-0.095055 -0.002492 0.032501 -0.021355 -0.025524 -0.079898 0.029571 0.098710 -0.005654 -0.064259
-0.013528 0.012072 -0.014598 0.044105 0.021458 -0.028319 -0.000963 0.050876 -0.025862 0.001680
-0.104419 -0.011877 0.022695 0.115997 -0.059397 0.032485 -0.108386 -0.097957 -0.003024 -0.048576
-0.018198 -0.045216 -0.047702 -0.023981 -0.047101 0.003289 -0.006492 0.104969 -0.051366 0.129776
-0.016242 -0.151601 -0.170689 -0.022015 -0.100949 -0.125302 -0.201711 0.008827 -0.000209 0.087863
0.001836 -0.008788 -0.015927 0.007996 0.032679 0.006532 -0.014568 -0.053221 -0.001506 0.042980
-0.091759 0.055807 0.113340 0.074054 0.016051 0.049201 -0.020413 -0.064201 0.008382 0.134870
0.115752 0.025211 -0.021041 -0.109810 -0.050141 0.026657 -0.023073 0.086366 0.062305 -0.051735
-0.010735 0.095257 0.040043 0.001735 0.029192 -0.100338 -0.164018 -0.050905 0.069807 0.073380
0.128158 0.043660 0.014104 -0.049636 0.073683 -0.034908 -0.038038 0.026805 -0.023073 0.039729
0.021384 0.067458 -0.014390 -0.051748 -0.075970 0.033934 -0.054981 -0.042835 0.069000 0.028021
0.102875 -0.081697 -0.024226 0.047786 -0.036328 0.027753 -0.039638 0.001543 -0.045724 -0.040852
-0.014864 0.114262 0.062565 -0.046159 -0.038666 0.040900 -0.011102 -0.019128 0.119980 0.065103
0.119857 0.085421 -0.044445 0.063111 -0.021842 0.059199 0.008453 0.015711 0.020063 -0.032822
0.029763 0.014715 -0.114226 -0.052204 0.148912 -0.044121 0.054574 -0.004245 0.027831 -0.017095
0.101980 -0.041070 -0.086585 0.101204 0.012115 0.038810 -0.018926 0.032880 -0.060898 -0.022117
0.019374 -0.083788 0.038007 0.067062 0.030586 0.001327 -0.080157 -0.011510 0.014965 0.050916
0.025630 0.004942 -0.022961 0.103008 -0.046493 0.104527 0.025456 -0.019147 0.061193 -0.018521
-0.009101 -0.086765 -0.011539 0.049565 0.036572 -0.013661 -0.095207 0.000416 0.182112 -0.026960
-0.030869 -0.012231 -0.082308 0.121135 -0.059761 0.035555 -0.026269 -0.017075 0.085822 0.013921
-0.039610 -0.033174 -0.020097 0.005865 0.043131 0.034273 0.061291 0.030103 0.116546 -0.041204
-0.082641 0.022394 0.016521 0.061938 0.019344 0.061476 0.018227 -0.038757 0.048640 -0.006021
0.025329 0.009043 0.007611 0.006355 0.050601 -0.040489 -0.023410 0.050111 0.036076 0.046849
-0.005144 0.014205 0.025873 0.042104 -0.003516 0.043262 -0.029029 0.002039 0.029544 0.047767
-0.029232 -0.043431 0.062170 0.005365 -0.033252 0.002666 -0.044802 0.016444 0.088458 0.079934
0.057715 -0.006127 0.019751 0.039536 0.161618 0.111791 0.011652 -0.119871 -0.049602 -0.061920
0.084377 -0.032924 -0.080537 0.094234 -0.050416 0.063991 0.011618 0.044356 0.025566 -0.006847
-0.027794 -0.108730 0.083152 -0.060226 -0.033278 -0.045077 0.021682 0.056560 -0.079999 0.016929
0.009062 -0.008728 0.010676 0.015460 0.157975 -0.010019 -0.039179 0.032999 -0.001304 0.043449
0.039482 0.028841 -0.115417 0.090149 -0.052361 -0.108878 -0.100480 -0.037113 0.049453 -0.017840
0.064172 -0.029405 0.116855 -0.053401 0.017230 0.000745 0.015214 0.025512 -0.077966 0.225685
0.083321 0.039389 -0.052248 0.022983 -0.103640 -0.032554 -0.009658 -0.092728 -0.035179 0.071670
0.001680 0.022158 -0.042784 -0.036582 -0.070926 0.001322 0.023114 -0.052587 0.139328 -0.061525
0.125394 0.027414 0.034125 0.193581 -0.036160 0.019794 -0.017771 0.052776 -0.076481 0.032847
-0.026529 0.034006 -0.102942 -0.178996 0.037539 -0.114148 0.204403 0.126387 -0.078146 0.071510
0.091180 -0.075606 0.048153 0.142018 -0.015616 -0.158138 0.077232 0.067301 0.084381 -0.075332
-0.070346 0.016007 -0.034567 -0.012361 0.026494 -0.025029 0.131300 0.039025 -0.041219 -0.020430
0.000431 0.099446 -0.017553 0.057908 0.077698 0.002601 -0.103741 0.058407 0.020993 -0.037269
-0.027334 0.052365 -0.031917 -0.055193 -0.022763 0.168809 0.015896 0.022916 0.010897 0.046558
0.016980 0.016725 0.069879 0.075826 0.047178 -0.018044 0.083585 -0.033799 -0.068641 -0.032112
-0.044078 -0.013124 -0.000094 -0.045195 -0.010829 0.112564 0.025812 -0.024200 -0.027235 -0.023409
-0.086265 -0.035024 0.246168 -0.005007 0.032732 -0.015341 -0.041073 0.013890 -0.012917 0.011312
0.058934 0.018149 -0.042321 0.037807 -0.029459 0.024851 0.035593 -0.002587 -0.031368 0.005766
0.129730 -0.002424 0.156619 0.027240 -0.018648 0.028949 -0.033552 0.028670 -0.093731 -0.031200
0.019762 -0.010478 -0.024972 0.025653 -0.045624 0.054646 0.029733 0.003008 -0.043460 0.021549
-0.057961 0.009343 0.262669 -0.024813 -0.051866 -0.003869 -0.007239 -0.027446 0.067724 -0.001185
0.042523 0.006932 -0.031387 0.022136 -0.027716 0.047771 0.032826 0.007817 -0.029534 -0.024389
-0.032643 0.043256 0.114642 -0.000976 0.002076 -0.016698 0.004987 0.166104 -0.040863 -0.022125
0.022778 0.003109 -0.002882 0.007401 -0.039891 0.033244 0.008477 0.015618 0.019882 -0.043572
-0.048608 0.021740 0.101282 0.036308 0.038156 0.008127 0.019176 0.078148 0.129769 0.154945
-0.007750 0.010209 -0.015521 0.004368 -0.029961 0.044032 -0.010565 -0.022400 0.027443 -0.017653
-0.121520 -0.030883 0.134534 -0.011644 0.099595 0.096809 0.000651 0.063529 0.003183 -0.009886
-0.028672 -0.023491 -0.025955 0.001956 -0.005982 0.033443 -0.000821 -0.010233 0.005033 -0.003843
-0.077404 -0.011881 -0.053313 0.124366 -0.074258 0.054815 0.013726 0.016577 0.029209 -0.040559
0.009326 0.042817 0.063665 -0.043395 0.019096 -0.056894 -0.018480 -0.012256 0.031951 -0.014005
-0.013446 0.016476 0.005181 0.099793 0.045396 0.130554 -0.107764 0.090908 0.007242 0.040494
-0.071382 -0.047581 0.050164 -0.022414 0.008839 -0.038491 -0.004731 -0.011794 0.093036 0.026177
0.047873 -0.006357 -0.011713 0.060727 -0.000164 0.089568 -0.026201 -0.035503 0.009306 -0.038956
-0.020286 -0.004397 0.010165 -0.023155 -0.005117 -0.016073 -0.024158 0.006980 0.113431 -0.022272
0.055022 -0.022396 -0.012515 0.116561 -0.056087 0.049931 0.043114 0.066589 -0.044359 -0.029120
-0.010752 0.026637 0.110810 -0.076741 0.034484 -0.036163 0.012371 -0.024375 -0.052081 0.003206
-0.015740 0.030517 -0.000183 -0.033506 0.101411 0.111743 -0.047134 -0.101571 -0.047562 0.095250
-0.018400 0.067063 0.058418 -0.030944 -0.006156 0.032108 0.005077 0.029777 -0.095473 0.001799
0.031478 -0.080445 -0.041796 0.140473 0.074646 0.035176 -0.063427 0.043379 -0.000522 -0.054301
