0.064911 -0.008768 -0.115215 0.117291 0.168752 0.053418 0.003611 -0.067561 -0.025122 0.085283 -0.082829 -0.001991 0.140926 0.028855 0.027355 -0.065667 0.155064 -0.232825 -0.002433 0.154534 0.061452 -0.219198 0.123880 0.136436 -0.044201 -0.029818 0.022452 0.178946 0.043294 0.138264 0.019170 0.053086
-0.019339 0.051829 -0.011340 0.042076 0.043327 -0.155804 -0.128279 0.047106 0.012200 0.037867 -0.121118 0.313021 0.064070 -0.074711 -0.026031 0.031434 -0.217959 0.075805 -0.043430 -0.096671 -0.024967 -0.003199 -0.178029 0.002677 0.093345 0.074864 -0.045712 -0.120215 0.007941 0.150315 -0.221986 0.024153
-0.034388 0.053616 -0.069668 0.186077 -0.000036 0.004634 0.045756 0.030185 0.191769 0.039391 -0.032905 -0.048398 0.193907 0.048087 0.015983 0.197672 0.092181 -0.033358 -0.015826 -0.157444 0.083422 0.030769 0.072217 0.090955 0.184839 -0.032954 -0.035595 0.041270 -0.000786 -0.035663 0.094789 -0.056724
-0.136973 0.058590 -0.173707 -0.181363 0.155786 0.044843 0.065499 0.007779 -0.060559 0.028062 -0.077453 -0.142309 0.100630 -0.143591 0.054373 -0.054505 -0.151033 -0.130057 -0.019719 -0.119260 0.014927 -0.029304 -0.019546 -0.068872 0.182235 -0.162548 0.194606 -0.096601 -0.091879 0.016323 0.252018 0.050982
0.043894 -0.109532 -0.136469 -0.019910 -0.044255 0.114713 -0.168082 -0.149001 -0.148139 0.202416 0.139906 0.060294 0.014696 0.067939 -0.017943 -0.108448 -0.175374 -0.010571 -0.097373 0.108981 0.010250 0.130334 0.132898 -0.090353 -0.074924 0.171742 0.004147 0.078952 0.063851 0.304243 0.174947 0.191454
-0.054553 0.005256 0.185653 -0.237926 0.121356 -0.089966 0.196766 0.099400 -0.216998 -0.143683 -0.012277 -0.082988 0.118392 0.023695 -0.194472 0.209070 0.026081 -0.109892 -0.039641 -0.076827 0.036840 -0.074468 0.068119 0.056733 -0.354355 0.089303 0.148855 0.040706 0.029425 0.046834 0.191462 0.004951
0.052043 -0.197179 0.107343 0.080737 -0.005916 -0.026467 0.030080 -0.023806 -0.021190 0.040094 -0.040140 -0.217689 0.005816 0.112830 0.032560 -0.104560 -0.127574 -0.065411 -0.136512 -0.010783 -0.264222 0.025429 -0.035396 -0.130745 -0.096798 0.040517 0.002433 0.027728 -0.133150 -0.021333 0.023838 -0.102513
-0.067271 -0.031239 -0.048075 0.018530 0.022866 -0.056024 0.127031 0.056283 -0.169546 -0.008384 0.106424 0.110031 0.059858 0.053211 -0.071674 0.021601 -0.180580 -0.073216 0.075883 0.209241 0.032315 -0.111167 0.167098 0.052314 0.028941 0.105279 0.060400 -0.036142 0.099698 0.018535 0.142576 0.111500
0.154666 -0.077876 0.071855 0.102999 0.239134 -0.023360 -0.050998 -0.007456 -0.075785 -0.197336 0.043651 -0.014942 0.136321 0.069789 -0.048504 -0.005171 0.027973 0.043671 -0.014328 0.091093 0.213438 -0.132956 -0.026156 -0.009908 -0.230054 0.054180 0.087664 0.066989 -0.012115 0.092423 0.102126 0.033316
0.134747 0.120521 -0.049874 0.160574 -0.161208 0.000688 -0.058524 -0.009710 -0.072565 0.156600 0.198101 0.111731 0.130047 0.223955 -0.021902 -0.193267 -0.197447 0.027790 0.008682 0.109817 0.009269 -0.251526 0.079280 0.076951 0.069953 0.126918 -0.156428 -0.088464 0.054496 0.003020 -0.021904 0.210202
-0.230552 -0.128969 0.187595 0.123586 0.002422 0.115580 0.053144 0.019362 -0.215897 -0.128366 -0.202724 -0.064079 0.157447 0.117216 -0.022190 -0.123235 0.017042 -0.007713 -0.113497 0.064044 -0.018084 0.038245 0.122431 0.052201 0.042762 0.017123 0.021205 0.140066 -0.208013 -0.233332 0.006408 0.022497
-0.015707 0.050064 -0.225471 -0.037635 0.144041 0.117982 0.188035 0.055920 0.011369 0.185208 0.000299 -0.028292 0.028900 -0.243270 -0.099230 -0.026446 -0.039211 -0.075088 -0.150809 -0.080929 -0.133246 0.025646 0.145880 0.020045 0.055362 0.106921 0.040418 0.093941 0.136871 -0.088956 -0.059114 0.083586
-0.079346 -0.130411 0.052686 -0.002031 0.058394 -0.152106 -0.085607 -0.077809 0.054667 -0.127577 0.145604 0.080688 -0.023404 -0.046186 0.018362 0.078531 0.191616 0.029260 -0.058843 0.065454 0.145350 0.006708 -0.021347 0.089732 0.045814 -0.040925 -0.103428 0.255379 -0.024527 -0.050320 0.059061 -0.212165
-0.051989 0.151595 0.047447 0.140048 0.086862 0.113443 0.025996 0.115302 0.008741 -0.033760 0.163699 -0.123907 -0.129729 0.039603 0.148618 -0.138499 0.007682 0.145249 0.059144 -0.056353 -0.128279 -0.076373 0.054737 -0.069563 -0.127214 0.091981 0.093913 -0.016820 0.005695 -0.036513 -0.126887 -0.116623
0.039647 0.090364 0.030623 -0.261841 -0.003833 0.044839 0.096160 -0.039029 0.081803 -0.004321 0.046178 -0.188614 0.049743 0.182895 0.241231 -0.120169 0.056979 0.039618 -0.123533 0.107810 0.040647 -0.132767 -0.115039 -0.121863 -0.051852 0.020887 0.204632 -0.034246 -0.064256 -0.107724 0.172267 0.153446
-0.020127 -0.123218 0.059642 0.003914 -0.038287 0.000685 -0.155107 0.037671 0.222601 -0.068304 -0.005658 -0.027546 -0.122097 0.041548 -0.015873 -0.134974 -0.054490 -0.095451 -0.101010 0.017565 0.052269 0.034997 -0.031993 0.041670 -0.006211 0.132273 0.148485 0.012452 -0.069252 -0.244267 0.013274 0.024063
-0.033332 -0.082190 0.014623 0.036602 0.172505 -0.073317 0.178563 -0.083075 0.025195 0.061400 -0.062691 0.004806 -0.000485 0.034198 0.029124 0.054401 0.007046 0.014069 -0.043130 -0.021512 0.026154 0.155619 0.050767 0.038078 0.038243 0.063222 0.229515 -0.005435 0.002216 0.253839 0.005268 0.034159
0.034315 0.179784 0.063523 0.107765 0.171210 -0.075653 0.062883 0.158120 0.036500 0.095028 0.000399 -0.093861 0.041725 -0.066258 -0.013846 -0.155891 0.151225 0.109957 0.098686 -0.084618 -0.277789 0.051735 -0.107387 0.009667 -0.011981 0.214670 0.013589 -0.035556 -0.167654 -0.013886 -0.056730 0.068494
-0.147884 0.277906 -0.010926 -0.139652 0.083452 -0.142683 0.116685 -0.007894 0.115057 0.105289 0.123796 -0.122430 0.034140 0.084089 0.017793 0.028631 -0.017001 0.059558 -0.017263 -0.034854 -0.014787 0.101592 -0.149126 -0.130309 0.142984 0.223149 0.026870 -0.040931 -0.176242 0.126298 0.101267 0.185458
-0.081005 -0.059175 0.048613 -0.071874 -0.139067 0.002684 0.098035 -0.076011 -0.100448 -0.003058 0.055702 -0.097063 -0.059526 0.080169 0.216376 0.114205 0.020384 -0.079079 0.084463 0.128376 -0.015021 0.186637 -0.010021 -0.028896 0.022361 0.148022 -0.091367 -0.087129 -0.033300 -0.064500 -0.047811 0.150198
-0.029992 0.078886 0.145456 -0.153697 -0.013097 -0.131764 0.133728 0.059518 -0.015359 0.075990 0.063559 -0.024707 0.087616 -0.105639 0.055458 0.250739 0.132547 -0.069292 0.071016 -0.087655 -0.035951 -0.030226 -0.080254 -0.105547 0.007692 0.220926 0.048568 -0.057366 -0.036215 0.036520 0.000105 0.018980
-0.082690 0.049559 -0.019191 -0.002944 -0.092557 -0.163152 -0.014889 0.028255 -0.201751 0.038240 0.070055 -0.024601 -0.006310 0.005840 0.173607 0.183308 -0.146033 0.054382 0.060306 0.218680 -0.060869 0.018170 0.053275 0.076963 -0.090938 0.070395 0.134358 0.001872 0.026583 0.009709 0.114019 0.132013
-0.014142 -0.007436 0.120031 -0.070081 0.074430 -0.177107 0.112631 0.053846 -0.110897 -0.027337 0.033686 0.017546 0.193723 -0.164580 0.062806 -0.003795 0.050327 -0.165556 0.052471 -0.150539 -0.079810 0.027729 0.070447 0.117362 -0.115931 0.144873 -0.035116 -0.057975 0.211784 0.016388 0.077371 -0.019991
0.009062 -0.084687 0.144741 -0.027901 -0.141094 -0.034763 0.010718 -0.118679 0.102135 -0.083411 0.059530 -0.016365 -0.015684 -0.055277 0.011237 0.000168 -0.159682 0.012204 0.183441 0.053378 -0.011320 -0.071897 0.000777 -0.284486 0.020196 -0.008337 0.095174 0.021591 -0.019653 0.022359 -0.100003 -0.012477
0.042943 -0.131668 -0.093927 -0.014432 -0.065494 -0.055460 0.041253 -0.164101 0.031281 0.079057 -0.041308 -0.009863 0.098320 -0.104415 0.056697 -0.121784 -0.140361 0.143672 0.039126 -0.024088 -0.123051 -0.074331 -0.038137 0.084742 -0.105575 0.175004 0.055604 0.094580 0.036151 -0.203486 0.057642 0.089109
0.034438 0.071422 0.013699 0.061662 0.136510 -0.108290 0.043336 -0.017819 0.010347 0.093512 0.104824 -0.000628 -0.142927 0.111289 0.083822 0.041978 -0.041194 0.017126 0.149460 -0.177432 0.041583 0.035238 0.095009 0.103830 0.004691 -0.111874 0.253125 0.007841 0.138813 0.126590 -0.193826 -0.009494
-0.044900 -0.041439 -0.002492 0.160293 0.141470 0.201437 -0.060886 -0.020383 -0.117374 -0.132239 0.020428 0.123549 0.070215 -0.034148 -0.074256 -0.236000 0.004558 0.027719 0.213214 -0.077403 -0.090247 0.011884 -0.069876 -0.025206 -0.048958 -0.117901 -0.084725 0.005335 0.231585 -0.008852 0.145797 -0.071741
0.079672 -0.072994 0.042854 0.344137 0.008192 0.248183 0.041530 0.077354 0.009819 0.048835 -0.033754 -0.029899 0.088752 -0.061063 -0.115267 -0.093896 -0.022715 -0.079504 0.115487 -0.259247 -0.005592 -0.186958 0.120285 -0.165580 0.114059 -0.015774 -0.109110 0.048135 0.176903 0.124782 -0.015264 0.151033
0.025478 0.066235 0.100693 0.048978 -0.003741 0.187604 0.007474 0.079181 0.048675 0.193110 0.036948 0.064046 -0.118149 0.240317 -0.178502 0.005171 0.024986 0.013850 -0.066580 -0.106024 0.019752 -0.005150 0.049366 -0.018794 0.023121 0.063316 0.163144 0.170003 -0.060344 -0.032376 -0.081731 -0.072063
-0.006371 0.112656 -0.006888 -0.012437 -0.041090 0.005362 -0.031995 0.174321 0.002312 0.107440 0.062979 -0.062314 0.021202 0.093957 0.009556 -0.095093 -0.045390 0.055240 0.181655 0.003004 -0.021672 0.160760 -0.072664 -0.032461 0.049544 -0.027499 0.172162 0.104794 -0.085383 -0.110786 0.014107 0.047977
0.006816 0.219619 0.036040 -0.039299 0.035422 0.074869 0.233598 0.108748 -0.092064 0.106191 0.015398 0.061424 0.062028 0.088162 -0.019860 0.115564 -0.118549 0.084489 -0.012270 -0.030389 0.099575 -0.039748 0.039307 -0.102175 0.069744 0.038753 0.167043 0.098383 -0.034820 0.180864 -0.030079 -0.084125
-0.039900 0.067521 0.073841 0.026549 -0.021726 0.050036 0.036002 0.027597 0.069727 0.020566 0.046509 -0.062391 0.121202 -0.066788 0.012174 0.105579 -0.143526 -0.029229 0.029819 -0.136659 0.130813 0.302123 -0.098952 -0.006148 0.010971 0.090024 0.043979 0.048419 -0.204281 0.197343 -0.032604 0.037388
0.014352 0.055524 0.082425 -0.086218 0.023889 0.077526 0.109453 -0.053006 0.065777 -0.065627 -0.004615 -0.054641 0.047760 0.001126 0.110806 -0.007303 0.029276 0.059397 -0.137622 -0.097522 -0.005257 0.031918 -0.067723 -0.133541 0.041992 0.181868 -0.031937 -0.088245 -0.091254 -0.035511 -0.056425 0.161585
-0.026690 0.110752 -0.016935 -0.026669 0.116370 0.007589 -0.046197 -0.050488 0.178907 0.006521 0.064316 -0.092187 0.014289 -0.080656 0.146989 0.101801 0.044009 0.044977 -0.084176 -0.046504 0.016812 0.054798 -0.019863 0.054175 -0.021900 0.081463 -0.098644 -0.119086 -0.220503 -0.040325 -0.133007 0.045191
-0.050594 -0.054571 0.146783 0.080830 -0.053619 0.076781 0.017185 -0.013021 0.003636 -0.016756 0.019916 -0.026971 0.024652 -0.026756 0.156843 -0.056115 0.050957 0.048629 -0.056753 0.196956 0.095860 0.016026 -0.059371 -0.120876 0.109237 -0.031084 0.070431 0.028067 -0.078896 0.010144 -0.045698 0.077146
-0.043137 -0.172925 -0.052054 -0.175472 0.157971 0.050526 0.048289 -0.032475 -0.099099 -0.026558 -0.006931 -0.046193 -0.032731 -0.072933 0.180914 0.071373 0.026385 0.125556 -0.070878 -0.024982 -0.055898 -0.033936 -0.013918 0.009963 0.114075 0.039842 0.038818 0.025501 0.050432 0.180188 -0.048637 -0.009427
-0.033847 0.001022 -0.044215 0.029941 0.077831 0.140025 0.055305 0.017995 0.031755 0.012162 -0.073332 0.146258 -0.040477 -0.109189 0.020919 0.016683 -0.025228 -0.009448 -0.021781 0.161876 0.061466 -0.158084 0.025974 0.010536 0.191111 0.001009 -0.084533 0.069016 0.055809 -0.002609 0.170150 -0.037903
-0.083575 0.082775 0.039257 0.136816 -0.141778 0.050157 -0.055999 -0.056735 -0.009211 -0.037083 -0.173772 -0.022210 0.201170 -0.109992 -0.126946 -0.225380 0.060032 0.112840 0.074381 0.161872 0.019647 0.074400 0.068109 0.049450 -0.046266 -0.089118 0.060784 0.111878 0.025358 -0.011018 0.083067 -0.002486
0.017093 0.113796 0.063126 -0.016427 0.033129 0.035893 0.074213 -0.095343 0.184914 -0.013820 0.057081 -0.087533 0.178006 -0.035899 -0.000871 -0.033744 -0.028611 0.016903 0.122241 -0.093348 0.078191 -0.141453 -0.056972 -0.196120 -0.000060 0.094413 -0.099315 -0.026762 0.094563 -0.156888 -0.067728 0.019474
-0.134188 -0.013697 -0.100875 -0.048761 -0.043631 -0.084865 0.082626 0.174640 -0.034873 -0.084036 -0.054746 0.028402 0.179953 0.074589 -0.008186 0.035132 -0.089563 0.138675 0.162155 0.049820 -0.147209 0.002707 0.071813 -0.004610 -0.110816 -0.089067 0.047646 0.006793 0.398286 0.033086 -0.013285 -0.169736
0.027898 0.111141 0.149407 0.047096 0.029942 0.069455 0.059844 0.004355 -0.118243 -0.166013 0.060268 0.012986 -0.029969 0.018292 -0.133591 0.024521 -0.002490 0.080458 0.017913 -0.084445 -0.031798 0.022891 -0.224855 0.106215 -0.072829 0.054743 0.066697 0.107110 0.033260 0.023598 0.020924 0.030487
0.103207 -0.038654 0.008119 -0.043521 -0.032086 -0.092934 -0.045640 0.073568 -0.074217 0.082704 0.060497 0.015247 0.099402 0.270065 -0.002140 0.196396 0.039630 -0.095846 0.116972 -0.110214 0.029540 -0.100525 0.031635 -0.130731 -0.011512 -0.083804 0.083694 0.036999 -0.060329 0.197396 -0.064633 -0.041887
0.079136 0.128815 0.046911 0.144645 -0.035138 0.059826 0.084316 0.069281 0.098574 0.019508 -0.092501 0.049120 -0.038587 -0.042546 0.167639 0.119910 0.070192 -0.050267 -0.037228 0.073354 -0.113628 0.106732 0.013437 -0.045851 0.076551 -0.009776 0.172291 0.090187 -0.073222 -0.009850 -0.035109 -0.059745
0.027901 0.078956 0.052935 -0.002277 -0.043794 0.035951 0.068623 0.034500 -0.049782 0.025390 -0.071305 0.004410 -0.029330 -0.083865 0.038465 0.031666 0.089625 0.099937 0.045006 -0.100117 -0.111720 0.090134 0.005268 -0.022069 0.041317 0.062082 0.137370 0.097274 -0.027454 -0.109556 -0.125037 -0.082815
0.030343 0.013428 0.020263 0.099310 0.012683 0.054204 0.232622 0.095572 -0.106705 0.040250 -0.118774 0.002541 -0.043381 -0.029008 0.117590 -0.053999 -0.155568 0.055606 -0.025860 -0.013830 0.012726 0.389405 0.055067 0.040728 0.022775 0.119052 -0.040150 0.070942 0.042405 -0.065341 0.034612 -0.114771
-0.103544 0.139413 -0.044783 -0.014744 -0.113757 0.095354 0.227763 0.041485 -0.053753 0.069511 -0.029095 -0.060235 -0.009898 0.036797 -0.122058 -0.089148 -0.317161 -0.005375 0.029123 -0.066356 0.111703 0.165700 -0.060087 -0.092008 0.062262 0.217023 -0.090792 0.273102 -0.096867 0.071698 -0.042749 -0.010260
-0.026385 0.029368 0.014415 0.098998 0.158893 0.147239 0.342487 0.011092 0.047797 -0.006140 0.000972 -0.016461 -0.061419 -0.043176 0.067384 -0.279130 -0.129170 0.008397 -0.019689 -0.031919 0.096486 -0.058165 0.042984 0.106218 0.065264 0.225272 0.099333 0.096810 -0.156287 0.038816 0.021695 -0.083620
-0.138715 0.079123 -0.081359 0.106040 -0.030560 0.309136 0.037851 0.022100 0.239491 0.022480 -0.006690 -0.082287 0.039847 -0.115054 -0.020428 -0.055269 -0.165405 0.034697 -0.102087 0.075270 -0.037407 0.100353 0.001385 0.088683 0.129233 0.105781 -0.009277 0.150063 -0.026427 0.066429 -0.003741 -0.079137
-0.018852 0.136406 0.113364 0.124721 0.066512 0.490293 0.113247 -0.030998 0.028865 0.024341 -0.046022 -0.043114 -0.088273 -0.115387 -0.102174 -0.083794 -0.008198 0.128197 0.036696 0.058131 -0.002026 0.037949 0.019300 0.143349 0.033936 0.018851 0.299522 0.038597 -0.033855 0.208206 -0.015813 -0.029323
-0.037759 0.196359 -0.063113 0.090822 -0.068947 0.250286 -0.004232 -0.037976 0.030672 0.048787 0.075195 0.035689 0.118803 0.016107 -0.134045 0.147716 -0.059563 0.224508 -0.015502 0.088909 -0.061743 0.003611 0.001893 0.094199 -0.080547 -0.004815 0.060774 0.057740 -0.056803 0.067900 -0.048276 -0.076256
-0.135070 0.010760 0.066394 0.026029 -0.245126 0.081949 0.036091 -0.032524 0.007542 0.009761 -0.070555 0.149514 0.016508 -0.083628 -0.198409 0.062345 0.174667 0.038598 0.025943 0.130561 0.120030 0.180623 0.032818 -0.166989 0.033703 -0.123447 -0.012249 -0.023678 -0.044657 -0.029956 0.218210 -0.011783
0.271777 0.118959 -0.052992 -0.136181 0.006552 -0.128948 -0.127556 -0.042455 -0.131301 -0.002039 0.006050 -0.062429 0.106679 -0.037448 0.035013 0.058395 0.020054 0.092163 -0.007606 0.061989 -0.010630 0.163280 0.260253 -0.068763 -0.043470 -0.011677 0.018394 -0.105340 -0.252774 -0.036751 0.095021 -0.027156
-0.015906 0.007184 -0.024531 -0.132628 -0.023107 0.087244 0.075846 0.148098 -0.233864 0.023908 -0.057261 0.095287 0.130545 -0.014763 -0.062357 0.091434 -0.085238 0.139417 -0.082098 -0.027394 0.030317 0.039309 -0.142712 -0.020639 -0.134649 -0.108799 0.024645 0.119008 0.157265 0.062536 0.038091 -0.109334
0.041085 0.026643 0.160737 0.002725 0.154306 -0.022550 -0.156216 0.128660 0.050759 0.104921 -0.046130 -0.085065 -0.116308 0.025267 -0.085342 0.154924 0.037584 -0.150180 -0.101385 0.005145 0.154345 -0.072441 0.100228 -0.041250 0.007140 -0.008896 -0.031793 0.164641 0.064833 0.025390 -0.021293 -0.044788
0.002618 -0.018342 0.041605 -0.151931 -0.007004 0.179249 0.013156 0.017619 0.071979 0.083314 0.085329 -0.049850 0.078819 0.053521 0.068619 0.098220 0.205064 0.118722 0.039585 -0.089209 -0.067764 0.064045 -0.049513 0.151743 -0.009539 0.159585 -0.009590 -0.000815 -0.096153 0.118732 -0.000267 0.050710
0.027832 0.128518 -0.085000 0.045992 0.170240 -0.066224 -0.112127 -0.063750 -0.057792 -0.095661 -0.009843 -0.041465 -0.013965 -0.078366 -0.086191 0.094917 0.013749 0.118419 0.018381 -0.087998 -0.011229 -0.042684 -0.014073 0.020265 -0.000264 0.061749 0.124778 0.122984 0.025291 0.114253 -0.046228 -0.053912
-0.027823 0.099094 -0.040641 -0.073094 -0.018364 0.035943 -0.054865 0.005685 -0.002168 -0.031442 0.082630 0.054308 -0.138747 -0.030882 -0.021653 0.092268 0.121599 0.296031 -0.013517 0.218151 -0.044816 0.194583 -0.080408 -0.006588 -0.009929 0.014967 0.236564 0.173383 -0.054829 0.054601 0.026295 -0.018062
-0.049753 0.154460 0.004119 -0.069265 -0.169249 0.004819 -0.113981 -0.067613 -0.048585 -0.038102 0.092628 0.174932 -0.096712 -0.133366 0.018952 0.075227 0.131707 0.270554 0.049412 0.144829 -0.013237 0.162622 -0.040873 -0.054587 0.030490 0.043443 0.058924 0.025967 0.061404 0.115481 -0.103578 -0.068980
0.069020 -0.093434 0.083733 0.076992 0.068734 0.055301 -0.020276 0.096339 -0.089393 -0.000304 0.100191 0.060998 -0.049507 0.021579 -0.097642 0.216655 0.123329 0.043768 -0.028470 -0.177174 0.168445 0.222125 0.086876 0.201142 -0.073105 0.300971 -0.206113 0.098916 0.011203 -0.019217 -0.001141 -0.122598
-0.125246 0.034064 0.153699 0.065350 -0.008023 0.299619 0.056599 0.059057 -0.144247 0.170502 -0.031098 -0.059551 0.090280 0.283897 -0.143972 0.164839 0.104358 0.078452 -0.054822 -0.023684 0.133437 -0.219983 -0.098925 0.034814 0.183019 0.039586 0.055968 0.022418 0.190422 -0.044176 -0.115480 -0.110127
0.037876 0.223231 0.067301 0.081723 -0.035541 0.213489 0.111603 0.008513 -0.090071 0.089705 -0.063295 0.005248 0.096508 0.386197 -0.206473 0.092637 -0.035557 0.215452 -0.073996 -0.037730 -0.014113 -0.119693 -0.030571 0.127586 0.072655 -0.032639 0.357959 -0.068103 0.066031 -0.100835 -0.067723 -0.093623
0.022393 0.230649 0.017388 0.180726 0.036494 0.041748 0.002867 0.058733 -0.002880 -0.054967 -0.036499 -0.052358 0.005983 0.294952 -0.072522 0.063352 0.135625 0.240668 -0.050186 -0.018786 0.023817 0.070490 0.053987 0.026656 0.074526 0.021056 0.132753 -0.004080 0.053186 0.069992 -0.021369 -0.068290
-0.008861 0.027965 0.144378 -0.048920 -0.131148 0.214884 0.056516 0.062480 0.007880 -0.089607 -0.006867 -0.131913 0.077492 0.024819 -0.207447 0.013081 -0.064204 0.038327 -0.016784 0.048821 -0.003092 0.111533 -0.040099 0.049850 0.195409 0.089913 -0.163162 0.057510 0.087592 0.059045 0.097280 -0.050319
-0.001228 0.053938 -0.129196 0.079122 -0.047661 0.209588 0.101283 -0.022643 -0.058103 -0.040589 -0.248395 0.115780 0.030238 -0.024429 -0.205522 0.111365 0.078174 0.163619 -0.083303 0.231303 0.177752 0.133712 0.158277 0.037164 0.131376 0.133196 -0.036535 0.049522 -0.028633 0.026622 0.146770 -0.048108
0.029737 -0.036670 0.043663 0.056655 0.013754 0.134433 -0.090618 0.069542 -0.122920 0.045002 -0.445422 -0.019043 0.002822 0.013442 -0.256135 0.133352 -0.045369 0.011664 0.023131 -0.100212 0.046083 0.089540 -0.203613 -0.005229 0.102257 -0.057579 -0.009795 0.053906 -0.118792 0.120190 0.282945 -0.074182
0.139343 -0.180104 -0.066739 -0.018927 0.111586 -0.107377 0.122479 0.092214 0.041583 0.017333 -0.045737 -0.015464 -0.025488 -0.083137 -0.161255 -0.012493 -0.005496 -0.035636 0.027850 0.063985 -0.043821 -0.153793 0.121195 0.032307 -0.018902 0.064831 -0.102356 -0.070025 0.149252 0.033734 0.074798 -0.123109
-0.019418 -0.000929 0.085419 0.169834 -0.170476 0.029329 0.094492 0.162995 -0.177773 0.308255 0.154928 0.010032 0.027033 0.052397 -0.164157 -0.071220 -0.003111 -0.071160 -0.044282 0.105676 -0.119800 0.042497 0.065593 -0.216920 0.132135 0.113631 -0.155427 0.165838 -0.073159 -0.239132 -0.026929 -0.099378
-0.046722 0.058644 0.059872 -0.057357 0.062534 -0.164652 -0.039716 -0.074045 -0.088724 -0.027079 0.122400 0.065139 0.107221 -0.015611 0.091468 -0.111167 0.055901 -0.014109 -0.002108 0.221844 -0.014882 -0.082458 0.034757 -0.143230 -0.015468 -0.039462 0.114717 0.013200 -0.066388 0.049917 -0.084337 0.035347
-0.018540 0.080762 0.026078 0.294046 -0.041645 -0.019527 -0.075994 -0.086190 -0.000921 -0.106665 0.126178 0.144113 0.143475 -0.034012 -0.007673 -0.120416 -0.049309 0.153308 0.050089 0.307287 0.039181 0.130676 0.439557 0.089579 -0.151065 -0.049495 -0.045775 -0.039714 0.004918 0.151531 -0.046971 0.043714
-0.042271 0.014761 -0.096513 -0.104714 0.108115 -0.094491 -0.157478 -0.150973 0.151371 -0.050437 0.180345 0.078006 0.148067 -0.061975 -0.023059 -0.120234 0.045322 -0.098194 0.014170 0.094318 0.107359 0.113417 0.429140 -0.044517 -0.017456 -0.043707 0.013455 -0.156606 0.116443 -0.152820 -0.028810 -0.017639
-0.041284 -0.023574 -0.160280 0.034314 0.116248 -0.017545 -0.179518 -0.043260 0.214263 -0.013882 0.144037 0.060629 0.182665 -0.149299 -0.048907 -0.075744 0.205754 -0.088138 -0.059424 -0.104445 0.017561 0.242853 0.491941 0.194636 -0.112876 -0.313062 0.117768 0.026409 -0.060451 0.015688 -0.002762 -0.172056
-0.035548 -0.044178 -0.118757 0.067729 -0.090882 -0.015845 -0.118805 -0.156846 0.192633 -0.199931 0.043463 -0.083111 -0.122462 0.038962 -0.143189 -0.033632 0.136606 -0.218010 0.026813 -0.189792 0.280972 0.029078 0.373279 0.145739 0.088338 0.264747 -0.232774 -0.079670 0.026081 0.134921 0.299934 0.391807
0.018378 0.195419 -0.249518 0.089530 0.089416 -0.019894 -0.100381 -0.095591 -0.121752 -0.021316 0.018610 -0.092306 -0.121505 0.073109 0.032965 -0.034883 -0.041350 0.045002 0.490626 0.082841 -0.136973 -0.125013 0.135790 -0.037977 -0.149875 -0.158328 0.012411 -0.133482 -0.029748 0.236338 -0.035204 -0.091164
-0.049743 0.142580 0.007455 0.013309 0.073205 -0.155687 -0.169451 -0.036021 0.076580 0.027392 0.118884 -0.129844 -0.053310 -0.015955 0.372722 -0.194979 0.100236 0.047105 -0.077905 0.108638 -0.043944 0.037480 0.012689 -0.098086 -0.071554 0.009338 0.086869 0.089149 -0.058158 0.063007 -0.064104 -0.010147
-0.052013 0.214316 -0.029166 -0.109108 -0.109339 -0.005998 -0.012952 -0.083888 0.005554 0.067345 0.122547 -0.054255 0.043285 0.443224 0.196179 -0.124499 0.024844 0.100384 -0.074631 0.074168 -0.041239 0.059525 0.002059 -0.063557 -0.056768 0.026478 0.264355 -0.110810 0.045285 -0.001748 -0.035205 0.026924
-0.061231 0.103746 0.004011 0.141857 -0.063313 -0.127038 -0.120540 -0.135097 0.033685 -0.063296 0.147523 0.138556 0.013603 0.688254 0.280026 -0.181325 0.037496 0.293367 -0.155229 0.120533 0.074130 -0.037203 0.096894 -0.015470 -0.057422 -0.085191 0.068799 -0.080814 0.036783 -0.143468 0.055580 0.116556
-0.006399 0.020056 0.033126 0.098301 0.037464 -0.104595 -0.046240 0.051068 0.013467 -0.174557 0.031977 0.126690 0.148342 0.345997 0.027281 0.067202 -0.017500 -0.010577 -0.039525 -0.108492 0.093732 -0.200688 -0.043803 0.046660 0.023056 0.149993 0.151521 -0.094098 0.039297 -0.061006 -0.031173 0.043979
0.076905 0.190318 0.032353 0.180902 -0.024877 -0.182662 -0.219335 0.004905 -0.166527 -0.072749 -0.136419 -0.140949 -0.071590 0.031475 -0.047116 -0.001380 -0.009799 0.067315 -0.000583 -0.117962 -0.165992 -0.047872 0.023134 0.068053 -0.079008 0.102318 -0.033316 -0.076912 0.147544 -0.171696 -0.012880 0.075228
0.075466 -0.159719 0.298947 0.077993 -0.149748 0.067416 0.087004 -0.147426 0.312130 0.025393 0.038683 -0.061516 -0.156978 -0.018436 -0.029892 -0.326286 0.086760 -0.040576 -0.084217 0.035551 0.033867 0.072671 0.071792 0.016840 0.154859 -0.172651 -0.045046 0.006321 -0.111351 0.023801 -0.092555 0.089886
-0.061965 -0.010276 -0.046481 0.101654 0.099655 0.082653 -0.124236 -0.059084 0.030667 0.144670 0.095482 0.003796 0.149810 -0.209978 -0.122435 -0.028825 0.240421 0.074326 -0.012131 0.053562 -0.134509 0.066477 -0.155178 0.002759 0.121069 -0.102637 0.047944 0.122857 -0.224127 -0.110638 0.019218 -0.177256
0.013638 0.015244 0.059333 -0.105090 0.064269 0.041073 0.034642 0.007801 0.205048 -0.017526 -0.028913 0.088363 0.080420 -0.063924 -0.079410 -0.075913 -0.064558 -0.012783 -0.108983 0.128546 0.063887 0.068919 0.521746 0.047017 -0.043417 -0.059904 -0.145622 -0.121730 0.114099 -0.030187 -0.017533 -0.065917
0.053751 0.056900 0.113959 -0.014748 0.006754 -0.005614 -0.018654 0.040996 0.041640 0.138881 0.174665 -0.026683 0.035546 -0.030699 0.039135 -0.113406 0.055178 0.177979 -0.087757 0.030174 -0.046347 0.001068 0.055883 0.051100 -0.145179 -0.093635 0.084208 -0.157719 0.163919 0.064031 0.190535 -0.043056
-0.070640 0.007460 -0.159968 0.064417 0.086266 -0.085591 0.009355 -0.035435 -0.050529 0.071727 0.072785 0.083176 -0.047859 0.007433 -0.071075 -0.057877 0.016918 -0.046359 -0.022706 -0.010434 0.038131 0.099516 0.060035 0.005147 -0.090884 -0.165384 0.117071 -0.058479 -0.041619 0.040087 0.144942 -0.035103
0.115568 -0.083732 -0.226430 -0.101219 -0.021371 -0.062893 -0.018697 0.056640 -0.191712 -0.062138 -0.012631 -0.013955 -0.143535 -0.015882 -0.106872 0.026537 0.121146 -0.189932 -0.046779 0.117340 -0.027512 0.248809 -0.053207 0.008601 -0.066870 -0.175596 0.127664 -0.090781 -0.046007 -0.024425 0.177432 0.384812
-0.095570 -0.002610 -0.036110 0.058527 0.145216 0.104733 0.104688 -0.244078 0.025103 -0.114634 -0.123280 -0.032138 -0.114932 -0.040324 0.098895 0.056251 0.079577 -0.037794 0.191308 -0.062317 -0.028027 -0.356057 -0.034984 0.058027 0.204346 0.132945 -0.046503 -0.040260 -0.016276 0.094827 0.158072 0.309886
0.060533 0.017356 -0.185757 -0.015509 -0.081923 -0.096005 -0.023908 0.009332 0.020444 -0.054264 -0.056944 -0.064944 -0.022153 0.123925 0.066236 -0.228247 -0.016522 0.005219 0.350983 -0.030177 -0.086522 -0.290912 0.167675 0.088856 -0.023413 -0.169770 0.035298 -0.003554 -0.043131 0.260594 -0.038511 -0.036410
0.038333 -0.045984 -0.272362 -0.014639 0.168950 0.081115 0.037183 -0.095134 -0.040177 0.017935 -0.050488 0.057990 -0.007030 0.098615 0.211118 0.009103 -0.037970 0.011915 0.089080 -0.042651 0.031856 0.323330 0.064030 -0.051331 -0.079670 -0.049447 0.130147 -0.187891 -0.069123 0.081077 0.040442 -0.032516
0.102372 -0.115893 0.190710 -0.005539 0.006328 -0.069608 -0.102280 0.007679 0.050743 -0.057071 -0.011239 0.115361 0.023198 -0.276616 0.388540 -0.173433 0.053101 -0.011968 0.002064 -0.043812 -0.020671 0.065405 0.014988 0.097773 -0.023218 -0.108702 -0.023504 0.013087 0.037928 -0.147177 0.040440 0.044989
0.027291 0.178725 0.323107 0.098594 0.101451 -0.034028 -0.010377 0.048849 -0.027596 -0.015125 0.170898 0.050787 0.059311 0.140671 0.310178 0.079255 0.047841 -0.086447 0.068712 0.105456 -0.048099 0.069693 0.006452 0.001003 0.021221 -0.002403 0.259660 0.100387 0.180962 -0.087294 -0.038755 -0.061886
-0.001383 0.005343 0.067204 0.131479 0.184165 -0.139759 0.023077 0.117804 0.070883 0.145529 0.216131 -0.001836 -0.072520 0.288572 0.201186 0.044998 0.241166 0.016666 -0.202793 -0.063551 -0.269083 0.050038 0.081535 -0.051235 0.040406 0.171951 0.093059 -0.058896 0.107971 0.058747 0.026239 0.011341
-0.198925 0.008623 0.003665 0.018929 0.011876 0.348057 -0.060916 -0.093586 -0.065597 0.098528 0.233595 -0.078749 -0.094382 -0.062695 0.085568 0.163504 0.111016 0.036549 -0.099886 0.010796 0.032363 0.219238 -0.008985 -0.039267 -0.003931 0.124464 0.102638 -0.027340 -0.000912 -0.033316 -0.017654 0.139885
0.100073 0.036280 -0.233539 -0.159958 0.134576 -0.054088 -0.158364 -0.107999 -0.015612 -0.073692 0.131795 0.161434 -0.074812 -0.057023 0.105956 0.072750 -0.117402 0.141644 -0.005598 0.028928 0.074715 -0.086276 0.035939 -0.004801 0.024565 -0.193564 0.025553 -0.047260 0.099143 -0.158934 -0.127289 0.069661
0.018231 0.076054 -0.044093 -0.109732 -0.003999 -0.012992 -0.095867 -0.045792 0.043349 0.167691 -0.044981 0.022076 -0.098246 0.046343 -0.093046 -0.143875 0.064355 0.027375 0.021163 -0.008728 0.086855 -0.055267 0.148146 -0.103492 -0.042920 0.023937 0.259192 -0.164958 0.078072 -0.079788 -0.139491 0.101764
0.097029 0.064204 0.088124 -0.027947 -0.089690 0.009053 -0.027857 -0.059256 -0.075747 0.086847 0.010027 0.119991 -0.055399 0.081873 -0.021303 -0.021577 -0.083771 -0.119294 -0.207459 -0.061501 -0.041795 0.007951 -0.100113 -0.091383 0.001549 -0.051898 -0.012386 0.062972 0.079325 -0.113564 0.158986 0.085317
-0.017741 0.030253 0.253344 0.004079 -0.050328 -0.124309 -0.018343 -0.013090 0.029034 0.151741 0.028349 0.144663 0.067991 0.172680 0.102088 -0.160528 0.035971 0.072435 -0.041640 -0.008131 -0.014838 0.022286 0.007590 0.038468 -0.127331 -0.122737 0.111127 0.106148 -0.000999 -0.014175 -0.065185 0.085510
0.004805 -0.111871 -0.009336 0.133864 -0.123566 -0.029787 -0.062412 0.061473 -0.125384 -0.013545 -0.129267 0.126986 0.112970 -0.105681 -0.108386 -0.061859 0.007731 -0.145110 -0.276461 -0.030185 -0.027635 0.152079 -0.114925 0.019005 -0.128898 -0.077123 0.032633 0.003809 0.059507 -0.013035 0.039455 0.303436
0.008232 -0.218654 -0.085295 0.046876 0.056948 0.065702 0.075040 -0.069636 0.038102 -0.031328 -0.069203 -0.163493 -0.051664 -0.075762 0.013909 -0.004625 0.052212 -0.150629 0.094316 0.052254 0.066183 -0.093317 -0.018379 -0.037598 -0.095319 0.039845 0.207700 0.088546 -0.159491 -0.110716 -0.002988 0.242528
0.059142 0.140506 -0.070359 -0.019037 0.043124 -0.010591 -0.089512 -0.102165 0.005377 -0.184810 -0.122190 -0.084741 -0.162069 0.079916 0.091365 0.036671 0.022364 0.028388 0.447282 -0.124542 -0.279436 -0.140047 -0.062898 -0.051605 0.111630 -0.049938 -0.147207 -0.080023 -0.041724 0.104000 0.148463 -0.021055
0.104317 -0.008342 -0.218408 0.067607 0.145578 -0.054917 -0.021628 -0.026805 -0.042149 0.005793 -0.019441 0.098900 -0.047011 0.116321 0.039493 -0.117186 -0.000384 -0.044356 0.236907 0.047253 -0.155714 0.164969 -0.030311 0.046089 -0.092699 -0.157742 0.063456 -0.110696 -0.025513 -0.137777 0.040214 -0.010192
-0.059062 -0.080428 0.065156 -0.068644 0.130287 0.066485 -0.029378 0.008178 -0.064821 0.042588 -0.128187 0.051827 0.012544 -0.009877 -0.127593 -0.246435 0.019688 0.019850 -0.043468 0.131536 -0.030696 0.363593 0.031251 0.101515 -0.049187 -0.207555 0.205828 0.042146 0.118514 0.106267 0.012873 -0.121596
-0.078162 -0.064389 0.237712 0.081216 -0.021808 -0.035507 0.036767 0.050042 -0.068459 0.136302 0.005904 0.010589 0.096942 0.088396 0.277454 0.070545 -0.038191 0.093064 0.024415 0.014343 0.069081 0.033672 -0.031314 -0.045807 -0.058742 0.045266 0.164222 0.064719 0.104500 0.096608 0.059289 -0.188074
0.031242 0.120617 0.070254 0.153305 0.049210 -0.101351 0.024034 0.153961 -0.044638 0.040333 0.081742 0.007897 -0.001955 -0.082770 0.207255 0.091114 0.145795 0.018270 -0.078159 -0.146540 0.008897 -0.096875 0.085830 -0.097675 0.016369 0.039830 0.065845 0.125594 0.041733 0.220780 0.022384 -0.113376
-0.117804 0.138227 -0.082600 -0.161967 0.127625 -0.021416 -0.080801 0.093093 -0.111245 0.060539 0.007627 0.119405 -0.048498 0.229280 0.182237 0.197636 0.103452 -0.017891 0.049041 -0.033385 -0.023103 0.030902 -0.003984 -0.127021 0.057517 0.092727 0.007082 0.172793 0.092770 -0.015130 0.017037 0.032878
0.224785 0.024579 -0.153109 0.124678 -0.024926 -0.026573 0.108354 0.076964 -0.132376 0.023773 -0.114577 -0.132919 -0.228899 0.029333 0.039747 -0.065228 -0.174118 -0.053860 -0.069450 -0.029675 -0.072665 -0.003924 0.034177 0.212908 0.133982 0.048962 0.100117 -0.149554 0.021995 0.252274 -0.109637 0.040475
-0.015218 0.073585 0.028321 -0.077500 -0.129315 0.194120 0.104949 -0.067819 0.028514 0.022382 0.024102 -0.121043 0.014602 -0.047552 -0.000569 0.003653 -0.024992 0.069529 -0.178508 0.200254 0.013901 -0.043123 0.026985 -0.023045 0.062087 -0.190847 0.125843 -0.033188 0.050608 0.008557 0.128317 0.002022
-0.056751 0.091259 -0.017723 -0.005896 0.017850 0.177416 0.126213 0.057207 -0.107669 0.093656 0.115783 -0.109033 -0.044160 0.007931 0.022358 -0.131069 0.079248 0.208303 -0.035052 0.050373 -0.154448 -0.067007 -0.027530 0.115874 0.145945 -0.044066 -0.031839 -0.123149 -0.050435 -0.091284 0.083203 -0.203610
-0.190280 0.071382 0.181443 -0.007861 0.104389 0.001760 0.025129 0.091683 -0.055993 0.051685 0.033263 0.039551 -0.098706 0.026660 -0.083813 0.186220 0.019425 0.031622 -0.071006 0.072638 0.040588 0.049816 -0.090754 0.060464 0.034208 0.131786 0.194467 -0.020837 -0.013345 0.116952 0.114981 0.161937
-0.022478 0.088945 0.167655 0.035836 -0.093002 -0.005707 -0.124819 0.056582 -0.007482 -0.039904 0.083358 0.195394 0.011078 0.195330 0.054242 -0.051258 0.111442 0.110427 -0.092201 -0.024466 -0.081882 0.239595 -0.060997 -0.136972 -0.012267 -0.117225 0.107812 0.091059 0.118427 -0.015108 0.092232 0.030987
0.094789 -0.072235 0.156519 -0.009755 -0.048655 0.015779 0.066226 -0.030878 0.059517 -0.008371 0.051083 0.644433 -0.130197 0.414399 0.094341 -0.015879 -0.016538 0.055331 -0.036206 0.061850 -0.221289 0.112084 0.024472 0.074457 -0.111210 -0.031206 0.144895 -0.007335 -0.076365 -0.055926 -0.246230 0.195622
0.136799 -0.145531 0.054462 0.077024 -0.017429 -0.044699 0.024663 -0.021776 -0.014775 -0.080698 -0.048924 0.621238 -0.062683 0.243293 0.030459 -0.022881 0.053557 -0.195675 0.065338 0.185066 -0.120743 -0.161403 -0.095059 -0.093846 -0.063574 0.101535 0.331047 0.060391 -0.218112 -0.047280 -0.037511 0.023689
0.008358 0.160853 -0.096970 0.032607 0.127264 -0.023519 -0.098945 -0.081963 0.095090 0.009220 -0.034638 0.249455 -0.148911 0.097918 0.008707 -0.115069 -0.018857 0.085545 0.323053 0.010080 -0.063129 -0.017942 -0.016191 0.029679 -0.107580 -0.246290 -0.165446 0.022384 -0.095307 0.009094 0.016410 -0.049520
-0.060168 -0.129319 0.002786 0.138870 0.025363 0.043668 -0.029799 0.034136 -0.111475 0.051906 -0.032464 -0.009384 0.012728 -0.023147 -0.021185 -0.049752 -0.016207 0.142661 0.044319 0.139610 -0.103995 0.097217 -0.015533 0.123491 0.045769 -0.108140 -0.012844 -0.008159 0.107961 0.135296 0.049121 0.008055
-0.022782 -0.045183 0.098235 0.056321 0.058760 -0.030411 0.075996 0.054756 -0.038229 0.074432 0.044539 -0.073495 0.072552 -0.048623 -0.059701 0.111166 -0.095292 0.119923 -0.018335 -0.046926 -0.043978 -0.006486 -0.013132 -0.004799 -0.033253 0.044167 0.139992 -0.083739 0.037452 0.102413 0.045564 -0.008392
-0.050162 0.057254 0.253595 0.085142 0.215513 0.001257 -0.040281 0.158756 -0.088255 0.050020 0.060408 -0.032911 -0.081613 -0.079939 0.104770 0.021591 0.185323 0.147882 0.021957 -0.073560 -0.078361 0.194168 0.092758 -0.051137 -0.026123 0.020891 0.068100 0.105830 0.040524 0.204448 0.119764 -0.038285
0.003010 -0.223780 0.091285 -0.004807 0.090705 0.099536 0.061001 -0.045102 -0.040071 0.012073 0.259146 -0.054122 -0.129792 0.050916 0.116299 0.291603 0.074123 0.039945 0.008158 -0.088213 -0.051857 0.180534 0.014021 -0.057738 0.116401 0.104736 -0.050115 0.014517 0.071736 -0.150677 -0.046934 0.194199
-0.149389 0.208042 0.143018 -0.029170 -0.110019 -0.044598 -0.087763 0.057545 -0.151288 0.013076 0.106227 -0.032713 -0.101087 -0.060798 -0.082262 0.044024 0.046757 0.021272 -0.041553 0.067759 0.064859 0.061077 -0.159246 -0.064061 0.068396 0.144353 0.028018 0.087308 -0.122914 -0.216304 0.013503 -0.028735
0.067100 0.254869 0.078931 0.178970 -0.047237 -0.005868 -0.006621 0.019056 -0.045376 0.115077 0.013989 0.272482 0.088278 0.033829 -0.037541 0.076630 -0.073936 0.046118 0.064061 0.096334 0.145300 0.041838 -0.139925 -0.113904 -0.060994 -0.032885 0.069356 -0.032547 0.095493 0.113874 0.179473 -0.081034
-0.109116 -0.092340 -0.013390 -0.035761 -0.239440 0.156823 -0.087756 0.283995 0.112954 -0.048228 -0.029202 0.026756 0.117594 0.018194 -0.086524 0.159834 0.002125 -0.056294 -0.060271 0.023330 -0.030515 -0.092502 0.008552 -0.032779 -0.097714 0.077344 -0.156377 -0.016359 0.086521 0.099004 -0.032525 0.031478
-0.082259 -0.141134 -0.036093 0.166716 0.039990 0.103776 -0.011042 0.002497 -0.074052 0.166663 0.015943 -0.083371 -0.085023 -0.032733 0.073675 -0.098112 0.023605 -0.102203 0.126337 -0.091014 -0.016613 0.155047 0.072733 0.017391 0.026768 -0.056939 -0.006689 -0.037491 0.005925 -0.055674 0.077539 0.029516
0.071599 0.085742 0.024062 0.000111 -0.081758 0.048438 0.155009 0.000107 0.008562 0.027819 -0.049846 0.042132 -0.038760 -0.079137 0.041746 0.263667 0.036222 0.144464 -0.088121 -0.009632 0.056990 0.024945 0.020853 0.006972 0.090020 0.160511 0.119371 -0.037466 -0.067275 -0.088451 0.280607 0.241881
-0.089428 -0.101724 0.235795 0.100357 0.172616 -0.038353 0.191524 0.029782 -0.093417 -0.016939 0.101777 -0.113835 -0.048363 -0.068420 -0.011947 0.236867 0.219097 -0.076990 -0.015368 0.172232 0.031754 0.074685 -0.022579 0.052121 0.090286 0.215908 -0.038619 0.094466 0.009494 -0.090374 0.056109 0.258992
-0.046766 -0.042467 0.182642 0.090703 -0.082295 -0.016279 0.193250 0.051234 0.068796 -0.049479 0.027282 -0.162878 -0.032712 -0.060435 -0.056763 0.312822 -0.138781 -0.058442 -0.175149 0.067016 -0.002135 0.071021 -0.095875 -0.113579 0.124356 0.289542 0.123226 0.063248 -0.081164 -0.035725 0.017033 0.067674
-0.020453 -0.047114 0.197484 -0.011407 -0.014662 -0.111325 0.078293 0.117352 -0.039189 -0.019020 0.029552 -0.014266 -0.008481 0.054706 -0.094333 0.213518 -0.102356 -0.016741 -0.056615 0.210766 -0.105688 -0.062775 -0.105071 0.095356 -0.037793 0.153452 0.082589 0.117611 0.030706 -0.074745 -0.023634 0.071663
0.022167 -0.096509 0.115076 0.136216 -0.050604 -0.202034 0.073526 0.101727 0.091327 0.082428 -0.017766 0.141918 0.133903 0.003151 -0.010003 0.182304 -0.028256 -0.078785 0.144254 0.147319 -0.119572 0.158364 -0.095162 -0.108448 0.030285 0.219356 -0.128589 -0.025580 0.072923 -0.050180 -0.001312 -0.051166
0.051618 0.142283 0.212545 0.099921 0.007009 -0.067546 0.093432 0.051317 0.159145 0.051955 0.036683 0.010258 0.082337 -0.023628 0.001508 0.055655 0.369379 0.036460 0.134421 -0.047276 -0.153936 0.220435 -0.013384 0.076424 -0.116650 0.113704 -0.157716 -0.005342 -0.106993 -0.145944 0.000699 0.004577
-0.062184 -0.044919 0.205376 -0.092419 -0.061967 0.013379 -0.002069 0.026825 -0.014792 0.045172 0.010119 -0.005030 0.031859 0.056338 0.047115 0.045667 0.315336 0.073327 0.086138 -0.047806 -0.020693 0.153590 0.001670 0.053850 -0.049853 0.149227 0.102343 0.060257 0.041140 -0.034804 0.068997 0.150800
0.020287 0.087924 0.066774 0.200323 0.001109 -0.081394 0.126411 -0.025521 0.023821 0.011211 0.063983 0.018175 0.008579 0.067700 -0.019230 0.143250 -0.080621 0.021885 0.114802 -0.035575 -0.000659 0.137902 -0.063710 -0.258517 0.150811 0.118644 -0.121049 0.077418 -0.022183 0.075222 -0.020764 0.117729
0.000716 0.134270 0.106703 -0.087338 0.066859 -0.010159 0.173223 0.072436 0.112797 0.073016 0.092707 0.032188 0.061969 -0.070542 0.162798 0.100186 0.075861 0.101887 0.118370 -0.122119 0.044289 0.162964 -0.058769 -0.085933 0.004945 0.167242 -0.115763 0.031803 -0.227294 0.051682 0.050346 0.201854
0.058968 -0.089321 -0.086358 0.162912 0.046139 0.114637 0.274418 0.029439 -0.162482 -0.010988 0.118732 0.015099 -0.232606 -0.131641 -0.033491 0.065251 -0.024242 0.117880 -0.061522 -0.020167 -0.037222 0.179888 -0.074748 -0.033217 0.122933 0.001394 0.052524 -0.000008 0.049000 0.063537 0.113376 0.040063
0.069975 -0.029816 -0.037775 -0.103815 0.058013 -0.006605 -0.004991 0.064922 -0.033812 -0.168996 0.162107 -0.120371 0.066358 0.021266 0.131274 -0.134390 -0.025152 0.225759 0.067817 0.029280 0.074756 -0.144137 0.013183 0.065391 -0.042434 0.081105 -0.128731 0.018808 0.137257 -0.151328 0.021984 -0.032251
-0.276906 -0.087898 0.070742 -0.151541 0.045440 -0.038951 0.131071 -0.109732 -0.066384 0.213658 0.065123 -0.015745 0.059213 0.089237 -0.010424 0.163560 -0.287198 0.053665 0.228200 -0.131303 0.099905 -0.054679 -0.044161 -0.089029 -0.137223 -0.101570 -0.264554 -0.108063 0.179612 -0.023271 -0.264724 -0.170176
-0.106555 0.009155 0.133448 0.052953 -0.094661 0.023893 -0.101940 -0.041816 -0.103106 0.135401 -0.048533 -0.008968 -0.068593 -0.053853 -0.001233 0.087577 -0.018463 -0.029925 0.021116 0.136829 -0.100928 0.048747 -0.125147 0.133134 -0.014299 0.061870 0.028788 -0.006484 -0.136179 -0.124023 0.078665 0.164556
-0.111714 -0.064463 0.170218 0.124938 0.252870 0.212144 0.093479 0.014544 -0.003038 0.019817 0.057645 -0.099491 0.004203 0.051867 0.031633 0.265361 -0.034594 -0.004908 -0.021289 0.181688 0.018642 -0.141238 -0.094275 -0.047673 0.079511 0.113630 0.047388 0.056415 -0.017391 0.163525 0.125843 0.118631
0.002155 0.190006 0.035820 -0.066133 -0.042828 0.127567 0.056472 0.004309 0.058871 0.040467 -0.011118 0.000246 0.107875 0.048533 -0.040163 0.218583 0.010289 0.072164 -0.065546 0.139663 -0.197653 -0.023447 -0.080565 -0.073200 0.015591 0.154857 -0.046803 -0.120098 -0.087975 0.054639 0.109717 0.162401
-0.012495 -0.011557 0.050340 -0.034677 0.083174 0.036481 -0.045332 -0.029040 0.116809 0.011948 0.057764 -0.002211 0.258904 -0.002471 0.020188 0.137159 0.180730 0.000900 -0.031297 0.113545 0.102903 0.043855 -0.093132 0.050747 0.037245 0.007368 0.055979 -0.115487 0.054101 -0.110735 -0.062942 0.030877
-0.052592 -0.091539 0.104723 -0.125449 0.224593 0.061348 0.046013 -0.006893 -0.019818 0.002326 0.072468 -0.075680 0.113572 -0.116994 0.084623 0.079074 0.008210 -0.132951 -0.129526 0.086043 0.053068 -0.036288 -0.070521 0.065887 0.003355 0.036645 0.027112 -0.091299 -0.165598 0.024567 -0.100774 0.067470
-0.044991 -0.146405 0.215795 -0.134493 0.066262 -0.064168 -0.000683 -0.049737 0.031836 -0.039036 0.055899 -0.001754 0.125166 -0.043614 0.005376 0.037758 0.033514 -0.075232 -0.028589 -0.043909 0.054612 -0.003239 0.039612 0.167765 -0.034487 0.006309 -0.086714 -0.016518 -0.021518 -0.037964 -0.051272 0.016269
-0.013508 -0.164741 0.111473 -0.024019 -0.124992 -0.090706 -0.085632 0.014160 0.028627 -0.026103 -0.021687 0.100666 0.088146 0.008036 -0.004398 0.140721 0.007478 -0.125590 0.021153 -0.028061 0.036303 0.078452 -0.045874 -0.071678 -0.028595 -0.000589 -0.038414 0.042862 0.058239 0.049646 -0.021261 0.092337
0.080983 -0.022494 0.174216 0.021887 0.013867 -0.040377 -0.023383 0.049947 0.217978 0.043117 0.089056 0.055401 -0.020992 -0.022748 0.016148 0.035453 0.084884 -0.097233 0.057358 -0.026073 -0.108918 0.204931 -0.080569 -0.098664 -0.046528 -0.140312 -0.181548 0.016142 -0.167824 0.083676 -0.011052 -0.010296
0.087896 -0.048242 0.136781 0.154304 0.061931 0.142583 0.027094 0.020829 0.148120 0.015306 -0.026098 -0.022074 0.094395 -0.046785 -0.024456 0.117286 0.092040 0.027406 0.000136 -0.101691 -0.168281 0.101122 -0.097585 -0.044400 0.072816 -0.083762 0.004972 -0.179269 -0.000729 -0.022212 0.043513 0.195542
-0.050550 -0.052988 0.019775 0.216255 -0.040457 0.150645 -0.107032 0.029535 -0.015418 0.065465 0.076341 0.108580 0.069210 -0.042047 0.181640 0.040656 0.103533 0.183453 0.032754 0.066898 0.013803 0.023023 -0.061435 -0.122269 0.018019 -0.103052 0.042261 0.034383 -0.027419 0.136813 0.029484 0.104278
-0.034723 0.100792 -0.033933 -0.034917 -0.042491 -0.019957 0.037236 0.027185 -0.290111 -0.029926 0.010775 0.075826 0.040362 -0.004216 -0.112102 -0.089954 -0.032376 -0.088048 0.214254 0.002726 0.044655 -0.063181 -0.071032 -0.107138 0.199434 0.083846 0.048836 -0.020182 0.032377 -0.005368 0.031478 0.194130
-0.024303 -0.090702 -0.260368 0.191126 0.098421 0.107063 -0.031227 -0.158728 0.158632 -0.324781 -0.048297 0.034639 -0.123806 -0.096907 0.147369 -0.083607 0.002482 -0.067398 -0.022196 -0.035352 0.087901 -0.091527 0.116781 -0.040252 0.089152 0.070196 -0.069038 -0.185073 -0.138748 -0.160867 0.067544 -0.012913
-0.069943 -0.196669 0.017867 -0.103733 0.055299 -0.082095 0.007473 0.075968 0.153941 -0.019612 0.122178 0.134026 -0.136685 0.020798 -0.044253 0.267060 -0.075712 -0.042124 -0.024570 0.148949 0.032212 0.023621 -0.052805 -0.088837 -0.016060 0.163683 -0.054914 -0.080872 -0.147016 -0.098559 0.065496 0.026013
-0.028316 0.040368 -0.016808 0.130021 0.175947 -0.062754 0.219326 -0.093087 -0.084823 0.051129 0.058914 -0.004791 0.089320 0.020841 -0.206389 0.001922 0.134010 0.046181 0.058392 -0.125207 0.008529 -0.077609 0.161543 0.179854 0.176944 0.115358 0.007629 0.069435 0.053381 -0.060412 0.103718 0.076956
-0.022510 0.097564 -0.029218 -0.155471 0.111154 -0.158684 0.051900 0.072123 -0.040626 0.070991 -0.092058 -0.058198 -0.087583 -0.067026 0.090557 0.172129 -0.072985 0.114650 0.079866 -0.168150 0.008554 -0.082296 0.056164 0.194400 0.022724 -0.069660 -0.013939 0.031071 0.037899 -0.033547 -0.069378 -0.138354
0.031532 -0.041937 -0.022740 0.220715 -0.131613 0.092015 -0.020116 -0.038427 -0.080411 0.014607 -0.044603 -0.006447 0.092433 -0.009665 0.134499 0.005461 -0.014409 -0.062167 -0.070469 -0.075649 -0.082000 0.004391 0.064981 0.118782 -0.019388 0.086453 0.136452 0.024038 -0.032830 -0.043078 -0.208112 -0.028513
-0.016141 0.302023 0.036804 -0.111118 0.004760 0.084587 0.060506 0.110125 0.068700 -0.006447 0.003893 -0.022481 0.170941 -0.082199 0.058433 0.094007 -0.047587 -0.166596 0.013219 -0.075664 -0.036697 0.133876 0.092508 -0.032582 0.011608 0.049815 0.222154 0.039805 -0.012929 0.012510 0.104893 0.032312
-0.068217 0.134762 0.095143 -0.097112 0.004032 0.177606 -0.009866 -0.017540 0.066529 -0.041335 -0.001732 -0.026187 0.226090 -0.032937 0.075559 0.095661 -0.046338 0.135984 -0.023894 -0.185337 -0.012287 0.059598 -0.026843 0.086459 -0.017315 0.071617 0.003934 0.029272 -0.072163 -0.017788 0.074043 0.124632
-0.070155 0.146853 0.053050 0.152477 -0.014503 0.261827 0.003849 0.042475 -0.008967 -0.063618 0.049521 -0.013277 0.174915 -0.134803 0.072896 0.124796 0.099133 -0.111667 -0.185634 0.017412 -0.044525 0.021562 0.044123 -0.111235 0.050845 0.070786 0.160423 0.038810 -0.172663 -0.022560 0.016633 0.017755
-0.043830 0.212890 0.018206 -0.032472 0.142160 0.209971 -0.057418 -0.131475 0.039677 -0.071566 0.047599 -0.092093 0.168311 -0.159909 0.175323 0.126205 0.066034 0.125886 0.088744 -0.026155 0.001495 0.052011 0.068081 0.102456 0.000215 0.026115 -0.013147 0.020406 -0.084255 0.056369 -0.023930 -0.006892
-0.125806 -0.002443 0.038264 -0.098576 0.124478 0.057980 -0.088214 -0.040851 -0.027343 -0.143893 -0.027661 0.029115 0.276137 0.087668 -0.001100 0.037715 0.210166 0.026689 0.052731 0.035275 -0.009409 0.078126 -0.094903 -0.042997 -0.035899 0.052944 -0.140734 -0.029209 0.057550 0.066107 0.022072 0.084444
-0.028101 0.078482 0.092324 -0.057921 0.074398 0.081510 -0.155343 -0.082534 -0.044106 -0.041216 0.103911 -0.041892 -0.007262 -0.081541 0.030609 -0.233306 0.239759 0.188814 0.169611 0.053085 0.070527 0.082908 -0.138191 -0.206036 -0.024797 0.017253 -0.016892 -0.034766 -0.045993 0.064886 0.070215 0.044233
-0.060031 -0.013325 0.122363 -0.100127 0.116291 -0.135792 0.040549 -0.144490 0.053021 -0.027192 -0.036507 0.031328 0.154701 -0.082796 -0.049138 -0.219809 -0.071494 -0.066457 0.063237 0.039724 -0.046186 0.139546 0.013522 0.113278 -0.018251 0.052550 0.067668 -0.071991 -0.013735 -0.111978 0.003428 0.095666
0.028117 -0.069980 0.027483 0.191391 0.135922 0.055892 -0.048590 -0.096906 -0.015775 -0.067063 -0.064710 0.013445 0.028950 0.138997 0.198222 -0.029831 -0.013869 -0.012265 0.078891 -0.049523 0.152024 -0.021246 -0.229390 0.098467 -0.156929 -0.152398 0.112295 -0.035016 -0.015691 0.063220 -0.083718 0.067766
-0.136381 -0.129519 0.262929 0.023263 0.098546 -0.068019 -0.025184 -0.227975 0.126782 -0.092476 -0.150194 -0.264617 -0.039647 0.097577 -0.139081 -0.185331 -0.057081 0.144401 -0.046033 0.074065 -0.203716 -0.071048 0.109394 -0.128626 -0.067422 -0.001419 0.013323 -0.009386 -0.010218 -0.137559 -0.086500 0.165921
0.080628 0.212129 0.003676 0.085425 0.098394 0.017492 0.087661 0.011739 0.105834 -0.090104 -0.037371 0.053029 0.017098 0.146842 0.031055 -0.063715 -0.065743 -0.045789 0.007566 0.077320 -0.038750 -0.093295 0.106901 -0.076045 0.086360 -0.015681 0.104329 0.002615 0.018947 -0.098601 0.028584 -0.032109
-0.072440 0.074754 -0.071883 0.084721 -0.018853 0.018926 -0.086823 -0.028047 -0.092952 0.081869 -0.052893 -0.141638 0.025930 0.061002 -0.062018 -0.029759 0.110312 -0.222475 0.126896 0.063205 -0.002528 0.173441 -0.054289 0.135640 0.089203 0.019649 -0.144042 0.099296 -0.124300 0.055301 0.097051 -0.150181
-0.026417 -0.234636 0.013740 -0.071753 0.050681 0.020582 -0.124661 -0.085848 -0.049247 0.033211 -0.070718 0.025360 -0.007576 0.129316 -0.035093 -0.110791 0.033038 -0.001569 -0.154843 0.115965 -0.074947 0.015474 -0.013354 -0.155292 0.119698 -0.007880 -0.101414 -0.053861 0.196541 0.039280 -0.068626 -0.036844
-0.102308 -0.152327 -0.054442 -0.160759 -0.083905 -0.011139 0.083643 -0.050836 -0.113045 0.187945 0.114010 -0.114321 0.212903 0.136633 -0.080232 -0.033077 0.028469 0.133569 -0.037438 -0.265272 -0.012469 -0.012418 0.275405 -0.018215 -0.020471 0.274600 0.035448 0.036528 0.002373 -0.104290 0.001409 -0.070007
-0.092562 -0.105876 0.029335 0.017343 0.039940 -0.035987 -0.102027 -0.061900 -0.144232 0.073188 0.052843 -0.016386 0.011504 0.022059 -0.089767 -0.083259 -0.056311 -0.019666 0.138200 -0.019941 0.062709 0.092767 0.186211 -0.039393 0.116688 0.258077 -0.099352 0.183916 0.060216 0.057355 -0.161518 -0.077695
0.064988 -0.096662 -0.137887 -0.250388 -0.020538 -0.106908 0.133567 0.013819 -0.123663 0.108024 -0.004635 -0.026183 0.026712 -0.181576 0.073118 0.046022 -0.259014 0.024049 0.209979 0.088048 -0.018294 0.019982 0.141449 -0.036722 0.154134 0.282073 -0.120389 0.143460 0.127730 0.048759 -0.107055 -0.078085
0.015831 -0.062605 -0.073217 0.031832 0.022754 -0.160153 0.144805 -0.083720 0.027477 0.093128 -0.015526 -0.018381 0.020311 0.142888 0.044227 -0.110440 0.072513 0.069061 0.218544 -0.062944 0.079134 0.031570 0.163682 0.172355 0.100745 0.263334 -0.064306 -0.060587 0.051560 -0.114357 -0.068982 -0.080802
-0.048959 -0.014956 -0.086706 -0.068856 0.130303 -0.183925 0.106554 0.059471 -0.163093 0.003213 -0.041881 0.140810 0.100932 0.005293 -0.105151 -0.184922 0.053430 -0.024937 0.107769 0.067731 0.121643 0.044538 0.075096 -0.112589 0.058863 0.298343 -0.069194 -0.035790 0.120917 0.025318 0.010257 -0.115925
-0.023355 0.187496 -0.174565 0.093874 -0.012112 -0.086548 0.118341 -0.228791 -0.112814 0.192033 0.169829 -0.047256 0.226510 -0.192825 -0.019367 -0.117600 0.163657 -0.132600 0.089383 -0.001353 0.141437 -0.065516 0.121170 0.162492 0.045184 0.406252 0.145066 0.000193 0.183179 -0.039404 -0.022998 -0.172448
-0.000092 0.106870 0.025269 -0.199519 -0.015070 0.062491 -0.137873 -0.253295 -0.045883 -0.120837 0.294067 0.040344 0.083901 0.111894 0.197791 -0.070464 -0.079199 -0.140360 0.100108 0.089061 0.065201 -0.003081 -0.041059 -0.085739 -0.246644 0.120458 -0.089977 -0.051003 -0.009681 -0.139908 -0.091795 0.022994
0.146007 -0.097643 -0.008751 0.117179 0.022958 -0.045937 0.115516 -0.213317 -0.109485 0.084304 0.135159 -0.027252 0.008880 -0.037330 -0.043649 0.008691 -0.104140 0.066131 0.061201 -0.056932 0.069470 0.115504 -0.020467 -0.136751 0.100562 0.196146 0.279425 0.113483 0.077111 0.040833 0.195467 -0.002902
-0.023099 0.029586 0.000496 0.049945 -0.020308 -0.121588 0.102472 -0.066969 -0.039031 -0.129506 -0.156934 -0.029689 -0.084085 0.035884 0.190337 -0.214560 -0.134915 -0.007658 0.064590 0.153207 0.008937 0.020941 -0.067678 0.011978 -0.081681 -0.041863 0.008731 -0.051775 0.114234 0.041145 -0.109892 -0.183288
0.096967 0.164252 -0.017927 0.095718 0.101826 -0.110825 0.078064 -0.049273 0.150824 0.063084 -0.127012 0.089906 0.129497 0.075552 0.041009 -0.386166 -0.006495 0.117601 0.123643 -0.056690 -0.197944 0.016292 0.126110 -0.069159 -0.144438 0.058255 -0.023914 -0.188164 -0.134178 0.174990 0.061588 0.017570
