0.077368 -0.063667 0.121657 0.020171 -0.011083 0.098679 -0.013762 0.029348 -0.183010 -0.118508 -0.024207 0.002985 -0.089694 -0.023662 0.130049 -0.085552
0.096394 0.160962 -0.024944 0.076505 0.001335 0.071933 0.014549 -0.126684 -0.140541 -0.096934 -0.054763 -0.014036 -0.028297 -0.058907 0.092288 -0.055977
0.019603 -0.004875 -0.121605 -0.073284 0.152579 -0.105864 0.088053 0.073163 -0.021684 -0.127002 0.022435 0.009199 -0.087719 0.048300 0.177603 0.079390
-0.149135 0.204453 -0.187629 -0.013883 0.108932 0.021890 -0.086913 -0.072562 -0.067932 0.125313 0.042747 0.068564 -0.108273 0.016491 0.023943 0.013342
-0.017821 0.039619 -0.106252 -0.095518 0.082834 0.014504 -0.059115 0.020198 0.078716 0.038767 0.036255 0.041655 -0.019586 -0.018581 -0.114587 0.091901
0.189110 0.021940 0.041257 -0.025560 0.061736 0.074664 -0.141423 -0.091063 -0.001078 -0.106326 -0.053170 -0.033907 0.003317 -0.135940 0.081721 -0.082109
0.073315 0.036919 0.061415 -0.074162 0.031816 0.033889 0.181046 0.106484 -0.143288 0.140392 0.052892 -0.154644 -0.106472 -0.086967 0.057631 -0.092245
-0.006429 0.057775 0.079312 -0.165940 -0.103007 0.124408 -0.061373 -0.057036 0.122122 0.024581 0.045963 -0.001181 -0.107755 0.145297 0.088711 0.029984
-0.035275 -0.001046 -0.025614 0.059381 0.048349 -0.041535 0.043254 0.087911 0.127293 0.060775 -0.077046 0.080923 -0.006421 -0.139996 0.124876 -0.029887
0.024871 0.124715 -0.094734 0.157719 0.140552 0.097637 0.105033 -0.051186 -0.097680 -0.063415 0.020022 0.055147 0.113167 0.119406 -0.056904 0.021539
0.129205 -0.037035 0.032907 -0.072173 -0.165169 0.162221 -0.008731 -0.057537 0.016990 0.040505 0.043508 0.032873 0.022747 -0.134648 0.024982 -0.044278
0.048101 -0.084039 0.119588 0.007425 -0.048498 -0.045658 0.034589 0.008631 -0.068846 0.090828 0.015237 0.118764 -0.050856 -0.201568 0.102375 -0.008176
0.069327 0.083406 0.086816 -0.011794 0.075811 0.027647 0.010175 -0.002741 -0.004132 -0.130047 0.022965 0.171066 -0.074734 0.081399 -0.170720 0.077975
0.006002 -0.021386 0.025352 -0.020302 -0.085418 -0.116475 -0.010161 0.035861 0.194774 0.029834 0.060437 -0.023262 -0.126805 -0.010159 -0.019890 -0.034005
-0.011902 0.016451 -0.044558 0.054469 0.108772 0.048809 0.121962 0.165562 0.005416 0.010324 0.168505 -0.150394 -0.008993 0.054471 -0.034326 0.103345
0.003292 0.122440 0.025881 -0.045397 0.035211 -0.049202 -0.134201 -0.127601 -0.154736 -0.062072 -0.025701 0.089124 -0.154905 -0.048046 -0.023962 0.021245
0.050300 -0.073523 0.032661 0.009836 -0.081411 -0.022494 0.144153 -0.010746 0.210573 -0.072482 0.087514 -0.112459 0.014041 0.119676 0.043991 0.096788
0.157639 -0.038308 0.117697 0.030031 0.039121 -0.044881 -0.016227 0.125630 0.023227 -0.111759 -0.006377 -0.008048 0.073000 0.046703 -0.124229 0.007163
-0.025965 -0.183240 0.089949 -0.156906 -0.189809 0.020992 0.045295 0.213185 0.124528 0.075083 0.100525 -0.077170 0.135859 0.100821 0.035463 0.003933
0.011422 0.116293 -0.064869 -0.152369 0.024872 0.113319 0.005670 -0.051974 0.014871 0.023564 -0.044331 -0.061477 0.135404 0.012331 -0.031835 -0.093434
-0.019457 0.066810 0.069771 0.031284 0.046731 0.054074 -0.078826 0.055713 -0.079949 0.184638 0.059713 0.016245 0.003237 0.014197 -0.054583 -0.017674
0.191796 0.090110 -0.180383 -0.096631 -0.163567 0.012501 -0.057620 -0.088711 -0.164442 -0.036749 -0.010214 -0.025965 0.047518 -0.004582 0.083458 0.060741
0.093987 0.018019 -0.063960 -0.069939 0.028238 0.014510 0.012877 -0.175061 -0.136181 0.035175 0.079373 0.025261 -0.079192 -0.025311 0.045080 0.018509
-0.146539 -0.022035 -0.024073 -0.092962 -0.027232 0.115498 -0.047678 -0.095024 -0.166593 0.006772 -0.043572 0.140658 -0.095326 0.133276 0.057815 -0.009739
0.074304 -0.027322 -0.039397 0.075391 -0.099466 0.119388 -0.060719 -0.160452 -0.267207 0.014006 0.016133 -0.006751 0.056989 -0.023079 -0.115992 -0.107511
0.034282 -0.085076 -0.051158 -0.035939 -0.165290 0.036918 -0.085429 -0.090012 -0.121250 0.146116 -0.004195 -0.070769 0.024125 0.022585 -0.170187 -0.129717
0.059223 -0.048275 0.014792 0.011760 -0.050556 0.097357 -0.228671 -0.114903 -0.124917 -0.064917 0.083405 0.045191 -0.035728 0.060229 0.066236 -0.066867
-0.055256 -0.068811 -0.103759 -0.049973 -0.082302 0.024187 -0.009601 -0.082416 0.002065 -0.036799 -0.032369 -0.053198 -0.092561 -0.131757 0.008903 0.067932
-0.009623 -0.117775 -0.043990 0.057345 0.047756 0.119990 -0.032214 -0.031530 -0.036339 0.065083 -0.147722 -0.022647 0.088198 0.034762 -0.154346 -0.055832
-0.024885 -0.085152 0.140635 0.010772 0.004717 0.099097 -0.076242 0.092442 -0.153408 -0.118024 0.115590 -0.082017 -0.005491 0.137801 -0.009505 -0.091628
-0.051091 0.105480 0.110679 -0.003256 -0.019786 0.139182 0.036321 0.089647 -0.101880 -0.150275 -0.089632 -0.028458 0.023818 -0.087211 -0.081625 -0.127460
-0.107772 0.022582 -0.004034 0.065616 0.026235 -0.068163 0.089520 -0.161856 0.075945 0.012757 0.174059 -0.130005 -0.135010 -0.055216 -0.195714 0.042686
-0.144019 0.044500 0.059366 0.122857 -0.056712 0.027201 -0.016492 0.018240 -0.007764 -0.043096 -0.133551 -0.153731 0.036433 0.081261 -0.177655 0.016411
0.030226 -0.062744 0.090732 -0.080035 -0.093695 -0.145475 0.075046 -0.084337 -0.046087 0.088462 -0.011356 -0.112081 0.005410 0.062105 0.022398 -0.028818
-0.039414 0.059167 0.064350 -0.110383 -0.066076 -0.116687 -0.016458 -0.057813 -0.102848 -0.067443 -0.006615 0.062796 -0.053232 0.051121 0.092491 0.028827
-0.057692 -0.078586 0.048978 -0.092444 -0.061124 -0.097036 -0.095295 0.013027 0.014138 -0.145686 -0.167812 0.122346 0.087101 0.073932 0.060591 0.020791
0.022359 -0.083833 0.016419 0.036466 -0.053674 -0.095610 0.037319 0.035667 -0.086736 -0.088576 -0.072545 0.018649 -0.012750 0.009739 -0.051520 -0.033391
0.065140 0.084321 -0.034627 0.072722 0.041167 -0.001587 -0.071572 -0.021593 -0.176871 -0.002338 -0.136326 0.029296 0.096963 0.052248 0.067935 0.080664
0.025975 -0.008679 0.097650 0.115545 -0.117517 -0.076410 -0.083365 0.037085 -0.233444 -0.087763 -0.108595 -0.022687 -0.039402 0.111706 -0.065191 0.061624
0.055333 0.085384 0.085508 0.141455 -0.006585 -0.144319 -0.057874 -0.237175 -0.205635 -0.044339 -0.025750 -0.061589 -0.081611 0.056590 0.002109 0.082836
-0.018128 0.047185 -0.029074 0.105579 0.041210 -0.049248 -0.078963 -0.202770 -0.148287 -0.091272 -0.055753 -0.064636 -0.157930 0.051081 -0.058194 0.082448
0.052273 0.041972 0.038786 0.065600 -0.030411 0.030910 -0.175293 -0.267664 -0.030886 -0.093575 -0.073817 -0.084338 -0.053970 0.017159 -0.099292 0.013787
-0.130685 -0.049510 -0.034075 0.054049 -0.069432 0.012359 -0.213882 -0.037824 -0.113320 0.093526 -0.083186 -0.004331 -0.186957 -0.006613 0.053512 -0.085373
-0.105807 -0.058774 0.017012 0.085510 -0.002651 0.097033 -0.145801 0.042990 -0.065830 -0.073621 -0.013748 -0.095247 -0.087730 0.079661 0.143984 -0.082129
0.066654 -0.035457 0.049832 -0.091178 -0.008530 0.071604 -0.084452 0.107146 -0.101774 -0.001097 0.069563 -0.189232 0.042626 -0.230835 0.119984 0.045305
0.138535 -0.060701 0.088124 0.091246 -0.227136 0.152473 0.240532 0.065094 0.052733 -0.025436 0.032018 0.070019 0.041583 -0.101049 0.095488 -0.258944
0.195680 -0.160487 -0.112679 -0.036604 -0.044921 -0.004896 -0.009100 0.066178 -0.113721 0.031763 -0.096724 -0.021602 0.125427 -0.096879 -0.103414 0.014708
0.056492 -0.017161 0.035241 -0.031762 -0.097010 -0.116929 -0.236897 -0.010795 -0.059870 0.031512 0.016572 0.032627 0.026180 -0.174795 -0.012181 0.129130
0.052544 0.083599 0.067266 -0.092379 -0.022478 -0.009493 0.103261 0.107289 0.111311 -0.182331 -0.041561 0.040501 -0.095982 0.054650 0.177090 0.159019
-0.035103 0.033835 -0.026512 0.114405 0.121764 -0.088004 -0.012363 -0.032781 -0.045923 -0.014733 0.128210 -0.056556 -0.102997 0.059675 0.129468 -0.051669
-0.062916 0.018444 0.022508 0.040481 -0.067827 -0.139136 -0.052439 0.023573 -0.013460 -0.043696 0.137132 -0.000175 0.059627 0.032834 0.046130 -0.074508
0.082713 0.034148 -0.001992 0.060661 0.045311 -0.100650 0.044646 0.076142 0.064402 0.087078 -0.067111 -0.002007 0.048443 -0.115023 0.043890 0.022610
0.009680 -0.024067 -0.063930 0.000901 -0.077959 -0.007234 0.073776 0.067045 0.000778 0.007000 -0.140558 -0.079758 0.054897 0.028545 -0.073139 -0.065975
-0.036054 -0.025899 0.096574 -0.067134 -0.044880 -0.114159 -0.010999 -0.071468 0.006361 -0.007073 -0.239218 -0.135473 -0.080123 0.018630 -0.044960 -0.089867
-0.093343 0.021828 0.110216 -0.062355 0.038947 -0.104333 0.088720 -0.009638 -0.015362 -0.054871 0.027560 0.143540 -0.062881 0.015450 0.097360 -0.007183
0.022135 0.039035 -0.059406 -0.149932 -0.009922 -0.092310 0.027622 0.051275 -0.057777 -0.047517 -0.096112 -0.122514 0.011541 0.073937 -0.139758 0.108212
-0.003307 0.104678 -0.088649 -0.010974 0.076879 -0.161676 -0.146539 0.067937 -0.185616 -0.000451 -0.082022 -0.059703 -0.080867 0.033270 -0.051119 0.062793
-0.154498 0.064464 0.054068 -0.044576 0.050951 -0.137697 0.031925 0.056206 -0.002646 -0.100243 -0.082921 -0.075529 -0.027728 0.038948 0.019352 0.105702
0.035544 0.027086 0.161167 -0.093219 0.083407 -0.046766 -0.079574 -0.004538 -0.029930 -0.119717 -0.045863 -0.154539 -0.067992 -0.036559 -0.060553 -0.003451
-0.079607 -0.015735 0.107481 -0.091923 -0.014396 0.048891 -0.001377 0.008798 -0.024589 0.035436 -0.032266 -0.103187 -0.085013 -0.026200 -0.100042 -0.021561
0.067921 -0.005115 -0.046996 -0.020776 0.153943 -0.054951 0.072939 0.074609 0.009863 -0.068267 0.050574 -0.062273 -0.058175 0.003508 -0.023117 0.064923
0.044280 -0.054853 -0.062268 0.072295 -0.097193 -0.069562 -0.055639 0.094875 0.106138 -0.143124 0.008023 -0.075953 -0.063330 -0.230251 0.034034 -0.126569
-0.023050 0.002089 0.005624 -0.123978 -0.112985 -0.175340 -0.035144 -0.063656 -0.039581 -0.004029 0.009091 0.010582 0.000626 -0.057621 0.013147 -0.122803
-0.177170 0.093748 -0.075981 0.008189 0.040653 0.013483 0.019585 0.162768 0.087060 -0.050591 -0.019608 -0.095813 -0.044423 -0.101035 0.020392 0.023206
-0.050932 -0.146307 0.004133 0.080730 -0.110566 -0.121860 -0.062221 -0.061542 -0.033748 -0.045193 0.015753 0.035846 -0.041782 0.016776 0.006484 0.083834
-0.131125 -0.025622 -0.028348 -0.026633 -0.024307 0.134775 -0.073455 0.124644 0.104412 0.015618 -0.020336 0.039952 0.042854 0.006936 -0.111231 0.003325
0.010502 -0.092595 -0.046334 -0.104753 -0.042194 -0.070510 -0.008545 0.059316 -0.049941 0.176070 0.021081 -0.005333 0.137559 0.042401 0.152501 0.001098
-0.120050 0.012144 -0.106137 0.100086 0.030736 -0.113534 -0.006102 -0.107495 0.026219 -0.105865 -0.200528 -0.029455 -0.095285 0.009470 0.107860 -0.005039
0.018424 0.003393 -0.017596 0.015225 -0.020762 -0.056577 0.004123 -0.068900 -0.008732 -0.060009 -0.242932 0.032468 -0.080820 -0.030228 -0.052775 0.072793
-0.173149 -0.027478 -0.191911 0.010468 -0.072633 -0.052156 0.192249 0.060055 -0.018197 -0.079837 -0.206508 -0.076127 0.109187 -0.020910 -0.059248 0.007794
0.016874 -0.027262 -0.094316 0.067307 0.027239 0.027426 0.146034 -0.046473 -0.083169 -0.102728 -0.049896 -0.029067 0.060053 0.046239 0.043069 0.016750
-0.038888 -0.005530 -0.088020 -0.228527 -0.025764 -0.099775 0.128479 0.062967 -0.132919 -0.018402 -0.002592 0.037513 0.004201 0.045255 -0.012909 0.041185
-0.037347 0.027397 -0.006743 -0.065779 0.013836 -0.042833 0.035964 0.097816 -0.310658 -0.018361 -0.124620 -0.007333 -0.021121 0.040646 0.032242 0.007023
-0.178790 -0.030736 -0.159782 0.029596 0.038651 -0.119574 0.127568 0.119667 -0.245971 -0.088930 -0.166876 0.026818 -0.033296 0.022863 0.041507 -0.086464
0.081143 -0.011253 -0.102455 -0.038374 0.086923 -0.219783 0.155268 0.017443 -0.097312 -0.044308 -0.065996 0.042387 -0.182679 0.032896 0.071649 -0.078223
-0.046518 -0.004863 -0.124753 -0.095062 -0.015025 -0.403779 0.045500 -0.025230 -0.040485 -0.054275 -0.006941 0.075941 -0.123459 -0.005524 -0.046593 -0.040653
0.043204 0.107605 0.029044 -0.171155 0.040583 -0.318709 0.086386 0.050845 0.082192 -0.018375 0.002126 0.138993 -0.047489 0.052334 0.009670 0.174374
-0.127933 -0.115589 -0.073321 -0.005711 -0.039897 -0.291427 0.034373 -0.095601 0.008400 -0.051880 -0.065224 0.175598 -0.037456 -0.285660 -0.014480 0.032136
0.161653 0.161713 -0.002676 -0.031528 -0.178255 -0.139702 -0.037239 -0.070371 -0.034075 -0.151221 -0.174173 0.031265 -0.072984 -0.125394 0.007412 0.025272
-0.076277 -0.006187 -0.017203 0.071938 -0.183381 -0.082881 -0.035852 -0.004933 0.015894 0.039543 0.008512 0.056132 -0.021307 -0.057450 0.020545 -0.112640
0.086279 0.155711 -0.025210 -0.029259 -0.095874 -0.000602 -0.062435 0.080909 -0.033513 0.047917 -0.054462 0.014105 -0.040677 -0.094914 0.043064 0.200200
0.052058 -0.041785 0.169253 0.092939 0.111044 -0.057983 0.024905 0.101213 0.009356 0.025538 -0.117993 -0.032631 0.029969 -0.078865 0.028342 -0.028715
0.014058 0.045885 0.087571 -0.035100 -0.054828 -0.111017 0.012407 -0.075750 0.024456 -0.075490 -0.133176 0.054073 -0.054502 0.077469 -0.005533 -0.116842
0.034811 0.095214 0.046695 0.046655 -0.064059 -0.126338 -0.094148 0.033032 0.019076 0.089107 0.116466 -0.038888 0.031855 0.063490 0.116597 0.077772
0.053520 0.013947 -0.026419 -0.007034 0.076419 0.070371 0.036916 -0.053109 -0.032144 0.023531 -0.118922 -0.153751 -0.018302 0.060789 -0.168219 0.002132
-0.049374 0.092732 -0.065530 -0.031471 0.018542 -0.064361 0.021255 0.031776 -0.027311 0.099311 -0.131397 0.060252 -0.031723 0.042017 -0.174561 0.056374
-0.033601 -0.006027 -0.025666 -0.145002 -0.020964 -0.100146 0.071174 0.068051 -0.097223 0.078272 -0.104132 -0.059488 0.094158 -0.262421 0.087840 -0.072365
0.001677 -0.057060 -0.051988 0.017134 0.031048 -0.049769 0.097906 0.074190 0.054152 0.065716 -0.006439 -0.019499 0.215810 -0.102367 -0.173534 -0.061028
-0.041326 0.112983 0.076461 -0.040766 -0.006251 -0.129737 0.191701 -0.046947 -0.218383 -0.013615 0.091659 0.084234 0.100034 0.127277 -0.096267 -0.048289
-0.126778 0.119736 -0.022411 0.034466 0.145758 -0.127100 0.048871 -0.015921 0.015730 -0.076994 0.131591 0.039318 -0.097821 0.102770 0.008298 0.071680
-0.095588 0.107541 -0.155213 -0.190671 0.029103 -0.352489 0.063756 0.020782 0.014215 0.079199 -0.013605 0.116595 0.017075 0.022626 0.008841 0.115970
-0.007343 0.043060 0.077147 0.039330 0.095459 -0.153250 0.045862 0.022210 0.042775 0.027313 -0.154978 0.169279 -0.168824 0.062737 0.020564 0.110340
-0.038447 0.080727 -0.066475 0.036429 -0.045744 -0.215709 0.050922 0.003326 -0.067175 -0.007729 -0.186681 0.149919 -0.014072 0.094902 -0.003514 0.122580
0.133654 -0.098212 0.093745 0.012565 0.116556 -0.230134 -0.052434 -0.187576 -0.088102 0.072801 -0.206022 0.220112 -0.005856 -0.275894 -0.046730 -0.018318
-0.042650 0.100155 0.012309 -0.062085 -0.131456 -0.270461 -0.009657 -0.244893 -0.053920 -0.142069 -0.033852 0.038580 -0.054233 -0.115119 -0.105237 -0.112670
-0.032986 0.088911 0.114153 0.047975 -0.074310 -0.086825 -0.118081 -0.079534 -0.016421 0.001119 0.106392 0.057481 -0.030026 -0.122143 0.062349 0.031286
0.050040 -0.112668 0.144772 0.053186 0.055958 0.116800 -0.003258 0.038506 0.018647 0.117200 0.062065 0.018105 -0.025688 0.085944 0.143406 -0.075492
-0.117183 0.007717 -0.172143 0.018973 0.051002 -0.086777 0.079107 0.003591 -0.023500 0.019359 0.031721 0.157907 -0.123911 0.056924 0.058649 -0.212253
0.003212 -0.165837 -0.163644 0.033803 0.015113 0.001992 -0.007715 0.019544 -0.104738 0.054163 0.049211 -0.028999 0.019621 0.053631 -0.026352 0.061721
-0.045651 -0.075698 0.116149 -0.034835 -0.010166 -0.006319 -0.052773 -0.000060 -0.096700 0.050785 -0.070954 -0.072859 0.009704 0.001115 0.036705 0.086650
-0.093267 -0.137691 -0.191746 0.084966 -0.060699 -0.033452 -0.103877 0.086111 -0.037731 0.120338 -0.205626 0.052711 -0.011848 -0.272752 0.044230 -0.000203
-0.078775 -0.179357 0.047366 -0.018989 -0.039703 -0.037877 -0.181748 0.000090 0.067494 0.080092 -0.067856 -0.056766 0.049118 -0.316275 -0.109857 -0.010058
-0.043601 -0.386632 -0.077238 0.027954 0.006073 -0.018143 -0.129379 0.119573 0.023785 0.277133 -0.082923 0.003848 -0.055451 -0.100527 -0.052659 -0.097447
-0.001638 -0.421944 0.078357 -0.219728 -0.025250 0.072294 -0.120549 -0.040664 -0.067238 0.235562 0.011708 0.064406 0.114532 0.065836 0.005601 -0.144904
-0.072798 -0.292284 -0.137269 0.195155 -0.081841 -0.011314 -0.108900 0.012969 -0.201379 -0.175933 0.235192 -0.005481 0.166901 0.100940 -0.093213 -0.037020
0.033624 -0.082912 -0.041586 0.077295 -0.146365 -0.220409 0.171635 0.190682 0.174587 0.111451 0.000411 -0.019302 0.016334 0.083166 0.032893 -0.094839
-0.061317 -0.088193 0.087449 0.043433 0.117131 0.026295 0.026892 0.187245 -0.044510 0.088763 0.002348 0.020177 0.002594 0.080929 -0.049584 0.079236
-0.042632 -0.121963 0.026675 -0.089577 0.045355 0.015968 0.024233 0.079979 -0.083321 0.057967 -0.070707 -0.104069 -0.092692 0.094597 -0.174528 0.013516
0.102193 -0.080572 -0.061526 0.021282 0.088819 0.044333 -0.081312 0.155526 0.015624 0.163376 0.056213 0.043975 -0.043743 0.077469 -0.095308 0.126814
0.132917 -0.290580 0.094651 0.028142 0.115440 0.054939 0.012453 -0.041498 -0.230616 -0.142746 -0.132025 0.074294 -0.042734 -0.104979 -0.026453 0.073442
-0.030235 -0.015548 -0.090912 0.063295 -0.174565 -0.214488 -0.178278 -0.185755 -0.014479 0.039398 0.055175 0.240363 0.028809 0.133315 0.003996 0.003461
0.040903 0.093387 -0.144186 -0.065980 0.081152 -0.017959 -0.004956 -0.017744 -0.063422 0.225818 0.011541 0.066260 0.010912 -0.100882 -0.028595 0.036083
-0.055271 -0.131222 -0.061197 0.069016 -0.054964 -0.180493 0.000009 0.157211 -0.026853 0.002116 -0.003148 -0.039769 -0.080074 0.020533 0.029550 -0.057508
-0.038655 0.057950 0.078771 -0.053342 0.041722 -0.014901 0.009278 0.162448 0.103690 -0.049730 0.015635 -0.007727 0.058201 -0.111383 0.016347 -0.023280
-0.129607 -0.035522 0.034816 -0.028925 -0.072845 -0.014424 -0.070688 0.130511 -0.063524 0.100377 0.080242 0.128733 0.003747 -0.117725 -0.009704 -0.081598
0.010550 -0.247774 -0.019692 -0.027160 0.102744 0.020364 -0.119988 0.050978 0.073558 0.122778 -0.010397 -0.172035 -0.059001 -0.233603 0.105078 -0.248327
0.008894 -0.400661 -0.083082 0.099660 0.042456 0.079944 -0.065270 0.069235 0.102802 0.062168 0.026650 -0.013871 -0.104903 -0.080320 0.013599 -0.177201
-0.093261 -0.321301 -0.033740 -0.050866 0.045915 0.056440 -0.100198 0.098084 0.050370 0.225772 -0.153460 0.072667 -0.198989 0.063291 -0.056904 -0.172891
0.053111 -0.255257 0.026458 -0.091603 -0.014660 0.001140 -0.136060 0.079680 0.351420 0.105886 -0.248748 0.135084 -0.069409 -0.048134 -0.108382 -0.205241
-0.200312 0.011240 -0.018890 -0.018765 -0.007068 0.066157 -0.450148 -0.201835 -0.044533 -0.286128 0.069540 0.033089 0.020816 0.106777 -0.063841 0.124878
-0.060247 -0.027617 -0.090458 -0.098293 -0.324020 -0.054050 -0.105616 0.056909 -0.018475 -0.289907 0.366846 -0.035330 0.020419 0.047557 -0.089357 0.113492
-0.025380 -0.098635 -0.061828 0.081346 -0.200430 0.063079 0.080235 0.179066 0.132736 0.056851 -0.056076 -0.184847 -0.097667 0.128134 0.040283 -0.073304
-0.092972 -0.019107 -0.039834 -0.087353 -0.036522 -0.035242 -0.116149 0.095057 -0.006577 0.079211 -0.008311 -0.360942 -0.056259 -0.015951 0.047035 -0.003777
0.064856 0.069087 -0.126566 -0.009982 -0.013416 -0.044426 -0.148556 0.137459 0.071889 0.048175 -0.180511 -0.194361 -0.040267 -0.112089 0.073882 0.094320
0.014105 0.005528 0.109254 -0.112225 0.044631 0.057876 -0.191039 0.165657 0.101150 0.022432 -0.081873 -0.239307 -0.157818 -0.221016 0.012653 0.067127
-0.106253 -0.146883 -0.160222 0.046019 0.011713 0.125784 0.035727 -0.079636 -0.070626 -0.114316 0.042263 -0.056919 -0.036448 -0.181765 -0.141683 -0.134458
-0.124614 -0.017927 -0.076393 -0.001618 0.042055 -0.023516 -0.179661 -0.154588 -0.134562 0.001465 -0.024067 -0.049478 -0.014347 0.011886 0.018753 0.036776
0.033735 0.004697 0.126008 0.039029 -0.002573 -0.194616 -0.070484 -0.154058 -0.070207 -0.038154 0.079100 -0.013375 0.043659 0.042304 0.089793 0.069046
0.058191 -0.089056 0.023903 0.193730 -0.046226 -0.010121 -0.043151 0.027137 -0.047581 0.056696 -0.037731 -0.077691 -0.072642 0.168927 0.077239 -0.000019
0.170424 0.026706 0.043778 0.030498 -0.210539 0.104171 0.088549 -0.037648 -0.004833 -0.067817 0.059036 -0.163159 0.135003 0.054524 0.001857 -0.037734
0.006465 -0.065972 -0.056331 0.041473 0.049726 -0.161168 0.073605 0.006580 -0.015328 0.006992 0.039287 0.004919 0.099901 -0.042840 -0.068280 -0.043229
0.039011 -0.211718 -0.017022 -0.045516 0.049489 0.063848 -0.071265 0.096283 0.113236 0.017624 0.031794 -0.086135 -0.147669 -0.055898 -0.078700 -0.299001
0.052043 -0.021178 0.131082 0.172216 0.073132 0.030039 -0.095798 0.019470 0.120866 0.069738 -0.001141 -0.068013 -0.042012 0.006275 -0.004072 -0.178217
0.038781 0.016702 -0.077248 -0.096539 0.123388 0.069458 -0.244965 0.057721 0.129780 0.120383 -0.199801 -0.065698 0.000408 -0.068346 -0.046358 -0.158459
-0.013075 0.075464 0.066884 0.067852 0.032004 0.173865 -0.111758 -0.048778 0.126796 -0.174269 -0.025743 0.087464 0.007966 -0.031800 0.058339 0.066304
0.031427 0.071115 0.076850 -0.053322 0.001524 -0.053237 -0.180697 -0.049034 -0.024017 -0.462044 0.079969 0.135321 0.066651 0.067000 -0.024027 0.164505
-0.085395 -0.017457 -0.141707 0.068246 -0.394281 0.058160 -0.002244 -0.027084 0.002035 -0.075750 0.255874 -0.108514 0.081364 0.048009 -0.031157 0.094282
-0.143439 -0.026025 0.021487 0.096726 -0.099493 0.020938 0.119843 0.233418 0.184731 0.009227 0.103048 -0.028730 0.061292 -0.003370 0.126427 -0.072171
0.074037 -0.051294 -0.019457 -0.140690 -0.026911 -0.097639 0.171253 0.103184 0.124973 -0.006641 -0.177189 0.011755 -0.093832 -0.071176 -0.066642 -0.038481
-0.087323 -0.036972 0.034169 -0.021526 0.000349 0.072486 0.161825 0.099230 0.068732 -0.069257 -0.223104 -0.206720 -0.083014 -0.056721 -0.030343 -0.097368
0.067641 -0.191243 0.075083 -0.105046 -0.016832 0.050184 0.185472 -0.095868 -0.071809 -0.096645 -0.001649 -0.262579 0.045993 0.002362 0.013707 -0.393609
0.113066 -0.115914 -0.098761 -0.004875 0.071541 0.069340 -0.111769 -0.124541 -0.003747 -0.058539 -0.082181 0.018345 0.171571 0.002238 0.033618 -0.215880
-0.093594 0.045254 0.180675 0.033776 -0.028088 0.038789 -0.180607 0.007693 -0.140545 -0.036557 0.014006 -0.050021 -0.001337 0.132138 0.032564 -0.103237
0.054534 0.011159 0.046280 0.028323 0.000332 0.020759 -0.021584 -0.017854 -0.163637 -0.085407 -0.007150 -0.012159 -0.095784 -0.052731 -0.012447 0.013399
-0.070870 0.024962 0.035024 -0.007159 0.009936 0.111316 -0.017547 0.144042 0.019915 -0.040113 -0.011657 -0.146464 0.218823 0.047100 0.024735 -0.079702
-0.088304 0.038900 0.229684 0.025813 -0.092376 0.084403 0.100014 -0.033107 -0.113318 0.003290 -0.005150 0.169514 -0.021157 0.053297 0.033595 -0.102981
0.140613 0.153773 -0.079067 -0.099693 0.138580 -0.142152 -0.121662 0.055429 0.112697 -0.041182 -0.089755 0.115513 0.022169 0.002515 0.109099 0.116754
0.093122 0.063834 -0.088069 -0.007035 0.140448 0.063431 0.136532 -0.044192 -0.066444 -0.013744 -0.106549 -0.023333 0.018454 -0.056947 -0.055475 0.031163
-0.164699 -0.008146 -0.058220 -0.136419 0.116315 0.102849 -0.055761 0.069628 0.080888 0.004912 -0.169690 -0.099314 0.025730 -0.184445 -0.146029 0.056830
0.038410 0.031768 -0.082698 -0.071090 0.088590 0.024871 -0.103152 -0.089963 0.073857 -0.083441 -0.056196 0.055703 0.002821 -0.056465 -0.028070 0.041547
-0.080117 0.028843 -0.020185 0.027744 0.134564 0.180995 -0.035712 0.093674 -0.016406 -0.375238 -0.005983 -0.062391 -0.018308 -0.041422 -0.124232 0.046903
-0.055696 0.090983 -0.059548 0.055466 -0.391455 -0.092369 -0.046583 -0.166039 -0.009378 -0.218370 0.152429 -0.041084 0.106996 0.172006 -0.048178 0.213014
0.031135 0.041035 -0.030363 -0.017224 -0.319588 0.093165 0.039124 0.049255 0.209464 0.044610 0.107561 -0.070164 -0.017982 -0.058503 -0.062860 0.049135
-0.059172 -0.003991 -0.059151 -0.143791 0.033808 -0.082804 0.061355 0.215656 0.167140 -0.036307 -0.125909 0.063628 -0.062301 -0.094284 -0.093574 0.012288
-0.166897 -0.003518 -0.071895 -0.099075 0.029266 0.015129 0.140358 0.097303 0.121554 0.024134 -0.218021 0.024082 -0.090637 0.043494 -0.100694 -0.092987
0.018742 -0.080757 -0.042106 -0.042823 0.023097 0.052839 0.163831 0.042543 0.040742 0.063354 -0.136525 -0.084218 0.107125 0.075009 -0.037068 -0.164685
-0.026255 -0.104395 0.030102 -0.070868 0.011029 -0.033291 0.020299 -0.029611 0.055755 -0.037947 0.013250 -0.124445 0.121290 0.144352 0.180230 -0.101159
-0.086074 -0.061948 -0.171466 -0.050369 0.026129 -0.039449 -0.069975 -0.170510 -0.113528 -0.040518 -0.068706 -0.101246 0.013677 0.049268 -0.148919 -0.102954
0.020341 0.161311 -0.166686 -0.123966 -0.078388 -0.075211 -0.074127 0.082521 0.043346 -0.006340 -0.046976 0.007495 0.083393 0.024280 0.127483 0.059007
0.051758 -0.047667 0.073261 0.102084 0.084916 0.031026 0.124862 0.150498 -0.110568 -0.113340 -0.040607 -0.013519 -0.037425 -0.125744 0.027360 0.113840
0.078062 -0.047881 0.132000 0.032838 0.169637 -0.108494 -0.004846 0.072423 -0.121958 0.138370 -0.048513 0.050537 -0.068616 0.106761 0.100187 0.131831
0.019961 0.048341 0.054742 0.007331 -0.086145 0.088174 0.026946 -0.029575 0.016885 0.231403 -0.066906 -0.034168 0.030503 0.144060 0.000081 0.056137
-0.190438 0.038474 0.071221 -0.030254 -0.134737 -0.156587 -0.213148 -0.012421 -0.093511 -0.031225 -0.077137 0.105847 -0.015247 0.072049 0.045491 0.068223
0.067182 0.148356 -0.085356 0.012739 0.042760 -0.076560 -0.129254 -0.074106 -0.028063 -0.051087 -0.061062 0.106434 0.022156 -0.047120 0.001253 0.120564
0.164375 0.095230 -0.026397 -0.139591 0.039975 0.026464 -0.010774 0.004124 0.118158 -0.158159 -0.163052 0.025940 0.000492 0.002692 0.084251 0.023126
-0.113327 0.107655 0.013391 0.059139 0.113624 0.072980 -0.183239 -0.034214 0.011271 -0.202059 0.003628 -0.010981 0.140316 -0.384594 -0.053816 0.138910
0.006330 0.098010 -0.049722 -0.139377 0.118055 0.194742 -0.085252 -0.110389 -0.178887 -0.223100 -0.132527 0.012667 0.056523 -0.561999 0.036540 0.179379
-0.121849 0.188802 -0.056720 0.009135 -0.285649 0.067502 0.170087 0.102544 0.211302 -0.049166 0.167417 0.090258 0.007888 -0.571037 -0.044637 0.175772
-0.055624 0.077620 0.087375 -0.202751 -0.064425 0.009277 0.042634 0.096102 0.100782 0.053627 0.048364 0.087873 0.140249 -0.201116 -0.066599 0.101020
-0.036954 -0.020066 0.009402 -0.041476 -0.021871 0.031067 -0.057112 -0.047578 0.042825 0.051336 -0.140314 -0.027073 -0.002875 0.146739 0.110584 -0.076957
0.113164 -0.004356 0.058205 0.165987 -0.034210 0.082971 -0.033653 -0.061708 -0.048248 -0.004515 -0.127226 -0.041887 0.009188 0.066193 -0.079406 -0.068818
0.024731 -0.025458 -0.015942 0.067688 -0.033658 -0.056022 -0.064727 -0.096294 -0.043162 0.025220 -0.042985 -0.162573 -0.035316 0.013244 -0.079359 -0.063884
0.040672 -0.050988 -0.170239 -0.007767 -0.045990 0.065532 -0.175609 -0.247899 -0.156456 0.009438 -0.085261 -0.011802 0.120128 0.038085 0.028012 -0.109354
0.003044 0.188549 0.015247 -0.092565 0.038106 -0.031197 -0.115858 -0.112851 -0.166100 0.011784 -0.158525 -0.102467 0.072818 -0.017786 -0.033592 0.125051
0.013693 0.092147 -0.179925 -0.079261 -0.091583 -0.083353 -0.080648 0.007964 -0.072281 -0.111283 -0.100730 0.100488 0.143392 -0.126356 -0.155464 0.119852
0.162768 -0.040033 -0.016304 0.175351 -0.027451 0.020195 0.069666 -0.041909 -0.048063 -0.160197 0.192111 -0.124702 -0.019117 0.064611 -0.261090 0.049171
-0.070284 -0.047065 0.027560 0.028413 -0.077208 0.111513 0.090668 0.039131 -0.063118 -0.086551 0.266254 -0.031022 -0.137182 -0.111202 0.116647 0.051448
-0.027858 -0.103828 0.101590 -0.012892 -0.114198 0.015727 0.137845 -0.047292 -0.090311 -0.109410 0.061893 0.159826 -0.264097 0.034111 -0.074947 0.025304
-0.075205 0.130471 -0.041462 0.108854 0.075228 -0.142877 -0.124811 -0.160446 -0.040344 -0.071456 -0.070796 -0.053276 0.124272 0.117797 -0.118079 0.086324
0.023406 -0.005263 -0.095908 -0.187181 0.039220 -0.045808 -0.165838 -0.192735 -0.085758 -0.138607 -0.098340 -0.019012 -0.062697 0.007918 -0.048409 -0.052248
-0.030642 0.074306 0.015992 -0.235975 0.061416 0.004638 -0.291092 -0.261486 -0.271959 -0.204426 -0.095670 0.109720 0.084138 -0.003282 -0.115906 0.100777
0.156476 0.097697 0.005928 -0.107834 0.081348 -0.002232 -0.087030 -0.315165 -0.207527 -0.162337 -0.023807 -0.050756 0.000188 0.098187 -0.099322 0.108521
-0.058370 0.128542 0.026055 -0.188535 0.086714 0.186285 -0.051247 -0.243982 -0.161478 0.010143 0.085299 0.079275 -0.073981 0.108806 -0.093490 0.127242
-0.053404 0.075608 -0.022669 0.013274 -0.046077 0.155794 -0.000094 -0.141879 -0.212639 -0.010402 -0.005276 -0.029836 -0.070981 -0.007836 -0.069199 -0.001278
-0.076891 -0.005216 -0.172937 0.055365 -0.117133 0.123921 0.022916 -0.148519 -0.045530 -0.066458 0.017979 -0.083362 -0.020657 -0.109077 -0.124436 -0.039846
-0.101503 0.045276 0.034558 0.017358 -0.037668 0.080100 -0.145222 -0.134549 -0.099014 -0.029698 -0.082061 0.151812 -0.098693 -0.043370 0.000729 0.034275
0.021983 0.000334 -0.038890 -0.039512 -0.052893 0.029039 -0.222034 -0.174327 -0.149795 -0.094132 0.047730 0.008257 -0.033362 0.042975 0.237529 -0.015860
0.030321 0.065027 -0.076978 0.061829 -0.047609 -0.017986 -0.200934 -0.143882 -0.154098 -0.155572 -0.083693 0.033372 -0.055358 -0.006927 0.027703 0.009154
0.051671 -0.053635 -0.030114 0.189830 -0.020524 -0.064050 -0.247674 -0.133230 -0.109010 -0.201206 -0.227306 -0.003171 -0.079790 0.024924 0.065796 -0.121823
0.105594 0.094627 0.051973 0.104338 -0.083392 -0.081033 -0.219107 -0.130834 -0.164755 -0.113926 -0.001611 -0.059231 0.013664 -0.051839 0.016273 0.084145
0.040580 0.108848 -0.016569 0.052789 -0.130200 -0.100626 0.059355 -0.019107 0.042773 0.035971 -0.106681 -0.024645 0.011294 -0.155547 0.050646 0.024210
0.016688 -0.094783 0.018851 0.001963 -0.138087 0.002045 0.000447 0.065639 0.063967 0.035684 0.037948 -0.061363 0.009884 0.060707 -0.019061 0.031600
-0.108284 0.009106 0.128338 -0.052907 -0.065303 -0.006685 -0.004680 0.004030 -0.153462 0.038674 0.038907 -0.066961 0.049104 -0.064498 0.042771 -0.133621
-0.021622 -0.150490 0.044840 -0.065841 -0.077151 -0.078741 -0.011717 0.025697 -0.060390 -0.068172 -0.065946 0.025500 -0.133202 0.066554 0.253702 0.020791
0.003927 0.090577 0.100229 -0.014786 -0.090254 -0.125108 -0.114699 -0.066510 0.002254 -0.112189 0.030399 0.089326 0.051935 -0.016938 -0.097854 -0.026697
-0.057257 0.066691 -0.058896 0.110089 0.025849 -0.211123 -0.081282 -0.262370 -0.141949 -0.196369 0.113111 -0.147759 -0.067333 -0.017083 -0.012951 0.161762
-0.015230 0.085167 -0.125401 -0.006059 -0.040784 -0.077331 -0.114864 -0.176350 -0.168183 -0.088643 0.049473 -0.001878 -0.025759 -0.013522 0.010031 0.081206
-0.173179 0.076702 -0.052346 -0.180194 0.032101 0.041380 -0.099949 -0.000534 -0.015654 -0.025513 0.015924 -0.096401 -0.076857 -0.015314 -0.044035 0.022102
-0.049667 0.007850 0.031079 -0.056867 0.170025 0.078299 -0.156328 -0.062149 -0.054537 -0.026289 -0.090213 -0.007410 -0.046613 -0.023964 -0.221446 -0.002902
-0.167229 0.025619 -0.125156 0.033667 -0.003818 0.199693 -0.054577 -0.048406 -0.027764 -0.079327 -0.097174 -0.062601 -0.020162 0.011082 -0.056059 -0.021523
0.167712 0.089527 0.015172 -0.066669 0.029400 0.204340 -0.059241 -0.025936 -0.109034 -0.054406 -0.042470 0.023541 -0.023643 -0.034324 0.073493 0.031378
-0.110254 0.044042 -0.016972 0.014376 -0.067230 0.139620 0.011690 -0.024472 0.057153 -0.037503 0.056515 0.014218 0.039143 -0.052009 -0.021612 -0.046598
-0.058754 0.139893 -0.168756 -0.038872 -0.072476 0.082387 -0.207163 -0.043534 0.048897 0.112335 0.052777 -0.036756 -0.149776 -0.003507 0.015151 0.067529
0.032681 0.152232 0.121563 0.037616 -0.000398 0.017829 -0.146647 -0.063954 0.038551 -0.020682 -0.134561 0.021788 0.026622 0.052630 -0.017597 0.143062
-0.134925 0.193573 0.041686 -0.107704 -0.061228 -0.117696 -0.160616 -0.152694 0.015139 -0.002472 -0.279495 -0.138971 -0.061949 -0.051905 0.001706 0.350447
0.113961 0.102341 -0.024825 -0.090255 -0.034629 -0.036275 0.065067 0.105625 0.003143 0.073820 0.031043 -0.069088 0.082763 -0.103461 0.052702 0.152052
0.136577 0.075525 0.200720 -0.025004 -0.037064 -0.024117 -0.078656 0.024215 0.027208 0.008735 -0.029517 0.041519 -0.212709 -0.050646 0.010232 0.100447
-0.038848 0.001912 0.001309 -0.095177 0.193466 0.045825 0.102072 -0.059079 0.021723 0.020614 0.032445 0.067093 0.002741 -0.012509 -0.103492 0.009711
-0.050668 0.053694 -0.057549 -0.018625 0.018578 0.031188 0.017837 -0.044245 0.024590 0.059923 -0.049479 0.002384 0.161636 0.038965 -0.013020 0.105212
-0.156684 0.002059 -0.047124 -0.143581 0.057975 -0.027602 0.011296 0.070369 -0.089907 -0.151296 0.028922 -0.013139 -0.035954 0.081369 0.040946 -0.053786
0.088476 0.023910 -0.163211 -0.046659 -0.009535 -0.006022 -0.020378 -0.053653 0.043495 -0.089259 0.082495 0.085896 -0.165976 0.067032 0.096381 0.049844
-0.051455 0.065301 0.065890 0.047067 0.015524 0.180245 0.072051 -0.068360 -0.025404 0.130256 0.165330 0.096603 0.157429 0.083452 0.093453 -0.017908
0.081718 0.011483 0.004868 0.120849 0.075023 -0.200357 0.013018 -0.112204 -0.040754 0.085547 0.004417 -0.062312 -0.053708 0.069516 0.040613 0.034780
0.057868 -0.079994 0.084658 -0.068775 0.045133 -0.096241 0.016004 -0.126319 0.040468 -0.053182 -0.032297 0.051636 -0.002449 0.060574 -0.045808 -0.065851
-0.137062 -0.039316 -0.066236 -0.048962 0.058024 -0.225741 -0.098466 -0.210131 -0.016917 -0.023392 -0.027631 -0.118032 -0.080591 0.037378 -0.045792 0.005953
0.180343 -0.019854 -0.001173 0.128071 0.104347 -0.243666 -0.081409 -0.129120 -0.022251 -0.034955 0.000456 0.042998 -0.132806 0.009013 0.010643 0.157341
0.065431 -0.010526 0.129256 -0.047767 0.080515 -0.163773 -0.060242 -0.243266 0.048618 -0.054995 -0.027327 -0.099731 -0.086813 0.005752 0.022601 0.090043
0.011141 -0.042464 0.071803 -0.129197 -0.031695 -0.118916 -0.108279 -0.204434 -0.012125 -0.053551 0.053310 -0.096303 -0.110801 -0.056211 -0.084732 0.093067
-0.010914 0.049474 -0.151809 -0.089075 -0.028896 -0.212686 -0.060957 -0.164399 0.095671 -0.054905 0.155251 -0.038516 -0.063510 0.023768 -0.094497 0.013575
0.039132 0.127841 0.085144 -0.028622 -0.073448 -0.097593 -0.166004 -0.080544 0.101917 0.013811 -0.061844 0.035463 0.043938 0.052263 0.003082 0.094473
0.124507 0.113125 -0.075875 -0.062071 -0.038685 -0.092948 -0.117835 0.127993 0.014631 -0.016736 -0.022088 -0.046784 -0.075593 -0.001378 -0.021288 0.185160
-0.073559 0.102366 0.136753 -0.090965 -0.099769 -0.039853 0.068892 -0.058137 0.024371 -0.052840 -0.050901 -0.123150 -0.026643 -0.145191 -0.055404 0.042467
-0.040957 -0.001052 -0.144221 -0.116060 0.093202 0.021728 -0.021786 0.196921 -0.085741 -0.191963 -0.082432 -0.050031 -0.116470 0.029846 -0.088966 -0.085263
-0.022045 0.036333 -0.094551 -0.053552 0.089919 -0.028392 -0.062222 0.054187 -0.074622 0.001840 -0.012140 0.076621 0.079845 -0.032449 -0.033222 0.060831
-0.074571 -0.141594 -0.164684 0.085266 -0.030737 -0.129752 -0.008180 -0.108296 -0.043419 0.048670 -0.030609 0.160585 -0.063350 -0.011651 0.140793 0.244628
0.076965 0.174800 -0.028016 -0.060462 -0.041135 -0.070081 -0.031250 -0.036428 0.045325 -0.051757 0.029437 -0.091463 -0.077661 -0.110429 -0.041265 -0.061880
-0.089520 -0.165837 -0.035377 -0.047377 0.011309 -0.000483 -0.000667 0.041152 0.199001 0.028836 -0.077581 -0.071538 -0.087109 -0.091878 -0.007746 -0.233748
-0.024311 -0.067573 0.095198 -0.107937 -0.093874 -0.027164 0.107246 0.081150 -0.007954 0.038289 0.029926 -0.128499 -0.063217 0.132014 0.168101 -0.222500
0.089014 -0.121280 -0.011555 0.003992 -0.107497 -0.407380 0.085275 0.155502 -0.213367 0.025082 0.016193 -0.152431 -0.101090 0.022948 0.003313 -0.154754
0.082797 -0.075328 0.240216 -0.000372 -0.116609 0.005893 0.070890 0.143640 -0.173484 0.122953 -0.141772 -0.042703 0.097193 0.036139 -0.030641 -0.185262
-0.029372 -0.047757 -0.081327 0.026527 -0.176739 -0.144728 0.079437 0.044642 -0.183877 0.006670 -0.225270 -0.101169 0.031334 0.078044 0.010393 -0.012868
-0.061076 0.010297 0.050604 -0.079631 -0.100008 -0.034690 0.054651 0.110004 -0.184969 0.116754 -0.204232 -0.009075 -0.029100 0.018454 0.023142 -0.157304
0.134029 0.029130 -0.055086 0.107329 -0.217781 -0.067692 0.086562 0.112645 -0.214656 0.064536 -0.227900 -0.079712 -0.072686 -0.010623 0.026565 -0.000997
-0.131324 -0.031246 0.056933 -0.021254 -0.133324 -0.162497 0.102456 0.137371 -0.214925 0.152509 -0.104163 0.029631 -0.029018 -0.036838 -0.041147 -0.049942
0.030249 -0.119249 -0.040495 0.049067 -0.185759 -0.139144 0.058795 0.194995 -0.325122 0.094773 -0.031936 -0.043044 -0.077456 -0.136959 0.066212 -0.156777
0.060125 -0.103927 0.153095 -0.007539 0.011428 -0.028125 -0.046088 0.173554 -0.256782 0.214631 0.134661 0.186127 -0.033626 -0.378642 0.106457 -0.090169
-0.057234 0.004853 0.005556 0.062506 -0.171508 -0.217768 -0.039778 0.134838 -0.183111 -0.029830 0.081164 -0.016157 0.024482 -0.109722 0.033910 -0.057234
0.015638 0.063069 0.153900 0.023029 -0.065906 0.073087 0.032395 0.061772 -0.031320 -0.104055 0.028274 -0.073902 0.024302 -0.152688 -0.055960 -0.023181
-0.057751 -0.044297 0.022116 -0.039882 0.055494 -0.131928 -0.006405 -0.108357 0.097841 -0.009424 0.161106 -0.095598 0.022914 -0.018117 0.075659 -0.000630
-0.093202 0.115130 0.077104 -0.005765 0.010549 -0.125257 0.067266 0.124955 -0.044874 -0.070160 -0.121369 -0.159548 0.088911 0.030939 0.053901 0.090289
0.044686 0.057366 -0.033042 -0.040603 0.057942 0.080390 0.030088 -0.048243 -0.104756 0.013495 -0.089892 0.071153 -0.051155 0.292592 -0.146164 -0.080745
-0.214322 -0.127566 0.038974 0.019152 -0.091420 -0.064771 -0.008682 -0.027616 -0.050810 -0.036312 -0.061806 -0.070455 0.014952 -0.065063 0.081176 0.180900
0.047451 -0.017622 -0.168165 -0.047298 0.108848 -0.024397 0.040070 -0.074231 -0.211759 -0.044394 -0.056738 -0.063046 0.078121 -0.024758 0.072081 0.114389
-0.028713 0.076519 -0.055874 0.019570 -0.137079 0.006090 -0.101992 0.043864 0.057924 -0.121703 -0.116885 0.038959 0.233016 0.038206 -0.052452 0.114098
0.110960 0.088755 -0.095287 -0.020748 -0.217196 -0.235766 -0.061541 0.058189 0.109821 -0.061148 -0.069908 -0.114026 0.066709 -0.045281 0.015275 0.008012
-0.094376 -0.080414 -0.053215 0.075480 0.010237 0.168588 -0.098683 -0.034052 -0.308664 -0.069589 -0.030170 -0.013857 -0.125615 0.039430 0.047877 -0.247506
0.023307 0.029290 0.070156 -0.135341 -0.060873 -0.085453 -0.054080 0.039070 -0.145309 -0.014208 0.123789 -0.071999 0.103946 -0.168550 -0.006243 -0.121723
-0.082355 -0.105651 0.029615 -0.098135 -0.233701 -0.165459 -0.087672 0.106902 -0.126966 0.001053 -0.073790 0.103068 -0.038735 -0.008603 -0.060108 -0.083615
0.079841 -0.167521 -0.037914 -0.022982 0.036133 0.038852 -0.036602 -0.014506 -0.354385 -0.046684 -0.100293 -0.044019 0.104992 -0.071019 0.061790 -0.120738
-0.092684 -0.034776 0.126997 -0.198081 -0.008164 -0.032917 0.021344 0.017741 -0.224254 -0.050582 0.001079 0.022815 0.031781 -0.085665 -0.071326 -0.066378
0.014157 0.127438 0.080988 0.038301 0.160456 0.046905 0.029713 0.043632 -0.103028 -0.020171 0.009634 -0.128232 0.078694 -0.073956 0.200487 0.157437
-0.102227 -0.039678 0.152847 -0.055779 -0.095373 -0.038953 0.016765 0.033182 -0.053379 0.084560 -0.047357 -0.118539 -0.024096 -0.010540 0.108990 -0.042240
0.104266 0.025177 0.095967 0.050396 -0.037332 0.022039 -0.071647 0.076536 -0.063484 -0.026490 0.017220 0.222645 0.096143 -0.018694 -0.095782 0.022131
-0.146741 0.007168 0.112688 0.003413 -0.052844 -0.042704 0.151955 -0.122120 0.032019 -0.129053 0.070388 -0.059853 -0.079866 0.088212 0.111959 -0.002959
0.006446 0.055435 0.170938 -0.171406 0.053672 -0.113502 -0.012894 0.096372 0.017512 -0.081790 -0.213535 0.096453 -0.037955 0.073822 -0.077603 -0.139250
0.011835 -0.125904 -0.077981 -0.180290 -0.096026 0.026829 -0.032787 -0.017598 -0.016985 0.064337 -0.066348 -0.096645 -0.038647 0.126506 -0.087602 -0.095874
