-0.159833 0.228749 -0.014061 0.341325 0.124697 -0.611921 -0.183061 -0.232895 -0.011823 0.111634
-0.012640 -0.002921 0.732700 -0.018366 -0.010118 0.166524 -0.019529 0.005406 -0.826513 0.014745
-0.164925 -0.099441 -0.479831 0.012897 -0.012274 0.112660 0.083825 -0.747432 0.269846 -0.019800
0.139806 0.121452 0.382688 -0.210024 -0.021332 -0.046461 -0.196700 -0.305154 0.077528 -0.196416
0.893584 -0.014720 -0.089304 -0.046922 -0.037348 -0.468737 -0.032909 -0.003922 -0.195814 -0.018873
-0.047127 -0.009658 -0.118920 -0.042541 -0.074414 -0.340197 0.949098 -0.018465 -0.225903 -0.063776
-0.011713 -0.001107 -0.101907 -0.039361 0.001892 -0.028750 0.002672 0.912427 -0.067223 -0.639595
-0.044038 -0.012234 -0.069876 -0.058291 -0.061164 -0.326931 -0.028208 -0.049834 -0.181131 0.797835
-0.002222 0.000609 -0.020322 -0.015539 1.028098 -0.144973 -0.044985 -0.008633 -0.058877 -0.730568
-0.035612 0.001991 0.034993 0.002201 -0.020110 -0.013802 0.004632 0.894216 0.045165 -0.855148
-0.009024 1.217705 -0.440415 -0.078239 -0.008918 0.004307 0.036832 -0.040358 -0.549125 -0.010894
-0.066978 -0.021007 -0.064931 -0.077230 -0.116951 0.938143 -0.018092 -0.050353 -0.378956 -0.046399
-0.049885 0.105565 0.663636 -0.005458 -0.127671 -0.043567 -0.247095 -0.004659 -0.198150 -0.161068
-0.046522 -0.020651 -0.172029 1.150743 -0.039312 -0.410425 -0.028901 -0.028639 -0.361382 -0.059606
-0.294529 0.183904 0.019137 -0.024000 0.093990 -0.275464 -0.070526 -0.143178 -0.206382 -0.474425
-0.016860 -0.017200 -0.087292 -0.010203 -0.030818 -0.445144 -0.011463 0.005443 0.617220 -0.043475
-0.008448 -0.004289 -0.022516 0.138673 0.009346 -0.082589 0.018564 -0.004674 -0.039756 -0.016986
-0.009137 0.001699 0.031055 0.001050 -0.007038 0.047290 0.011332 -0.019038 -0.028095 -0.009092
-0.003403 0.016785 0.008301 -0.020568 0.003663 0.065379 0.002789 -0.034438 0.019243 -0.041329
-0.042234 -0.012550 -0.026070 -0.018145 -0.017607 0.239197 0.000696 -0.011323 -0.087401 -0.017057
0.003213 -0.004692 -0.008030 0.010678 -0.017441 -0.019708 -0.003585 0.031564 -0.007308 0.018011
0.036690 -0.034162 -0.073326 0.011590 0.023397 0.167421 0.049803 0.020317 -0.103673 0.032141
0.017936 0.028861 0.084731 0.032813 0.015689 0.008156 -0.040537 0.052042 0.076730 0.069795
0.008760 0.009029 -0.031820 -0.026814 0.009633 0.050019 0.002887 -0.008225 -0.001362 -0.026170
-0.006672 -0.000811 0.002333 0.023149 -0.003113 0.012424 0.001774 -0.019128 -0.001014 -0.020271
-0.000057 -0.013601 -0.011289 0.024273 0.025379 0.070156 0.018887 -0.038612 0.022596 0.001934
0.014968 0.019749 0.121031 -0.001061 0.054754 0.012925 0.040142 0.047191 0.130712 0.082126
0.002997 -0.009549 0.067416 -0.018137 -0.013420 -0.097409 0.004317 0.003284 0.064219 -0.016965
0.003818 -0.000692 -0.002370 0.014580 -0.002742 -0.010339 -0.005216 0.003671 -0.034315 0.028867
0.004303 0.002742 0.004727 0.018949 -0.054649 0.095584 -0.031641 -0.005663 0.026889 -0.065803
-0.013703 0.007407 -0.059607 -0.002304 -0.012973 0.086556 -0.021765 -0.012902 0.045920 -0.009952
0.003684 0.018583 -0.052042 -0.028485 0.018667 0.189074 -0.001610 -0.027613 -0.088717 0.011814
