0.198800 0.178405 0.124220 0.090826 -0.009772 0.064535 -0.170200 -0.133551
-0.129687 -0.091081 0.018802 0.050790 -0.159558 -0.177750 0.140154 0.125425
-0.063941 0.032317 -0.112691 -0.135886 -0.050936 0.039321 -0.013785 -0.094548
-0.208234 -0.056037 -0.123975 0.143157 0.080310 -0.079753 -0.236833 0.164881
-0.227289 0.007088 -0.154015 0.035559 0.199440 -0.250269 -0.294320 -0.102222
-0.288622 0.170235 -0.180047 0.168579 -0.048862 -0.190112 -0.267260 0.049964
-0.307894 0.146798 -0.048898 0.053802 -0.039502 0.122878 -0.205262 -0.077468
-0.354132 0.260291 0.083271 -0.379662 0.037943 0.041377 -0.130188 0.009325
-0.285039 0.170038 -0.312136 -0.048888 -0.156709 0.152932 -0.085567 0.083149
-0.347043 0.250377 0.019825 -0.095388 0.007422 0.055298 -0.117539 0.010494
-0.258566 0.134055 -0.126842 0.042752 -0.005819 -0.052122 0.082494 -0.081361
-0.279402 0.023017 -0.188326 -0.117778 0.056807 -0.064040 -0.017523 -0.014200
-0.325183 0.082597 0.064139 -0.225860 -0.003878 -0.173419 0.111147 -0.012386
-0.401387 -0.081721 -0.255795 -0.050010 -0.007227 0.001726 0.388866 0.026429
-0.341011 -0.175848 -0.297182 0.114279 0.017876 0.172185 0.160709 0.076719
-0.405321 -0.267727 -0.218597 -0.329594 -0.130770 -0.176815 0.098960 -0.048308
-0.351625 -0.523798 0.112465 0.088717 -0.140359 -0.136772 0.119332 -0.125385
-0.387197 -0.159438 -0.153027 0.060165 -0.085807 0.012267 0.197416 -0.036875
-0.301239 -0.265839 0.004068 -0.213393 -0.245385 0.017266 -0.008917 0.160205
-0.339377 -0.321773 0.003811 -0.111913 -0.190674 -0.200898 0.071352 0.086671
-0.247714 -0.505204 0.043114 -0.112024 -0.311169 -0.088849 0.041562 0.279400
-0.269268 -0.437237 0.229540 -0.004439 -0.558767 -0.085910 -0.015345 0.209895
-0.333963 -0.405929 0.038422 -0.148243 -0.191695 -0.136268 0.047929 0.232955
-0.121483 -0.595384 0.022193 -0.277064 -0.374045 -0.106404 0.052388 0.290571
-0.160498 -0.227738 0.019238 -0.072586 -0.272670 -0.001740 0.115622 0.435485
-0.121174 -0.427761 0.012045 -0.132111 -0.088976 -0.108295 -0.134650 0.128710
0.132702 0.094484 0.220136 0.152932 0.089954 -0.153147 0.103024 0.050038
-0.014184 0.099897 -0.008572 0.036982 -0.027814 -0.154175 0.150258 0.003945
-0.108117 0.155161 0.044795 -0.128922 -0.093536 -0.018537 0.062855 -0.168507
-0.045817 0.036553 -0.000717 -0.035016 0.340367 -0.023918 -0.104394 -0.031617
0.033018 -0.104210 -0.115844 -0.002308 0.145269 -0.262525 -0.027115 -0.055638
0.011842 0.078859 -0.350275 0.117074 -0.147630 0.327656 -0.207770 0.122215
-0.059400 0.019780 -0.078890 0.068529 0.151200 0.005805 -0.273364 0.002614
-0.009604 0.045312 -0.102913 -0.093150 -0.010326 -0.109944 -0.061849 -0.067983
0.047869 -0.016867 -0.250356 0.096065 0.015546 -0.058940 -0.174054 0.165786
-0.024772 -0.041686 -0.182208 -0.012851 -0.050473 0.091212 -0.251455 -0.028181
-0.029943 0.005929 -0.149827 -0.077185 0.004764 -0.000424 -0.239068 -0.010211
0.052715 0.048082 -0.078633 0.072764 -0.066808 0.095683 -0.188911 -0.079832
0.038497 0.048428 -0.300752 -0.203513 -0.036007 -0.082534 0.071372 0.145169
-0.075503 0.221167 -0.160513 -0.200828 0.040029 -0.128214 -0.067614 0.026152
0.103094 0.140149 -0.116801 0.046643 0.146039 0.090492 -0.030648 0.015094
-0.030986 -0.116752 -0.137407 0.054273 -0.019525 0.109734 -0.011413 0.045341
0.054831 -0.040500 -0.144960 -0.243840 -0.088654 -0.024792 0.040335 -0.081520
0.080669 -0.491309 -0.118395 0.011537 -0.005404 -0.023434 0.179294 0.054453
0.048883 -0.022923 0.047014 0.223696 -0.161470 -0.114882 0.010245 -0.166706
0.103868 -0.394408 -0.057385 -0.195779 -0.059055 0.133877 -0.070187 -0.331954
0.035030 -0.567775 0.092265 -0.078142 -0.168866 -0.066261 0.194639 -0.118573
0.062273 -0.373929 0.296844 -0.256852 -0.309740 -0.348045 0.022705 0.156410
-0.011510 -0.347719 0.216690 0.198808 -0.185750 -0.116423 0.018474 0.108427
0.083501 -0.227775 0.027076 -0.296809 -0.197742 0.057727 -0.023986 -0.006199
0.058789 -0.240624 0.199025 -0.080532 -0.215432 -0.004186 0.081143 0.115189
-0.133543 -0.372161 0.166503 0.020910 -0.166138 -0.111526 0.022129 0.081994
-0.009876 -0.134649 0.117721 -0.086847 -0.192900 0.201572 0.095350 0.158855
0.170343 -0.154054 -0.058119 0.006845 -0.114235 0.007578 0.188165 -0.001366
0.088847 0.107534 -0.126837 0.072025 0.254768 0.293652 0.070596 -0.007597
-0.059389 -0.064856 0.032367 0.175941 0.063505 -0.189749 -0.033142 0.075749
0.149347 -0.104836 -0.149405 0.248553 0.049642 -0.144909 0.349851 -0.039802
0.015755 0.240577 0.089170 -0.164214 0.029814 0.216196 -0.012744 -0.006610
-0.113845 0.081040 0.067846 -0.042346 0.111991 0.115319 -0.012356 0.002655
0.010224 -0.081191 0.029348 0.002061 0.081502 -0.003301 0.024186 -0.320496
0.102748 0.115382 -0.179473 0.082925 0.083332 -0.156573 0.140696 0.108403
0.085933 -0.017094 -0.141099 0.049339 -0.142021 -0.085435 -0.137999 0.014697
0.065939 0.080227 -0.224084 0.008169 -0.066838 -0.060000 0.038154 -0.094208
0.176688 0.035701 -0.157649 0.005101 0.058286 0.173961 -0.119960 0.012037
0.177020 0.035897 -0.217335 -0.054766 -0.007277 0.009756 -0.208854 0.059173
0.141331 0.188992 -0.151041 -0.171137 -0.041666 0.056138 -0.358333 0.028923
0.124257 0.056084 -0.372674 0.021109 -0.087485 -0.085065 -0.469589 -0.018018
0.189564 -0.020569 -0.064804 -0.048726 -0.003701 0.039739 -0.180568 -0.153546
0.178913 -0.069719 -0.207120 0.001417 -0.027874 -0.096996 -0.340484 0.043104
0.176483 -0.010954 -0.322869 -0.328206 0.009045 -0.031016 0.033295 0.090858
0.222682 -0.128252 -0.012804 -0.009862 0.096771 0.056342 -0.052986 -0.106690
0.107114 -0.073074 -0.025257 -0.048281 0.015016 -0.079355 0.038601 -0.172763
0.195247 -0.171141 0.175809 -0.346920 0.088402 0.067835 0.192479 -0.083595
0.117789 -0.060021 -0.047866 -0.131236 -0.054250 0.157645 0.209935 -0.152093
0.116462 0.025580 -0.259641 0.099836 0.071425 0.089818 0.016085 -0.065951
0.152404 -0.254785 0.051766 -0.148882 0.162242 -0.364886 0.077020 -0.092795
0.107019 -0.087942 0.131168 0.187481 -0.007512 -0.370800 0.105364 0.158781
-0.010121 -0.201812 0.135040 -0.126495 0.030960 0.041341 0.169261 0.071251
0.121941 -0.199937 0.022707 0.228394 0.074155 0.027540 0.033008 0.019248
0.070352 -0.003880 0.088968 0.038636 0.032858 0.034562 0.107929 0.102682
0.112943 -0.330879 -0.046887 -0.037864 0.044491 0.063236 -0.090445 -0.002165
0.092405 -0.224326 0.203977 -0.008376 -0.113514 0.042021 -0.008738 0.182455
0.157232 0.104286 0.154332 0.074747 0.052822 0.261782 0.134152 0.063954
-0.098096 -0.089913 -0.098072 -0.121922 0.033881 0.175780 0.259265 0.004814
0.036270 -0.122595 -0.024899 0.040444 0.081892 0.062463 0.132417 0.083240
-0.061529 -0.119427 -0.094783 -0.232926 -0.086851 -0.101697 -0.032374 0.107073
0.251022 0.018634 0.073912 -0.140124 0.093092 -0.012538 0.163570 -0.042647
0.339915 0.052081 -0.103592 -0.065151 0.003585 0.133019 -0.006912 0.044036
0.191213 0.011102 -0.226786 0.022922 0.057565 0.108441 0.272701 -0.175188
0.187721 0.113655 -0.051931 0.314536 0.078303 -0.190665 0.111559 -0.157793
0.239176 -0.053044 -0.162688 0.006472 -0.054814 -0.070899 0.140094 -0.036512
0.141558 0.097691 -0.130053 -0.163159 -0.029311 -0.033528 0.046388 -0.211486
0.127337 0.144257 0.048195 -0.153121 0.063847 0.077664 0.138994 -0.017736
0.138444 0.177816 0.071746 -0.314367 -0.061678 0.021085 0.034656 -0.076523
0.181566 0.087299 0.154769 0.239240 0.078332 0.055778 -0.143297 -0.100361
0.124873 0.195715 -0.316342 0.081902 -0.048996 0.057531 -0.150033 0.003841
0.065183 0.093909 -0.155704 0.136908 0.033155 0.059683 -0.314335 -0.244784
0.144474 0.009441 0.098803 -0.061394 0.077997 -0.273052 -0.374643 -0.529445
0.020487 0.041051 -0.019071 -0.287905 0.046757 0.034288 -0.226918 -0.256811
0.144472 -0.051538 0.216125 -0.112785 0.118681 0.126274 -0.267907 -0.393317
0.084205 -0.029824 -0.015210 -0.120904 0.040352 0.085753 -0.176940 -0.124301
0.150826 -0.086147 -0.181412 -0.138430 0.347010 0.027358 -0.047526 -0.284008
0.107287 -0.087566 -0.168077 0.027080 0.162333 -0.254316 -0.005251 0.086689
0.143995 -0.176605 0.159781 -0.198837 0.283002 -0.253875 -0.053334 0.106147
0.032457 -0.086848 0.047379 -0.101791 0.294434 -0.026007 -0.011695 0.086637
0.182921 -0.060423 0.118565 -0.207378 0.219587 0.377297 -0.154035 0.159782
0.054129 -0.093796 -0.015105 0.100407 0.156869 0.324097 0.034561 0.247927
0.132242 -0.072938 -0.177129 -0.144033 0.195156 0.183159 -0.025854 0.159177
0.076018 -0.242850 0.059183 -0.155619 0.130617 0.257677 -0.054342 0.296137
0.060060 -0.201860 -0.009961 0.097785 0.057063 0.178990 0.036226 -0.042305
-0.105995 0.085636 -0.108021 -0.131905 -0.077579 -0.108218 -0.009464 -0.083776
-0.005472 -0.091316 0.020579 -0.141293 0.174135 0.006379 0.079388 0.266506
