0.105884 0.120914 -0.069121 -0.090780
0.105135 0.246140 -0.559273 -0.056791
-0.019622 -0.216680 -0.038300 0.054246
0.065994 -0.214736 -0.655700 0.136373
0.037359 0.246624 -0.221701 0.156564
0.029293 -0.170713 -0.327414 0.307716
0.050221 -0.214305 -0.220029 0.037021
0.164609 0.155378 -0.569900 0.273403
-0.112127 0.201049 -0.362075 -0.146898
0.032122 -0.066906 -0.494793 -0.273630
-0.058565 0.000157 -0.207681 -0.156365
0.009157 -0.095655 -0.033164 0.012550
0.098804 -0.128754 -0.027879 -0.080407
0.147123 -0.077587 0.153422 -0.067676
-0.073216 -0.271588 0.019849 -0.149635
-0.102438 -0.049424 0.073896 -0.129488
-0.420439 -0.204744 0.149540 -0.322671
-0.063968 0.111018 0.170376 -0.246099
0.128693 -0.208733 -0.318651 -0.273949
0.497070 -0.116415 -0.121427 -0.104412
-0.029834 -0.458651 -0.487138 -0.450382
-0.412916 -0.237179 -0.050268 -0.277930
-0.049383 -0.186324 -0.461889 -0.337478
0.377597 0.066401 -0.211290 -0.342124
-0.343724 0.261533 -0.265779 -0.075671
-0.083988 0.214995 0.065586 -0.132925
0.073052 0.162978 -0.142251 0.043516
-0.061743 0.068422 0.151256 -0.349042
-0.424375 -0.526840 -0.179162 -0.060482
0.074392 -0.170736 -0.003676 0.033372
-0.024508 -0.011114 -0.248031 0.050613
0.019826 0.075456 -0.013727 0.301086
-0.100846 -0.125370 -0.287852 0.139086
-0.007540 -0.092760 -0.352209 0.005456
-0.069030 -0.137609 -0.141217 0.315954
-0.116994 -0.086420 -0.115838 0.139167
0.020107 -0.270245 -0.152105 0.340667
-0.005395 -0.138869 -0.121052 -0.277040
-0.028012 0.241465 -0.297614 0.016822
0.115721 -0.304430 -0.381074 -0.426017
-0.148440 0.107676 0.066986 -0.351154
-0.176397 -0.071234 0.301053 -0.248234
-0.156061 -0.072823 0.299650 -0.375898
-0.042641 0.173815 0.231338 -0.245244
0.207698 0.059715 0.156409 -0.024538
0.277613 -0.056755 -0.202156 -0.390495
0.252439 0.074956 0.085743 -0.318618
-0.428369 0.011244 -0.242862 -0.058180
-0.296080 -0.033004 -0.169037 -0.122991
-0.025492 -0.093759 -0.102012 -0.007896
0.231521 0.293273 -0.119746 0.072203
0.213867 0.169198 -0.143249 0.115687
-0.295278 0.170982 0.117188 -0.161167
0.015883 0.139124 -0.148491 0.156152
0.013514 0.188784 -0.074851 -0.242562
-0.030190 -0.217847 0.058007 0.054432
