-0.002150 -0.001704 -0.009132 0.922004 -0.007223 -0.006196 -0.003251 -0.005974 -0.007708 -0.003021 -0.058150 -0.010298 -0.002689 -0.012466 -0.001992 -0.004139 -0.006399 -0.023492 -0.001590 -0.002127 -0.033797 -0.001894 -0.003195 -0.003069 -0.002679 -0.002528 -0.008132 -0.038826 -0.006087 -0.001373 -0.004612 -0.001689 -0.002272 -0.002701 -0.003132 -0.002057 -0.005533 -0.002198 -0.002139 -0.003513 -0.001795 -0.001281 -0.002638 -0.003256 -0.005158 -0.004026 -0.006623
-0.200852 -0.073957 0.017652 0.128478 -0.011758 0.098959 0.021211 0.221288 -0.029367 0.181309 0.025161 0.062504 -0.130031 0.093590 0.191960 -0.000029 -0.029309 -0.034142 -0.044563 -0.072318 -0.195031 -0.205480 -0.120965 -0.092284 -0.017846 0.080451 -0.051156 0.091749 0.004494 0.002246 0.022675 0.068893 -0.054930 0.063246 -0.044700 0.051377 -0.107843 -0.107922 -0.036731 -0.085448 0.185736 0.048917 -0.059918 0.072226 0.053283 0.237356 -0.043463
-0.190387 -0.045087 -0.161881 -0.039797 -0.178053 0.015154 -0.156887 0.048068 0.184643 0.135006 -0.059651 -0.016680 -0.111253 0.028613 0.129513 0.029147 -0.011425 -0.065805 -0.040009 0.013301 -0.005216 0.032877 0.091615 0.117302 0.031433 -0.142948 0.070256 0.061215 -0.020632 0.043794 0.046503 -0.024214 0.030917 0.171630 -0.076254 0.193410 -0.131828 0.009968 0.009593 0.008947 0.091285 -0.022909 -0.084271 -0.056556 0.043537 0.076385 0.028264
-0.005430 -0.006459 -0.022025 -0.010644 -0.020775 -0.016142 -0.006937 -0.011854 -0.016519 -0.013054 -0.159363 -0.044045 -0.007625 -0.040873 -0.006255 -0.012456 -0.018997 -0.068524 -0.006753 -0.003355 -0.080022 -0.008781 -0.011306 -0.009439 -0.007705 -0.007762 -0.024178 -0.115606 -0.010261 -0.003876 -0.013544 -0.005093 -0.007988 -0.012072 -0.008999 -0.006951 -0.016316 -0.017702 -0.010500 -0.009259 -0.005194 -0.021278 1.216503 -0.020748 -0.017006 -0.012329 -0.020924
0.150518 0.103600 -0.064773 0.119560 0.147211 -0.003483 -0.023187 0.021205 -0.085867 0.120023 0.046742 -0.082369 -0.010817 0.143987 0.010714 -0.088062 -0.081740 0.261567 0.013425 -0.057367 -0.120773 -0.082388 0.099751 0.151239 0.052366 -0.107162 -0.090416 0.020489 -0.072910 -0.059117 -0.120592 -0.002896 -0.288182 0.026583 -0.107005 0.071513 0.164460 -0.046765 -0.068126 0.013296 -0.016810 0.079395 -0.113888 -0.133115 0.299539 -0.082526 -0.029719
-0.019406 -0.059269 0.106094 -0.105000 0.109653 0.080040 -0.025444 0.050439 0.137577 0.043588 -0.167249 0.070619 -0.023526 0.188805 0.066456 0.046636 0.093135 0.142995 0.096212 0.042706 -0.091817 -0.036357 -0.082422 0.196685 -0.016045 0.149343 -0.048895 -0.046368 0.001881 0.151832 0.014406 -0.040974 -0.106485 0.040393 0.089380 -0.064435 -0.249483 -0.030772 0.005935 -0.085208 0.119391 0.047836 -0.193522 0.007397 -0.135827 -0.087121 0.223143
0.040628 -0.073454 0.071232 0.075422 0.117207 -0.038735 0.005061 -0.053199 0.054684 -0.060930 -0.002996 -0.050245 0.133265 -0.037211 -0.028457 -0.079307 0.077268 0.056193 -0.051974 -0.170846 -0.047733 0.083158 0.013096 0.049342 0.004094 0.035582 -0.123492 0.022844 0.000979 0.097830 0.006039 0.031514 0.011363 -0.108043 -0.055246 -0.047264 0.125802 -0.002474 0.103275 0.027080 -0.019120 -0.208071 0.143067 0.038159 0.048796 0.162395 -0.110347
-0.000701 0.000008 -0.004186 -0.021130 -0.004374 -0.048050 -0.003544 -0.002236 -0.007068 -0.000784 -0.034326 -0.008384 -0.000741 -0.007629 -0.000912 -0.001548 -0.002122 -0.013842 -0.001681 -0.001713 -0.020262 -0.001352 -0.001884 -0.001833 -0.000822 -0.001519 -0.004481 -0.022951 1.048551 -0.000767 -0.002527 -0.001062 -0.001210 -0.002370 -0.001694 -0.001335 -0.003508 -0.001635 -0.000982 -0.002561 -0.000336 0.000425 -0.001620 -0.001847 -0.003355 -0.002100 -0.003254
-0.082670 0.191285 -0.041680 0.047650 -0.106067 -0.092411 -0.120914 -0.030552 -0.149326 0.034509 0.129707 0.116453 -0.005969 -0.071736 0.017560 0.079362 0.102145 -0.052867 0.012187 -0.056995 -0.090236 -0.209815 -0.084501 -0.052779 0.102953 -0.016669 -0.211148 -0.124720 -0.020232 0.017701 0.040024 -0.059483 0.062303 -0.131601 0.122844 0.041480 -0.007850 0.046607 -0.021173 0.001491 0.022916 0.067161 -0.187872 0.051333 0.097531 -0.228688 0.034252
-0.001393 -0.004870 -0.004978 -0.003341 -0.047241 -0.004746 -0.003910 -0.004019 -0.009412 -0.003808 -0.057805 -0.014841 -0.002771 -0.013328 -0.002111 -0.003776 -0.006285 -0.023874 -0.002274 -0.001717 -0.031106 -0.002005 -0.002888 -0.010957 -0.002490 -0.003483 -0.007951 -0.038579 -0.003564 -0.001035 -0.042577 1.231870 -0.006242 0.001266 0.002041 -0.002284 -0.005166 -0.002597 -0.003051 -0.004408 -0.001885 -0.007487 -0.002396 -0.003222 -0.005633 -0.013437 -0.006095
0.081651 0.138322 0.094084 0.144248 0.101660 0.027753 0.164634 -0.044359 0.034567 -0.050349 0.089126 0.121386 0.055640 0.041137 0.069619 0.099341 -0.048798 0.123300 -0.017114 0.193981 0.095078 -0.059952 0.023999 -0.009553 0.107768 -0.000982 0.175585 -0.018506 0.118391 -0.057352 0.034037 0.067794 0.056789 -0.162703 0.111230 0.186219 0.077477 0.144547 -0.086776 -0.051652 -0.107540 -0.020178 0.161601 0.031378 0.084044 -0.079642 -0.032349
-0.003029 -0.003489 -0.009543 -0.006526 -0.011936 -0.012131 -0.006089 -0.007308 -0.013218 -0.007731 -0.107812 -0.027485 -0.004602 -0.025114 -0.004059 -0.012659 -0.011674 -0.043372 -0.003791 -0.002114 -0.061888 -0.003483 -0.006019 -0.005649 -0.004835 -0.011936 -0.015159 -0.072142 -0.005383 -0.011550 -0.008005 -0.002916 -0.004174 -0.004319 -0.004186 -0.004219 -0.010266 -0.004180 -0.003777 -0.005926 -0.005172 -0.013247 -0.004888 -0.008851 -0.010547 1.161617 -0.016261
-0.000198 -0.631867 -0.000180 -0.000097 -0.000425 -0.000293 -0.000991 -0.000297 0.001949 -0.000360 -0.003177 -0.000676 0.000226 -0.000707 -0.000188 -0.000210 -0.000264 -0.001174 0.744613 -0.001676 -0.002393 0.083191 -0.000249 -0.000490 -0.001120 -0.000286 -0.000313 -0.002452 -0.003306 -0.000200 -0.000152 -0.000224 -0.000221 -0.001830 0.001696 -0.000186 -0.000264 -0.000044 0.000520 0.000231 0.000082 -0.000720 -0.002365 0.000049 -0.000320 -0.003466 0.000049
-0.064817 0.013764 -0.127023 -0.065354 -0.091624 0.005718 -0.089257 0.033969 -0.064329 -0.020395 0.102392 0.027361 -0.155929 -0.086213 0.058943 0.010995 -0.025802 0.020966 0.047176 -0.000327 0.022438 0.026898 0.282819 -0.050884 -0.057155 -0.153665 0.120169 0.001043 0.088068 0.170421 0.099318 0.127418 -0.085609 0.074739 -0.122509 0.083699 -0.007777 0.126704 0.030307 0.062069 -0.166717 0.093520 -0.034879 0.001449 0.052972 0.164949 -0.028043
0.039826 -0.025832 0.094960 0.111159 0.030694 0.025103 0.023082 0.086610 0.051377 -0.043136 -0.203005 -0.204949 -0.011589 -0.032636 0.070420 -0.042786 0.093040 -0.019564 0.036962 0.058260 0.035924 0.116511 -0.016371 0.041374 0.213826 -0.154213 -0.093717 -0.031856 0.111841 -0.048713 -0.136861 0.017353 0.047715 0.060082 0.077991 -0.156297 0.024312 0.021257 0.014608 -0.050446 0.042519 0.163777 -0.067916 -0.059583 -0.158400 0.063642 -0.126751
-0.002028 0.009242 -0.004478 -0.005880 -0.006051 -0.018633 -0.002480 -0.001235 -0.007675 -0.003948 -0.049007 -0.012388 -0.003124 -0.010647 -0.019574 -0.005583 -0.005842 -0.020093 1.114419 -0.053406 -0.030085 -0.008241 -0.002749 -0.004146 -0.000789 -0.001546 -0.007163 -0.032478 -0.009857 -0.003467 -0.003417 -0.001727 -0.000763 -0.010465 -0.002794 -0.093466 -0.002641 -0.002405 -0.003648 -0.001913 0.000629 -0.006158 -0.000567 -0.002513 -0.005769 -0.002991 0.035689
0.030560 -0.072157 -0.017790 0.125117 -0.067906 -0.058942 -0.142941 -0.133192 0.108436 -0.010245 0.221549 -0.084156 0.083251 0.115901 -0.049783 0.050062 0.227049 -0.076775 0.125084 0.022696 0.133357 -0.099994 -0.028938 -0.144091 0.022094 0.241296 0.066027 -0.131473 -0.088069 -0.055272 -0.063350 -0.102832 0.004611 0.025704 0.005847 0.101832 0.004406 0.008124 0.004613 -0.161913 0.018007 0.151711 -0.043473 0.143533 -0.022623 -0.061706 0.096418
0.038415 0.108955 0.084972 0.007349 -0.057291 0.038621 0.104372 -0.047497 -0.064100 0.069393 0.039202 0.033924 0.066357 0.067219 -0.085054 0.002334 0.068513 -0.113257 -0.008525 -0.059586 -0.093515 0.049252 0.114134 0.195376 0.055195 0.125116 0.069073 0.035144 -0.147832 0.209581 0.214227 -0.000192 0.053960 -0.158862 -0.057957 -0.064002 -0.110342 0.113782 0.099720 -0.122406 0.033865 -0.160053 -0.077879 -0.108627 0.135463 -0.100168 -0.126712
-0.152840 0.064532 0.127499 -0.198014 -0.157031 -0.089668 0.076856 0.006236 0.113775 -0.018911 -0.197876 0.065946 -0.002516 0.028871 0.069988 0.049062 -0.035535 -0.186756 0.131990 0.062015 -0.169370 0.103187 0.017270 0.014982 -0.115771 -0.046412 0.083436 -0.044558 -0.116350 0.134582 0.015992 -0.233802 0.136778 0.025091 0.052825 -0.004124 0.024299 0.112102 -0.064322 0.017279 0.030966 0.048434 -0.073851 0.021292 0.098113 0.096553 0.014283
-0.009674 -0.002016 -0.007011 -0.004412 -0.010405 -0.006223 -0.005612 -0.005138 -0.007181 -0.005527 -0.074200 -0.018803 -0.002783 -0.017253 -0.002629 -0.005251 -0.008020 -0.027624 -0.002675 -0.001380 -0.039614 -0.002372 -0.003979 -0.006149 -0.008102 -0.003277 -0.010435 -0.049556 -0.004103 -0.001792 0.938297 0.000574 -0.005652 -0.003415 -0.002680 -0.002922 -0.010374 -0.003026 -0.003626 -0.004079 -0.002359 -0.009175 -0.003495 -0.003508 -0.007309 -0.004597 -0.007522
0.002743 0.111766 0.002472 0.075526 -0.006688 -0.026483 -0.007117 -0.028465 0.025177 -0.031499 -0.097947 -0.050194 -0.071152 0.071186 0.087179 -0.101564 0.045069 0.121699 -0.003346 -0.099302 0.017723 0.072747 -0.057304 -0.142044 -0.115379 -0.002749 -0.122541 0.049394 -0.084159 -0.011395 -0.160942 -0.078469 -0.077492 -0.117740 -0.094423 0.124844 0.031038 0.112423 -0.233142 -0.109839 -0.037994 -0.028877 -0.067888 -0.039919 0.027901 -0.039156 -0.104909
-0.001959 -0.001978 -0.006530 -0.004459 -0.008874 -0.005214 -0.003703 -0.004571 -0.008517 -0.004693 -0.066709 -0.015821 -0.009409 -0.015557 -0.005061 -0.004447 -0.007252 -0.026946 -0.002450 -0.001345 -0.038386 -0.002141 -0.003816 -0.003534 -0.004346 -0.004427 -0.008939 -0.038075 -0.003404 -0.001642 -0.005283 -0.002016 -0.002696 -0.002931 -0.003463 -0.002774 -0.007821 -0.002603 -0.002434 0.885060 -0.001930 -0.007889 -0.003070 -0.003628 -0.005877 -0.004808 -0.010754
-0.034376 -0.000184 0.096956 -0.172470 0.057376 -0.110759 -0.061996 -0.123355 0.062189 -0.031871 0.020657 -0.152959 0.110220 -0.104868 0.029062 -0.064117 -0.171189 -0.036553 -0.193938 0.174546 0.000251 -0.215832 0.110386 0.090161 0.092896 -0.061811 -0.077541 0.199035 -0.050528 -0.166351 -0.072264 0.214095 0.066772 -0.147076 -0.092085 0.161467 0.195510 0.108254 0.009515 0.042731 -0.024936 0.102890 -0.041968 0.027230 0.190286 -0.065149 0.066389
-0.027059 0.001937 0.025446 0.017886 -0.025698 -0.023113 -0.113966 -0.136459 0.029537 0.212886 0.018739 0.081478 -0.121105 0.153209 0.014054 0.081208 -0.228164 0.088564 -0.115868 0.034428 -0.042482 0.025201 0.155145 -0.009967 -0.139359 0.100474 -0.086171 0.279464 -0.009503 0.223003 0.122453 0.216314 -0.001911 -0.075044 0.075670 -0.036523 -0.093596 -0.106868 0.025169 -0.169577 -0.113409 0.002423 0.011486 -0.101627 -0.116392 -0.182154 -0.133330
-0.004800 -0.003390 -0.010340 -0.006959 -0.016123 -0.010053 -0.006609 -0.007777 -0.011428 -0.008620 -0.109919 -0.028951 -0.005280 -0.026752 -0.004092 -0.008041 -0.012429 -0.040755 -0.004409 -0.002420 -0.065595 -0.003950 0.951271 -0.012877 -0.004964 -0.005657 -0.016157 -0.075505 -0.007069 -0.002801 -0.009881 -0.003194 -0.009199 -0.005239 -0.005619 -0.004466 -0.012528 -0.004472 -0.004392 -0.006709 -0.003659 -0.013886 -0.005209 -0.010484 -0.010984 -0.008208 -0.013342
-0.087394 0.057577 -0.117373 -0.019444 0.051189 -0.038916 -0.027991 0.025431 -0.159865 0.094588 0.009294 0.017722 -0.146912 0.114147 -0.072687 -0.162124 -0.024169 -0.161356 0.115726 -0.031727 0.120073 0.149200 -0.006312 0.139649 0.029667 -0.148745 0.114644 -0.031527 -0.014424 0.124561 0.069828 -0.132001 0.064013 -0.030690 0.107248 -0.178905 0.080301 -0.219773 0.144190 -0.067882 0.003758 -0.023893 -0.091755 -0.096912 0.071685 -0.134649 -0.046986
0.038854 0.020239 -0.047031 0.051043 0.116760 -0.106488 0.010501 0.093627 0.036852 0.126044 -0.109720 0.026398 0.001513 -0.120706 0.000250 -0.091914 0.056115 -0.073168 -0.006020 -0.014958 -0.119483 -0.099529 0.056383 -0.069867 0.071428 -0.026313 0.074280 -0.174185 0.100240 0.071204 0.070995 0.061272 0.059775 -0.048242 0.041797 0.011041 0.103222 0.027568 -0.179925 -0.034083 -0.029990 -0.013840 0.082311 -0.032553 0.118215 -0.035994 0.040413
-0.003167 -0.003536 -0.010115 -0.008337 -0.009851 -0.008591 -0.004636 -0.005373 0.951160 -0.006569 -0.079269 -0.002150 -0.003518 -0.017670 -0.003613 -0.006109 -0.008311 -0.032041 -0.003035 -0.001445 -0.044929 -0.002642 -0.004362 -0.004167 -0.003516 -0.005919 -0.010904 -0.049903 -0.006728 -0.001711 -0.006102 -0.003073 -0.002939 -0.004189 -0.003700 -0.002704 -0.007684 -0.002858 -0.003017 -0.006876 -0.002458 -0.000561 -0.003575 -0.004522 0.001472 -0.005469 -0.008346
-0.100001 -0.103370 0.018287 -0.043048 -0.153615 -0.011993 -0.038658 -0.002322 -0.177976 0.147900 -0.155140 -0.033401 -0.014622 0.033109 0.006062 0.055144 -0.121099 -0.070746 0.110254 -0.045550 -0.008784 -0.085534 -0.107879 0.148211 -0.058137 -0.168113 -0.011608 -0.067558 0.106534 0.125160 -0.008107 0.109962 -0.184976 0.048025 -0.064646 -0.050377 0.099250 0.097902 0.029897 -0.096190 -0.118522 0.031544 0.090969 0.072310 -0.020697 0.052888 -0.158931
-0.003502 -0.003413 -0.010177 -0.007413 -0.022716 -0.009031 -0.006417 -0.017448 -0.012792 1.139918 -0.110624 -0.028345 -0.005190 -0.025821 -0.003856 -0.009013 -0.011988 -0.044787 -0.004227 -0.002199 -0.064356 -0.003820 -0.006118 -0.005882 -0.004879 -0.007829 -0.012900 -0.073495 -0.007084 -0.002536 -0.008681 -0.003203 -0.004339 -0.004905 -0.006250 -0.004462 -0.010306 -0.004315 -0.004292 -0.006716 -0.003659 0.016593 -0.005041 -0.006626 0.029749 -0.007666 -0.011807
-0.042448 0.161009 0.074449 0.103180 -0.136808 0.059489 -0.062643 0.117858 -0.007270 0.147393 -0.003089 0.036038 0.095818 -0.047042 0.118003 0.054354 -0.137424 0.066120 0.204912 -0.008261 0.050494 0.076673 0.033488 0.056861 0.054220 -0.078936 -0.027706 -0.029361 -0.068282 -0.160560 0.054344 -0.014335 0.120450 -0.185875 -0.275191 -0.246553 -0.076947 0.088898 -0.127397 0.085184 0.065023 0.108269 0.182528 -0.099957 0.098698 -0.064716 -0.126683
-0.003685 -0.099358 -0.003353 -0.006032 0.000017 -0.000308 0.003052 0.003955 0.005197 0.002264 -0.006561 -0.000920 -0.004287 -0.000437 0.000089 0.002317 0.003975 -0.003204 0.119430 0.003824 -0.011625 0.655384 0.000890 -0.006334 0.004657 -0.005517 -0.000888 -0.015674 0.002107 -0.004971 0.004917 -0.004820 -0.005282 -0.000424 0.002866 0.003821 0.003952 -0.000263 0.005251 0.005073 0.004574 -0.009508 -0.000042 0.005748 -0.001840 0.002239 -0.022031
-0.002957 -0.003242 -0.022158 -0.006675 -0.009034 -0.007451 -0.012753 -0.005802 -0.010436 -0.006587 -0.085690 -0.021741 -0.003300 -0.020337 -0.002991 -0.005687 -0.009439 -0.034028 -0.002949 -0.003986 -0.049892 -0.002321 -0.004615 -0.007970 -0.003762 -0.003929 -0.012304 -0.058224 -0.004520 -0.002034 -0.008989 -0.002447 -0.004282 -0.003504 -0.004133 -0.003545 -0.013643 -0.006797 1.195452 -0.004838 -0.002517 -0.010312 -0.004142 -0.004835 -0.008612 -0.006040 -0.016964
-0.050777 0.067937 -0.003205 -0.059632 -0.004880 0.018758 -0.021715 -0.116677 -0.226367 -0.067504 -0.066033 -0.201074 -0.111904 0.205323 0.026748 -0.148801 0.148023 -0.000425 0.030465 -0.081674 0.092700 -0.090222 0.206620 0.034148 -0.162891 0.098290 0.084169 -0.001662 0.053585 -0.000121 0.019768 0.084818 -0.008981 -0.183225 -0.041186 0.032488 0.036824 0.011337 -0.133410 0.012011 0.033972 -0.080846 0.156567 0.133842 0.101210 -0.120012 0.106884
-0.004937 -0.006613 -0.011456 -0.009052 -0.018823 -0.012960 -0.008893 -0.010384 -0.037993 -0.011649 -0.155575 -0.040302 -0.007196 -0.036353 -0.005462 -0.011441 -0.017064 -0.062119 -0.006169 -0.002875 -0.051805 -0.004593 -0.009608 -0.009553 -0.006945 -0.007021 -0.021881 -0.101549 -0.010805 -0.003941 -0.012595 -0.008494 -0.006807 1.110941 -0.016749 -0.008354 -0.016420 -0.006938 -0.005696 -0.008623 -0.005221 -0.019584 -0.011308 -0.013235 -0.015144 -0.009088 -0.015360
-0.187039 -0.108761 0.057860 -0.170722 0.037056 -0.144122 0.052816 0.160472 0.071820 -0.120207 -0.126814 0.060511 0.087782 -0.053460 0.040872 -0.025210 -0.083172 -0.080246 0.030184 0.223266 0.089090 0.100448 -0.026695 -0.063040 0.058625 -0.219116 0.190145 -0.163567 0.036539 -0.019227 -0.079443 0.019357 0.082225 -0.024082 -0.048471 -0.037061 0.028176 0.060011 -0.041891 0.036256 0.126544 0.095915 -0.001533 -0.084463 0.021347 -0.132338 -0.042465
-0.010366 0.038757 0.003069 -0.045530 -0.069436 0.013920 0.153162 -0.024869 -0.071773 -0.041813 -0.063149 -0.013555 -0.040983 0.138433 0.158051 0.140788 0.042117 -0.060387 -0.146075 0.086394 0.055325 0.002984 0.050129 0.154185 -0.110468 -0.021604 -0.070635 -0.244635 -0.114068 0.037805 0.087774 -0.076476 -0.010323 0.144153 -0.087561 0.078980 -0.134931 0.070756 -0.094958 -0.120576 0.083435 -0.161883 -0.100201 -0.068423 -0.053194 -0.089062 0.168582
0.004673 0.168773 0.040048 -0.123130 -0.005973 -0.065273 -0.072653 0.047971 -0.029817 0.024769 0.169155 0.206168 0.037447 0.070345 -0.120629 0.157880 0.054558 -0.208712 -0.007109 0.035047 0.098188 0.001934 -0.054081 -0.131209 0.049924 -0.009203 -0.136515 -0.066548 -0.141092 -0.052012 -0.163499 -0.197327 -0.042111 -0.125335 -0.063583 -0.057679 0.002697 -0.132007 -0.168172 -0.021343 0.156369 0.035497 0.159836 0.058529 -0.057050 -0.059180 -0.045524
-0.057536 0.143856 -0.047069 0.034924 0.076891 0.088443 -0.070200 0.187487 0.075868 0.022252 -0.033243 -0.101545 -0.028968 0.105252 0.206623 -0.032786 -0.250587 -0.225045 0.030195 0.260462 0.179771 -0.167163 0.066609 -0.122609 -0.088777 -0.104173 -0.068034 -0.264650 0.057757 -0.102709 -0.152020 -0.089698 -0.023207 0.004178 0.079910 0.108935 -0.077523 0.017463 -0.218062 -0.036596 0.034614 -0.000404 -0.100862 0.050388 0.094404 -0.125056 -0.036951
-0.232559 0.023550 -0.035317 -0.000692 -0.161175 -0.026688 -0.050586 0.079024 -0.053930 -0.083370 -0.160919 -0.121896 0.098550 0.044252 0.050269 -0.050893 -0.051234 -0.115234 -0.053515 0.061502 0.100040 0.116780 0.162034 -0.091950 0.161701 -0.078468 -0.034718 0.094325 -0.073294 0.163057 0.083123 0.054352 0.158584 -0.167817 0.043966 0.121637 0.067514 0.013859 -0.112348 -0.046620 -0.066412 -0.061819 -0.088444 0.098159 0.106845 0.118411 -0.144838
-0.018305 0.007649 -0.021031 -0.064705 -0.078766 -0.058375 0.251441 0.148703 0.100562 -0.005906 0.100431 0.065175 0.167588 -0.166510 0.024614 -0.079282 -0.020897 -0.077516 -0.202158 0.043248 0.072404 0.062817 0.059385 -0.109892 0.017889 0.000136 0.071199 -0.042701 -0.028326 0.029301 -0.015876 0.208153 0.113146 0.073716 -0.173459 0.000763 -0.101265 0.028207 0.079731 -0.060872 0.064069 -0.049934 0.039927 -0.001960 0.047557 0.069382 0.102905
0.770157 -0.002497 -0.008027 -0.004839 -0.009014 -0.005666 -0.006693 -0.005078 -0.007737 -0.005217 -0.072789 -0.014732 -0.005259 0.010021 -0.002448 -0.005085 -0.007517 -0.029395 -0.002621 -0.001528 -0.042314 -0.002474 -0.003917 -0.003689 0.216178 -0.002651 -0.005994 -0.048556 -0.005071 -0.001744 -0.006445 -0.002273 -0.002961 -0.003226 -0.003826 -0.002983 -0.006558 -0.002538 -0.001826 -0.003809 -0.002263 -0.008019 -0.003288 -0.004054 -0.006815 -0.005026 -0.007813
-0.132303 -0.077083 0.006424 0.038783 -0.044872 0.018044 0.002793 0.010189 -0.030913 -0.020368 0.121630 -0.051995 -0.133892 0.011332 -0.010902 -0.078978 0.013052 0.148269 -0.195614 0.004399 -0.078591 0.034918 -0.162853 -0.009901 0.016432 0.097125 0.051631 0.117402 0.021290 -0.170438 -0.090762 -0.203123 0.191222 0.007871 0.072309 0.047153 0.151635 -0.106721 0.097826 -0.107454 0.121234 -0.077143 -0.043237 0.042197 0.021207 -0.076180 0.074096
-0.014852 -0.036482 -0.033521 0.009720 -0.038702 -0.041256 -0.113394 -0.129012 0.079838 -0.065423 -0.064706 0.073727 0.019667 -0.004313 -0.022037 0.041870 -0.081061 -0.043688 0.028572 -0.013480 -0.038281 0.060267 0.082702 -0.261904 -0.131160 0.085021 -0.003742 -0.210587 0.087804 0.009878 -0.111005 -0.119555 -0.010286 0.020132 -0.057443 0.029530 -0.006117 0.033607 -0.021875 0.010138 -0.035161 -0.061833 0.080869 -0.079370 -0.181258 0.143799 0.128811
-0.012755 -0.003819 -0.019271 -0.013697 -0.015357 -0.010216 -0.006749 -0.008966 -0.011411 -0.005694 -0.120443 -0.029282 -0.011767 -0.029429 -0.004715 -0.008893 -0.011074 -0.050178 -0.004678 -0.002741 -0.072740 -0.004079 -0.008612 -0.006806 -0.016418 -0.005610 0.017356 -0.074158 -0.007115 -0.003064 -0.026008 -0.003823 -0.005335 -0.005432 -0.006560 -0.006512 1.208075 -0.004484 -0.005242 -0.008249 -0.004060 -0.002954 -0.005760 -0.003286 -0.002905 -0.007587 -0.012905
0.153040 -0.150100 0.223478 -0.047295 -0.045002 -0.195059 0.012344 0.039020 -0.003904 0.111800 -0.054260 0.090293 -0.035426 0.195797 0.014598 0.069513 -0.112301 -0.148640 0.022850 0.120859 -0.143170 0.005306 0.001752 0.095423 0.047474 0.012900 0.028367 -0.108304 0.023385 -0.077117 -0.022293 -0.124135 -0.086842 0.015948 -0.040776 0.002046 -0.185611 -0.103287 -0.019445 -0.038880 -0.062104 -0.128633 -0.069855 0.221028 0.021167 0.087718 0.026572
0.040491 -0.089634 0.133169 0.070972 -0.007798 -0.086510 0.054412 0.062539 -0.144601 0.086790 0.110302 -0.030708 -0.041689 0.120159 0.012124 -0.094496 -0.076248 0.056765 -0.031026 -0.016426 -0.008907 0.032945 -0.094141 -0.020347 -0.072784 -0.013905 0.060959 0.136858 -0.081771 0.141051 -0.121421 -0.024933 0.035552 0.144214 -0.052306 -0.006240 -0.005600 0.059719 0.155109 0.079175 -0.085861 -0.138025 -0.104317 -0.170921 -0.102746 0.005867 -0.109124
-0.186445 -0.044060 -0.113336 -0.231495 -0.064487 -0.181540 -0.039358 -0.026168 -0.032584 0.031471 0.068680 0.111275 0.025634 0.062641 0.161371 -0.088795 -0.314265 -0.080020 -0.203441 -0.069109 -0.052120 0.145540 -0.051024 -0.131168 -0.064924 -0.182885 -0.013180 -0.121108 -0.021005 0.252416 0.062330 -0.010022 -0.015517 0.021988 0.106766 -0.150316 -0.113637 -0.030227 -0.058288 -0.083035 -0.055573 -0.048842 -0.129608 -0.291254 0.112580 -0.107740 -0.008116
0.051996 0.262054 -0.169948 -0.170324 -0.004999 -0.167891 -0.008878 -0.114199 0.092807 -0.319410 -0.116354 0.064260 -0.113725 0.056253 -0.059476 -0.084932 0.199000 -0.138261 -0.021409 0.002880 0.099794 -0.000292 0.054412 -0.029044 0.055517 -0.124993 -0.036972 -0.090224 -0.060381 0.186031 0.068194 0.047516 0.188012 -0.028440 -0.051877 -0.020681 0.065697 0.064569 -0.063620 -0.122699 0.211565 0.064053 0.040780 0.181895 -0.092898 0.035083 -0.026100
-0.061016 0.001666 0.051071 0.072063 0.100990 -0.043016 0.062689 -0.008960 0.045196 0.016078 0.060823 -0.047982 0.035394 0.031991 0.151796 0.079043 -0.075832 -0.034926 -0.081551 -0.020060 0.041249 -0.041084 0.139887 -0.111370 0.155445 -0.236661 -0.009146 -0.198924 -0.170597 0.200797 -0.004501 -0.012804 0.089775 0.126827 -0.205184 -0.143197 0.147884 0.070128 -0.013906 -0.040123 0.058417 -0.015639 -0.055715 -0.006113 -0.002909 0.064772 0.072193
-0.126687 0.024850 0.067383 -0.006409 0.088955 0.050422 -0.105096 0.203092 -0.146351 -0.223294 -0.059199 -0.052506 -0.034677 0.273433 -0.001425 -0.076928 -0.201977 -0.260224 -0.258078 0.058058 -0.010973 -0.106149 -0.112141 -0.024224 -0.000674 -0.027134 -0.016118 -0.094321 -0.157866 0.072914 -0.058814 -0.070868 0.026597 0.110330 0.032586 0.033008 -0.016693 -0.224885 -0.065914 -0.222322 0.041088 -0.163368 -0.105137 -0.046754 -0.026614 -0.042780 -0.032564
-0.050941 0.070223 -0.110741 0.068167 0.052031 -0.039195 -0.054470 0.096904 0.031843 -0.193063 0.021843 -0.081217 0.008927 -0.005120 0.116205 0.037199 0.169403 0.074643 -0.189781 0.161576 0.227463 -0.114285 0.010138 0.036473 0.018537 -0.041079 0.155290 -0.138057 -0.148777 0.151810 -0.050943 -0.167135 0.010450 -0.105871 -0.077304 -0.187083 0.116489 0.161643 -0.148477 -0.213296 0.125007 -0.131657 -0.130484 -0.041982 0.028858 -0.142715 0.156669
0.124109 0.025600 -0.066739 -0.082170 0.000281 -0.108899 0.095614 0.184168 0.123148 0.062532 -0.065709 -0.022644 0.004277 0.054602 0.146933 0.077779 -0.215903 -0.266585 -0.136169 -0.114822 0.086370 0.092226 -0.047168 -0.020501 0.062458 -0.131065 0.066843 -0.242692 -0.140341 0.179291 -0.023110 -0.096059 0.158638 0.004650 -0.001587 -0.096985 0.056261 -0.008104 -0.076137 -0.045992 0.118470 -0.005871 -0.023428 0.015554 0.170983 -0.213091 -0.125407
-0.206863 -0.056713 -0.066232 -0.142141 0.261575 0.187040 0.097657 -0.063488 -0.257517 -0.091658 -0.211828 -0.144098 -0.125812 0.124255 0.097594 0.078686 0.025634 -0.032479 -0.018329 0.169776 0.019192 -0.152702 -0.196804 -0.006907 0.046822 -0.064973 -0.023884 -0.170221 -0.132567 0.047133 -0.139017 -0.093161 -0.085819 -0.063737 0.014912 -0.144554 0.016441 -0.014501 -0.111158 -0.115316 0.125501 -0.007161 0.065631 0.105967 0.173738 -0.161960 -0.021423
-0.045749 -0.021973 -0.086714 -0.000094 0.131814 -0.209388 -0.143327 -0.004896 0.193327 0.089165 -0.180983 0.015321 -0.133130 -0.034831 -0.001730 0.065833 -0.067565 0.044223 -0.054775 -0.011187 -0.103272 0.016056 -0.037804 -0.002641 0.160840 -0.078039 0.159096 -0.113983 -0.082457 0.080748 0.071106 0.029016 -0.168443 0.044065 0.032215 0.079112 0.062122 -0.041885 -0.145166 -0.141758 -0.051902 -0.032888 -0.039028 -0.047857 -0.109035 -0.120514 -0.201099
0.055441 0.004068 0.059991 -0.173372 -0.019673 -0.017283 -0.051504 0.045530 0.014429 0.026620 0.086719 -0.171888 0.054759 -0.045024 0.146815 -0.209159 0.092232 -0.053058 0.003654 0.041429 -0.095733 0.047317 -0.004069 -0.051404 -0.036438 0.125666 -0.090424 0.102471 0.001011 -0.130734 0.030751 -0.031586 0.329438 0.011992 0.065800 0.092989 0.083024 0.147048 -0.002257 -0.054671 -0.015518 0.111177 0.027558 0.261560 0.066072 -0.000800 0.091171
0.142451 0.162980 0.004941 0.116262 0.082470 0.090527 -0.000556 0.024114 0.092134 -0.008517 0.079977 -0.004116 0.013757 -0.017401 -0.057552 0.210947 0.114884 0.106001 -0.135764 0.045256 0.135973 -0.162077 0.232192 -0.035920 -0.145349 0.167255 0.131580 0.066263 0.063834 0.109449 0.075771 0.024385 -0.102066 -0.147787 -0.076404 -0.109256 -0.118287 0.013449 -0.104867 -0.066357 0.174276 -0.195516 0.125957 0.140867 0.007358 -0.078475 -0.065700
-0.378877 0.000346 0.000788 -0.000127 -0.000490 -0.000477 0.001238 -0.000193 0.000640 -0.000688 -0.003904 -0.004134 -0.000996 -0.018274 0.000008 -0.000338 -0.001056 -0.001600 -0.000032 -0.000042 -0.002102 -0.000240 0.000196 -0.001718 0.518658 -0.000834 -0.004820 -0.002553 -0.000460 -0.000063 0.000410 -0.000191 0.000022 -0.000203 -0.000245 -0.000116 -0.004359 -0.000087 -0.000645 -0.002334 -0.000097 -0.001218 -0.000300 -0.001044 -0.000764 -0.000466 -0.000136
-0.180721 -0.099040 0.021858 -0.044529 0.005522 -0.042721 0.038009 -0.113082 0.087610 0.003537 -0.170247 0.036244 0.019229 0.036016 0.068656 -0.039672 -0.004131 -0.047478 0.059250 -0.048978 0.142009 -0.130061 0.210623 -0.036679 0.135128 0.020385 -0.087020 -0.257822 0.077737 -0.014702 -0.041820 0.275646 0.111732 0.106579 0.073539 0.015003 -0.223249 0.108374 0.098525 0.037414 -0.026921 -0.053287 0.117520 0.085762 -0.011211 -0.032734 0.018793
-0.001647 -0.001690 -0.006387 -0.004428 -0.007523 -0.009847 -0.141019 -0.004279 -0.017283 -0.004807 -0.064825 -0.015488 -0.002584 0.001181 -0.001992 -0.004407 -0.011119 -0.025735 -0.002658 -0.001548 -0.036455 0.000022 -0.003356 -0.003264 -0.003242 -0.002805 -0.009082 -0.042846 -0.004183 -0.001453 -0.004104 -0.002010 -0.002545 -0.003004 -0.003160 -0.002306 -0.006239 1.069623 -0.003951 -0.002974 -0.002294 -0.007762 -0.024799 -0.002998 -0.006240 -0.004456 -0.012531
-0.172744 -0.265946 -0.007729 0.079926 -0.044398 -0.095682 0.034484 0.112596 0.062468 -0.062919 0.090409 0.016876 0.078821 0.105428 -0.161563 0.070308 0.009399 -0.047521 -0.076504 0.043365 -0.062577 -0.025672 -0.155617 0.119756 0.014401 -0.073973 0.073747 -0.064663 0.036445 -0.145003 -0.039916 -0.059774 0.080514 0.135859 0.028576 0.051522 -0.005727 0.086426 -0.069858 0.145956 -0.100183 -0.029795 -0.086350 -0.186245 0.084365 -0.081231 0.039306
-0.006376 -0.005765 -0.020214 -0.012137 -0.030775 -0.016413 -0.010880 -0.013503 -0.020335 -0.014908 -0.191340 -0.050176 -0.008814 -0.045522 -0.007117 -0.013772 -0.021705 -0.052805 -0.007897 -0.003784 -0.109175 -0.006727 -0.023520 1.215860 -0.009534 -0.014943 -0.027415 -0.129226 -0.011519 -0.004888 -0.023737 -0.005868 -0.029705 -0.009080 -0.010373 -0.008010 -0.019591 -0.008421 -0.012681 -0.011849 -0.006399 -0.024519 -0.008538 0.031034 -0.019456 -0.013344 -0.020925
-0.117636 0.067719 0.018283 -0.025617 0.049959 0.003954 0.027285 -0.143004 -0.021098 0.061132 0.025591 -0.067686 -0.015737 0.219964 0.145034 0.085740 0.019223 -0.108156 -0.158330 0.135461 0.118953 0.107877 -0.171682 0.025437 -0.134427 -0.215678 -0.002759 -0.161791 -0.115182 0.073457 0.169670 -0.018128 -0.110086 0.224689 0.055033 0.075163 -0.001565 0.054646 0.037994 -0.076680 0.013567 -0.094991 -0.080114 -0.110403 0.010065 -0.177612 -0.003453
-0.108070 0.314307 0.052525 -0.328367 -0.095524 0.028504 0.031443 0.097107 -0.182328 -0.043752 0.106837 0.008316 0.063949 0.277775 0.042061 0.112376 -0.124681 -0.064757 -0.088764 -0.063586 -0.106056 0.017022 -0.106157 -0.055056 0.017817 -0.031855 0.221094 -0.069610 0.044364 0.140559 -0.052566 -0.001493 -0.113380 0.019574 -0.100186 0.037727 -0.081776 0.027856 -0.115417 -0.081994 -0.068698 0.039478 -0.000265 0.053910 -0.099388 -0.380342 -0.038407
-0.102607 0.079786 -0.010563 -0.082566 0.044640 0.055295 0.013403 -0.006442 0.062394 -0.031011 -0.146504 0.077053 -0.023643 0.126116 -0.056506 -0.014673 0.134702 0.013138 -0.037319 0.182543 0.055640 0.001784 0.014781 0.011074 -0.089646 -0.119411 0.177001 -0.118927 0.033793 0.020292 0.028992 -0.093678 0.036731 0.110670 -0.020376 0.034301 0.104125 0.021156 -0.008085 0.099754 0.200459 0.041843 -0.110266 -0.032433 0.098476 -0.146968 -0.086282
-0.113240 0.024863 -0.090761 0.008463 -0.022317 -0.049620 -0.037845 0.246811 -0.021007 0.010756 -0.030609 -0.097493 0.046451 0.098974 0.101723 0.022159 -0.058592 -0.169688 -0.121659 0.210978 0.196978 0.054756 0.138358 -0.042566 0.053618 -0.199419 0.214226 -0.163966 0.011344 0.124176 0.014691 0.013787 0.042934 0.079350 -0.011895 -0.016311 -0.119553 0.032211 -0.133656 -0.048235 0.223267 -0.015991 -0.128414 -0.059576 0.053797 -0.027327 0.042943
-0.071081 -0.001544 0.023491 0.109365 0.025353 0.135054 0.079901 -0.020277 -0.033066 -0.012242 -0.106794 -0.084252 0.040058 0.028967 -0.028719 -0.019098 -0.022436 -0.133010 -0.075826 0.082620 0.042632 -0.073989 -0.235150 -0.083452 -0.084593 -0.056740 -0.066486 -0.120251 -0.163208 0.150031 -0.168085 -0.010498 0.047662 0.094689 -0.071509 -0.068925 -0.288574 -0.063275 -0.220806 -0.060849 0.156897 -0.047649 0.001064 -0.234761 0.076590 0.098482 -0.083437
-0.085536 0.021541 0.035943 -0.060096 0.061316 0.100683 -0.038745 0.157721 -0.100424 0.036701 0.038873 -0.032092 -0.008096 0.009406 0.031654 -0.097762 -0.104639 -0.051971 -0.055770 0.166215 0.079774 0.147661 0.113220 -0.000387 0.002992 -0.179739 0.094092 -0.084260 -0.063610 -0.018739 -0.112674 0.000565 0.093203 0.044096 0.049665 -0.048242 -0.119834 0.028850 -0.074180 -0.121319 -0.063711 0.099504 -0.005262 -0.099223 0.145983 -0.155753 0.020682
-0.002255 -0.001985 -0.006417 -0.004168 -0.008059 -0.007978 1.047616 -0.004495 -0.007382 -0.004828 -0.065224 -0.016660 -0.003996 -0.015767 -0.003344 -0.004886 0.007164 -0.026348 -0.002264 -0.001339 -0.037508 -0.003016 -0.003711 -0.003491 -0.003540 -0.002858 -0.008866 -0.043484 -0.004920 -0.001602 -0.007951 -0.001876 -0.002398 -0.002838 -0.003387 -0.002648 -0.006621 -0.002691 -0.003626 -0.003582 -0.001201 -0.007335 -0.004010 -0.003574 -0.006319 -0.004510 -0.006947
0.020741 0.159073 -0.088613 -0.059099 0.200540 0.161468 0.025280 0.046422 0.200241 0.051464 -0.087594 -0.032060 -0.087422 -0.077275 0.130365 0.049578 0.015682 0.050670 -0.119692 -0.190132 0.103469 0.085135 -0.056724 -0.109510 -0.172307 -0.059088 -0.126055 0.046381 -0.068825 0.005779 0.013801 -0.036701 -0.052060 0.030315 -0.178574 0.015461 0.037736 -0.019375 0.097484 -0.035320 0.063202 0.072406 0.074085 -0.074078 0.112551 -0.167549 -0.095357
-0.030298 0.100353 -0.155364 0.043233 0.244255 -0.301734 0.027781 0.053495 0.209163 0.163664 0.044671 -0.052574 0.001666 -0.123180 0.155740 0.075412 -0.054305 0.020617 -0.101453 0.217781 -0.045780 0.212093 0.012372 0.110842 0.115578 -0.159298 0.030436 -0.106315 0.028684 0.027261 0.110780 0.009208 0.045892 0.039982 0.048425 0.073006 -0.035439 -0.003053 -0.127381 0.134063 0.011434 -0.044894 -0.058136 0.179352 0.114927 -0.007543 0.025814
0.060023 0.037645 -0.104438 -0.002800 0.001784 0.005149 -0.047358 -0.048917 0.145739 -0.015736 -0.005558 0.030923 -0.034834 -0.021893 -0.052392 -0.123389 0.075351 0.052916 0.092670 0.039896 0.188513 -0.056872 -0.098890 0.106927 0.059028 0.102196 0.106506 0.119893 -0.015335 0.056997 0.184568 -0.147311 0.127100 0.104744 -0.136623 -0.056897 -0.087319 -0.188691 0.130840 0.016182 0.069768 -0.009508 0.070477 -0.027249 -0.005522 -0.151421 -0.010149
0.045053 -0.019809 -0.079911 -0.110159 -0.111781 -0.088304 0.186876 -0.129328 -0.003841 0.038657 -0.130240 0.026565 0.013766 -0.055911 -0.023711 -0.175946 0.024961 -0.145268 -0.005051 0.060209 -0.101904 -0.064206 0.026611 -0.077420 0.082198 0.173663 0.202025 0.026045 -0.117906 0.014532 0.023789 -0.055650 -0.096226 0.074106 -0.096434 0.094726 0.007783 0.086087 0.212348 0.124013 -0.141269 0.032689 0.101776 0.020368 -0.045128 -0.008338 -0.166455
-0.002261 0.808818 -0.006409 -0.004787 -0.009187 -0.006310 -0.002799 -0.005285 -0.009376 -0.005704 -0.076230 -0.019695 -0.002698 -0.017787 -0.002551 -0.005491 -0.008650 -0.030907 0.054572 -0.002003 -0.044403 0.096041 -0.004305 -0.003812 -0.003258 -0.003266 -0.010704 -0.050339 -0.004408 -0.001708 -0.005979 -0.002144 -0.002681 -0.003621 -0.005669 -0.003253 -0.007490 -0.002939 -0.003577 -0.004825 -0.002485 -0.008865 -0.004149 -0.004531 -0.007433 -0.006035 -0.011377
-0.010814 -0.003541 -0.009861 -0.053947 -0.001107 0.014546 -0.000615 -0.000477 -0.001378 -0.001289 -0.030128 -0.009367 -0.002485 -0.006467 -0.000139 -0.002048 -0.002201 -0.011359 0.003149 1.188518 -0.016368 0.000722 -0.000191 0.005538 -0.006472 -0.002637 -0.004196 -0.022049 -0.012850 0.003095 -0.027511 0.002980 -0.003725 -0.002509 -0.003643 -0.000108 -0.005339 -0.006292 -0.159726 -0.001158 -0.002200 -0.004075 0.001227 -0.000967 -0.000177 -0.002315 -0.001439
-0.035838 -0.140340 -0.101507 -0.074113 0.006844 0.054084 0.056056 0.017289 -0.117717 0.020907 0.071524 0.087585 -0.088778 0.011856 -0.037997 0.051261 -0.048285 -0.242950 0.006178 0.003467 0.045648 -0.104246 0.126503 -0.071409 0.101871 0.033735 0.090609 -0.252915 -0.117923 0.066414 0.047136 -0.184367 -0.025007 0.176029 -0.178674 -0.024539 0.238373 0.165321 -0.148781 -0.215633 0.075169 0.164344 -0.139541 -0.189749 0.103540 -0.116552 0.196316
-0.331199 0.042270 0.003086 -0.131026 0.020359 0.022795 -0.007361 -0.018414 -0.265899 -0.095498 -0.161868 -0.106596 -0.039622 0.006532 -0.039532 0.070132 -0.062337 -0.040378 0.075381 0.143806 0.185562 0.079314 0.062355 -0.138825 -0.028429 -0.078969 -0.014616 0.021930 -0.171643 0.188013 -0.035530 -0.108847 0.073411 0.116925 -0.009201 0.157709 -0.081505 -0.105542 -0.130989 -0.001790 0.117323 -0.066585 0.022552 -0.172922 -0.104671 -0.098382 -0.219854
-0.002478 -0.017932 -0.004638 0.005944 0.052463 0.131011 -0.126868 -0.094203 -0.169809 -0.075852 -0.104112 -0.044377 -0.100924 0.079154 0.146154 -0.044579 -0.086656 -0.210770 0.030934 0.144612 0.116461 0.059545 -0.096018 -0.208161 -0.095433 0.002205 0.010569 -0.022453 -0.139885 -0.086641 -0.027696 -0.013647 -0.005459 -0.019110 -0.094112 -0.085397 -0.081070 0.041527 -0.014263 -0.171270 0.044024 -0.039848 -0.086369 -0.108116 -0.006836 0.004031 0.102789
-0.002749 -0.003249 -0.010786 -0.005669 -0.013397 -0.014955 -0.013055 -0.007235 -0.009074 -0.006100 -0.090137 -0.023109 -0.003903 -0.021527 -0.005216 0.821449 -0.009748 -0.036350 -0.003944 -0.001550 -0.052746 -0.003270 -0.004955 -0.004766 -0.003709 -0.018277 -0.012473 -0.060392 -0.005397 -0.002974 -0.007114 -0.002641 -0.003545 -0.003796 -0.005045 -0.003438 -0.008617 -0.003507 -0.003373 -0.004497 0.191307 -0.010574 -0.004028 -0.004835 -0.008636 -0.008963 -0.019405
-0.104591 -0.005868 0.099375 -0.157830 0.050788 -0.038977 0.003743 0.143781 0.162597 0.119517 -0.156860 -0.039831 -0.135154 0.080209 0.087664 0.236829 -0.098908 -0.021071 -0.044210 0.123140 0.012109 0.025656 -0.015222 -0.130883 0.080945 -0.140359 -0.013174 -0.061402 -0.212053 -0.000876 0.024470 -0.021925 0.015191 0.171593 -0.044593 -0.009227 0.153725 0.010935 -0.171712 -0.057623 0.062143 0.134838 -0.133324 -0.076489 0.156490 -0.060885 -0.040093
-0.078298 0.087802 -0.004876 -0.093034 0.019316 0.084059 -0.153648 0.027402 0.058690 -0.095760 0.014311 0.100820 0.080655 -0.016801 0.234325 0.007857 -0.045166 0.084313 0.153907 0.091750 0.173421 -0.095164 0.162216 -0.043721 -0.064584 -0.190603 0.069030 -0.194256 -0.201856 0.180407 -0.083205 -0.021128 -0.074801 -0.027871 0.057564 0.035208 -0.038602 -0.068210 -0.207961 -0.046257 0.033825 -0.003227 -0.136829 -0.117721 0.151301 -0.057417 0.076990
0.012771 0.158959 0.026537 -0.198424 0.132061 0.152260 -0.010075 0.052735 0.150887 0.028864 -0.095479 -0.074082 -0.090367 0.054082 0.057426 0.066584 -0.097100 -0.078684 -0.021443 0.024178 0.135184 0.114921 0.046665 -0.172389 -0.160885 -0.121849 0.046997 -0.314030 -0.047143 -0.010281 -0.037454 -0.090588 0.037134 -0.028261 -0.042931 -0.225436 -0.142264 0.006873 -0.179022 0.067398 0.229313 -0.016186 -0.212795 -0.001277 0.126120 -0.100375 -0.068598
0.049990 -0.179663 0.050507 0.041041 -0.034869 -0.054971 -0.062325 -0.075735 -0.064545 -0.038745 -0.205883 -0.062251 0.046069 -0.050777 -0.007631 -0.000414 -0.090642 -0.067788 0.017129 -0.100846 0.010113 0.350091 -0.028408 0.074943 -0.097727 0.047502 -0.035580 0.033981 -0.015690 0.084575 -0.101671 0.067914 0.061596 -0.029918 -0.094121 -0.085519 -0.105923 -0.015035 -0.026133 -0.084086 -0.073571 0.124331 -0.032882 -0.101982 0.041479 -0.032970 0.088317
-0.042126 -0.100728 -0.043456 0.031029 0.059378 0.004636 0.090341 0.103082 -0.091669 0.080418 -0.003118 0.031936 0.113744 -0.077876 -0.036508 0.039566 -0.086976 0.128436 -0.348874 0.129308 -0.008756 -0.090211 0.001361 -0.131365 0.037398 -0.061543 0.289050 0.022404 -0.009264 0.008477 -0.009427 0.186655 -0.004696 0.138324 0.024862 0.167881 -0.047701 -0.027804 -0.167475 -0.025554 0.108483 0.296230 -0.163503 0.005854 -0.062770 0.004367 -0.170329
0.048999 -0.025435 -0.123500 0.011814 0.095316 0.043660 -0.054376 -0.066938 -0.046560 -0.013671 0.000390 0.060330 0.081785 0.073082 -0.053544 0.052347 -0.003091 0.088601 0.083095 -0.085264 0.009542 0.082003 -0.066148 -0.032859 -0.056547 -0.056612 -0.076854 0.148813 0.056518 0.011866 -0.016507 0.080633 -0.062975 -0.127403 0.182504 0.071202 0.019377 -0.087456 -0.172153 -0.172707 0.041274 -0.062574 0.070789 0.159921 -0.155711 0.112074 0.208550
-0.002066 -0.027703 -0.013009 -0.004013 -0.008305 -0.005970 -0.024212 -0.006376 -0.006518 -0.005348 -0.070383 -0.017844 -0.010622 -0.016225 -0.003067 -0.004727 -0.008012 -0.028101 -0.017257 -0.002539 -0.035748 1.029181 -0.003785 -0.003948 -0.002838 -0.002733 -0.010121 -0.046320 -0.003693 -0.001854 -0.007506 -0.002129 -0.002771 -0.004315 -0.005076 -0.003416 -0.006318 -0.002842 -0.002786 -0.002858 -0.002392 -0.008631 0.003612 -0.003554 -0.007180 -0.004455 -0.021881
0.082039 0.183571 -0.017789 0.064724 -0.204929 -0.042460 -0.054860 0.185148 -0.320484 -0.090804 -0.059524 0.116971 -0.030351 0.138031 -0.004120 0.134150 -0.134300 -0.012938 0.117058 0.065605 -0.009577 0.052042 0.034146 0.143131 0.168637 -0.123568 -0.238975 -0.206737 -0.085789 -0.014885 -0.005702 -0.002670 0.159403 0.028925 0.013482 0.152315 -0.100979 -0.088857 -0.140342 0.107209 0.083230 -0.062909 -0.043916 -0.112571 -0.088405 0.055231 -0.051687
0.058549 0.069422 0.036096 -0.084030 -0.067901 -0.056736 0.044950 -0.063376 -0.108002 -0.006919 0.038335 -0.022805 0.074094 -0.036087 -0.053275 0.047555 -0.047902 -0.051535 -0.118465 0.018593 0.133461 -0.050456 0.006151 -0.066512 -0.197809 -0.114720 0.055278 -0.124177 0.041814 -0.029620 -0.102725 -0.129887 -0.062310 0.231654 -0.048317 0.055894 -0.091156 0.014157 -0.065289 0.141222 -0.059189 -0.102150 -0.125283 -0.035547 0.059019 0.065959 -0.028856
0.084338 -0.139615 -0.130688 -0.196701 0.094922 0.107090 0.019415 -0.032421 -0.080677 -0.107092 0.092699 0.043176 0.019427 0.008491 -0.077879 0.141620 0.024741 -0.031843 -0.057059 -0.083201 0.068215 0.045494 -0.051211 0.130259 -0.060778 -0.122538 0.006143 -0.053826 0.039758 -0.038528 0.034720 0.001935 0.038828 0.044604 0.207059 -0.015813 0.098147 0.203711 -0.099277 -0.011560 0.030115 0.145540 -0.013320 -0.040151 0.039096 0.016337 -0.101940
-0.042084 -0.025896 -0.012245 0.020730 -0.031386 -0.130579 -0.069858 -0.008509 0.042500 -0.127996 -0.060781 0.061640 -0.008472 0.005428 0.030154 0.172025 -0.210833 0.096924 -0.166079 0.097784 0.085333 -0.021399 -0.053890 -0.015495 0.084341 -0.213584 -0.042930 0.071534 0.151419 0.050111 -0.008619 0.040576 -0.031293 0.047758 0.082765 -0.146978 0.137313 -0.062869 -0.223351 0.083357 -0.009758 0.233809 0.147787 0.080396 -0.006530 -0.167970 -0.074453
0.125783 0.120627 -0.013243 0.048182 -0.028011 -0.056816 -0.018452 0.092728 -0.152310 0.012293 -0.111974 0.017971 0.007198 0.039321 0.128706 -0.142615 -0.005313 -0.266658 -0.049504 -0.016634 -0.048328 -0.041408 0.024593 0.104351 0.044558 -0.080766 0.087199 -0.052523 -0.138427 -0.121927 -0.216033 0.003790 -0.067207 -0.046132 0.013263 -0.164243 0.067146 -0.045857 -0.136086 -0.004171 -0.145336 0.182148 -0.107092 0.058731 0.222990 -0.096212 0.049383
-0.259188 0.013983 -0.189529 -0.188646 0.147058 0.037026 0.163849 0.051341 0.047773 0.227402 0.062600 0.015337 -0.242544 -0.015718 0.145288 0.076079 0.086901 0.001973 -0.039194 -0.078255 0.014523 0.035848 0.032886 0.144428 -0.161621 -0.173274 0.184032 -0.260210 -0.104565 0.173725 -0.029934 -0.292859 0.115061 0.089221 0.109458 -0.125349 -0.150693 0.116771 0.082918 -0.199508 0.124727 -0.091843 -0.080983 -0.088726 0.140033 -0.085769 0.014897
-0.026421 0.032337 0.042674 -0.189933 -0.003029 -0.006675 -0.062828 0.025073 -0.046122 -0.146528 0.000878 -0.140267 0.138424 0.149752 0.090055 0.034472 -0.031521 -0.208653 -0.253138 -0.114323 0.060624 0.130379 -0.047559 -0.072152 -0.002893 -0.081997 0.053782 -0.107851 -0.033841 0.074061 -0.169099 -0.198542 -0.103529 0.181559 -0.058017 -0.365168 -0.124418 -0.028498 -0.092273 0.070935 -0.119053 0.121992 -0.051144 -0.093600 -0.009706 -0.108060 -0.032553
-0.032551 0.060672 -0.025767 0.002046 -0.055089 -0.130314 -0.215154 0.002941 -0.050638 0.073754 -0.002122 0.035623 0.064990 0.112664 -0.062931 0.048746 -0.108395 -0.087694 -0.098524 0.117450 0.207048 -0.109709 0.033705 -0.027599 0.105602 -0.243828 0.038596 -0.007276 -0.043168 0.101982 -0.151506 -0.122259 -0.061607 -0.059317 0.084014 0.041790 -0.050527 -0.270411 -0.080226 -0.062010 0.120150 -0.048811 -0.163214 0.117152 0.119032 -0.166020 0.159684
0.009456 -0.036566 -0.081541 -0.072117 -0.036261 -0.136079 -0.062618 0.053074 -0.140328 -0.015177 0.070788 -0.077372 0.089621 0.191476 -0.039099 0.100154 0.016051 0.098179 -0.036627 0.243636 -0.039098 0.027586 -0.118359 -0.121819 -0.156722 -0.009790 0.167064 0.096271 -0.041787 0.128797 -0.024329 -0.187940 0.190180 0.000882 -0.052841 -0.070749 0.051642 -0.036047 -0.000802 -0.052349 -0.005237 -0.039926 0.000780 0.029251 0.088475 -0.118225 -0.097649
-0.048259 -0.259189 -0.068677 -0.014401 0.020729 -0.038027 -0.006136 -0.034061 -0.082429 -0.041114 0.182083 0.120883 -0.357131 0.068415 0.252076 0.156340 -0.057731 -0.038209 -0.013005 0.004738 0.151460 -0.082275 -0.011356 0.003319 -0.000499 -0.008860 0.023269 0.100437 -0.035061 0.026581 -0.031018 -0.003674 -0.030823 -0.065617 0.041364 -0.034238 -0.023269 -0.029800 0.090077 -0.134381 0.094484 0.030848 0.137097 -0.182662 -0.079790 -0.089547 0.018847
-0.067756 0.014919 -0.005643 0.079152 -0.077584 -0.037790 0.008263 -0.053662 0.068001 0.001765 0.111051 -0.034004 -0.035826 -0.008411 0.046410 0.035155 -0.140546 -0.136710 -0.004421 0.002852 0.251997 0.046224 0.178180 -0.093387 0.029633 -0.080574 -0.082043 0.071230 -0.087750 -0.079605 -0.068571 -0.052280 0.101886 0.025242 0.052753 0.062657 -0.146356 -0.009884 -0.121778 -0.187065 -0.156443 0.041898 0.019282 0.024547 0.027107 -0.038579 -0.077864
0.005037 0.004289 0.014622 0.009512 0.017527 0.012642 0.008821 0.009999 0.014916 0.012168 0.148338 0.038604 0.006937 0.034846 0.005047 0.010418 0.017573 0.061062 0.005270 0.003135 0.089954 0.006085 0.007581 0.007699 0.005496 0.007524 0.022697 0.103224 0.009508 0.003992 0.012513 0.003929 0.006198 0.006795 0.008431 0.005329 0.014697 0.005746 0.005872 0.008383 0.004703 0.017935 0.007295 0.009119 0.015050 0.010765 0.016016
0.000569 -0.009785 -0.005233 -0.004267 -0.009930 -0.006386 -0.004342 0.003358 -0.016116 -0.028844 -0.088822 -0.023917 -0.002347 -0.029641 -0.002901 -0.063125 -0.009360 -0.033560 -0.002956 -0.001849 -0.047713 -0.003043 -0.004695 -0.000377 -0.001369 0.865180 -0.016089 -0.054244 -0.005030 -0.004463 -0.006715 -0.003909 -0.003075 -0.004035 -0.004385 -0.003616 -0.008206 -0.003626 -0.003353 -0.005277 -0.025128 -0.012640 -0.003673 -0.003668 -0.008467 -0.019940 -0.004039
-0.048747 -0.001716 0.083240 0.012199 0.036405 0.092747 0.028908 0.026842 0.162911 0.037921 0.182239 -0.042205 0.071128 0.145766 -0.211352 0.112796 -0.013720 -0.014926 0.071225 -0.061737 0.113031 0.131639 -0.039783 -0.034257 0.046199 -0.031104 0.026013 0.044465 0.150319 -0.023910 -0.071821 0.085817 -0.120507 -0.157039 -0.033434 0.119201 -0.097654 0.044446 -0.039435 -0.035095 0.079423 -0.062897 0.040016 0.057564 -0.153253 -0.114889 0.121356
-0.103130 0.009038 -0.019169 0.027834 -0.078808 -0.091739 -0.025136 0.130343 0.104182 -0.092295 0.078811 -0.114722 -0.014421 0.078163 0.122688 -0.008629 -0.151536 0.190247 -0.077239 0.140710 -0.020284 0.019849 -0.086066 0.003350 -0.216332 0.092212 0.020981 -0.134055 -0.088316 -0.152860 0.035581 0.055284 -0.008282 0.027179 -0.163217 0.032369 -0.050067 0.107278 -0.045616 0.062276 -0.029058 0.078618 0.059774 -0.058081 0.023418 -0.016378 -0.003380
-0.231477 -0.153483 -0.036201 0.007170 -0.105291 -0.068570 0.017818 -0.076950 -0.007469 -0.109277 0.067509 0.154589 -0.155546 0.127966 0.104933 -0.041448 -0.068567 0.031385 0.040293 0.039041 -0.041677 -0.018058 0.104071 0.027395 0.132203 -0.014825 -0.117522 0.041707 0.110226 0.089229 0.066906 -0.055949 -0.017321 -0.045100 -0.216194 0.009222 -0.092259 -0.117223 -0.181509 0.001365 0.110823 -0.096098 -0.018508 -0.024124 -0.130034 -0.099219 0.028791
-0.153681 0.113450 0.080364 -0.023813 0.138295 -0.135533 -0.005854 0.221050 0.095968 0.067821 -0.071491 -0.113377 0.017554 0.279493 0.223145 0.030176 -0.087845 0.055502 -0.100975 0.000074 0.028107 -0.045402 -0.091564 0.053488 -0.048146 -0.124715 -0.004093 -0.128636 -0.099596 0.127029 -0.025291 -0.077381 -0.142604 -0.024344 0.032129 -0.020842 -0.043066 0.039724 -0.036122 -0.121900 -0.110434 -0.131582 0.052976 0.044963 -0.054961 -0.085690 0.019357
0.074218 0.088500 0.088148 0.017239 -0.019139 -0.001674 0.037719 0.404718 -0.109000 -0.210169 -0.020541 -0.085414 -0.172617 0.086810 0.109006 -0.069740 -0.093857 -0.066344 0.007993 0.131646 0.124068 0.059209 0.124695 0.086988 0.047677 0.000378 0.001001 -0.163128 -0.191071 -0.019862 -0.033587 -0.164997 -0.067277 0.116292 -0.029633 -0.034233 -0.008095 0.005548 -0.049330 -0.191982 0.010890 -0.070942 -0.079889 -0.085819 -0.127941 -0.053503 0.072760
0.140098 -0.061961 0.168828 -0.083070 -0.148230 -0.062940 -0.089319 0.062698 -0.210271 -0.013254 0.050592 -0.026626 0.130804 0.155712 -0.082228 0.023026 0.015260 0.018007 -0.037692 0.180383 0.154187 -0.150219 0.165166 -0.059110 0.128588 -0.099440 -0.002833 -0.110296 -0.163871 0.090179 -0.136546 -0.097072 -0.066100 0.256597 -0.070174 -0.085089 -0.013062 0.035441 -0.082061 -0.159693 -0.027242 -0.041830 -0.122665 0.046332 0.090914 -0.032721 0.010939
-0.000326 0.055632 0.110449 -0.084896 -0.086256 -0.101079 0.054366 -0.010165 -0.059585 -0.271633 -0.000060 0.164261 -0.042785 0.217488 0.149585 -0.038039 -0.115545 -0.195644 -0.170899 0.267257 0.362958 0.072463 -0.096999 0.004505 0.183924 -0.045199 -0.001219 0.056384 -0.148120 0.133777 -0.060643 -0.013452 0.026165 0.034870 0.048082 -0.007222 0.000945 -0.097450 -0.279538 -0.077960 -0.043645 -0.107970 -0.155924 -0.016494 0.078389 -0.074419 -0.153914
-0.123459 0.154752 -0.068354 0.021682 0.093158 0.042420 -0.166241 0.216750 0.039424 0.073320 -0.016489 0.031767 0.079075 0.173430 0.063809 0.085566 -0.138612 -0.158221 -0.059020 0.215478 0.101814 -0.036914 -0.010617 0.067051 -0.081117 -0.018431 0.111015 -0.112949 0.032052 0.032419 -0.237823 -0.072166 0.082030 0.066212 -0.004145 -0.180937 -0.138563 -0.017775 -0.102672 -0.079807 0.184645 0.044472 -0.079145 -0.043632 0.182443 -0.215132 -0.056598
-0.064849 -0.109271 0.092091 -0.048528 0.223380 -0.083861 0.028729 -0.063479 0.011246 0.045847 -0.083746 -0.122684 -0.074583 -0.047081 0.138344 0.104123 -0.034816 -0.086898 0.033168 0.021139 -0.073002 0.021231 0.106985 0.214369 -0.126996 -0.017731 0.116256 0.048791 -0.164545 0.070178 -0.122228 -0.080974 0.025023 0.139140 0.031578 -0.130747 -0.133451 0.067289 -0.099204 -0.077572 -0.005125 -0.007545 0.032434 0.209372 0.015780 -0.086676 -0.043266
0.076977 0.036063 0.299089 -0.209039 -0.000151 0.089867 -0.006006 0.109639 0.024909 -0.032317 -0.083932 -0.094226 0.135954 -0.077132 0.038472 -0.093934 -0.083891 -0.148823 -0.055864 0.143121 0.003659 0.119101 -0.003018 -0.070786 -0.050694 -0.037691 -0.063089 -0.096973 -0.119664 0.057020 0.028826 0.016811 -0.018950 0.027131 0.098168 0.030403 -0.009744 0.008652 0.053434 -0.136601 0.125965 0.038405 -0.149388 -0.082684 0.037548 -0.129223 0.224097
-0.001936 -0.001259 -0.003127 -0.002447 -0.004708 0.853879 -0.002177 -0.002447 -0.006231 -0.004108 -0.035952 -0.009215 -0.002700 -0.008466 -0.003585 -0.005063 -0.002434 -0.014501 -0.002447 -0.000634 -0.019917 -0.001294 -0.001941 -0.001885 -0.001915 -0.001483 -0.005041 -0.023887 -0.008721 -0.001109 -0.002960 -0.001006 -0.001324 -0.001506 -0.002138 -0.001340 -0.003525 -0.001323 -0.001403 -0.001779 -0.002304 -0.004345 -0.001556 -0.001956 -0.003600 -0.003703 -0.004333
0.072752 0.007110 0.031441 0.112166 0.086956 0.122518 0.123689 0.075994 0.170752 0.103910 -0.038904 0.157043 0.068162 0.011485 0.082075 -0.197589 0.196509 0.027250 -0.120082 0.115976 0.064334 0.056455 0.038093 -0.092661 0.117100 -0.012530 0.063683 -0.028333 0.134825 0.021580 -0.047230 -0.150719 -0.157735 -0.056800 0.129918 0.090341 0.191475 0.112373 0.017817 0.002725 0.116794 -0.042779 0.107892 -0.065878 -0.039559 -0.110210 0.127788
-0.003302 -0.003114 -0.009394 -0.006227 0.958554 -0.008637 -0.006303 -0.006447 -0.009233 -0.011731 -0.098334 -0.025823 -0.004632 -0.023488 -0.003465 -0.008097 -0.011142 -0.036625 -0.003899 -0.001934 -0.057378 -0.003132 -0.006976 -0.006050 -0.004496 -0.004878 -0.013594 -0.066975 -0.005709 -0.002151 -0.010888 -0.004728 -0.004286 -0.003659 0.002514 -0.004029 -0.010040 -0.003935 -0.004082 -0.005974 -0.003050 -0.011765 -0.004607 -0.005739 -0.008657 -0.006965 -0.016123
0.059733 -0.014144 -0.060916 -0.030297 -0.069562 0.080835 -0.106762 -0.062297 0.073716 0.114961 0.144736 0.003295 -0.006919 -0.143383 0.018298 0.086774 -0.215657 0.162984 -0.050978 0.116880 0.170791 -0.097635 -0.067287 0.113250 -0.052358 0.044902 -0.233955 0.247156 0.125135 -0.034259 0.002638 -0.081811 -0.041841 -0.065983 0.025298 0.042907 0.028408 0.109321 -0.100225 -0.183619 0.010133 0.174154 -0.116117 -0.053021 0.116106 0.061010 -0.043590
0.198268 -0.136592 -0.016421 -0.108820 0.100753 0.103637 0.009500 0.025720 -0.130299 0.044936 -0.160124 -0.077457 -0.092795 0.249435 0.014217 -0.043672 -0.100326 -0.019465 -0.120649 -0.101687 -0.002583 0.041114 0.190369 0.100230 0.226186 0.028736 -0.083355 0.171463 -0.001294 -0.035748 0.031893 0.034070 0.034359 0.035976 0.026473 0.116053 -0.108049 0.125492 -0.007952 0.006461 0.005216 -0.040285 -0.051211 -0.009843 0.010189 -0.153797 -0.036606
-0.002714 -0.003456 -0.006919 -0.009850 -0.120026 -0.013283 -0.004998 -0.010850 -0.021900 -0.014540 -0.081223 -0.018998 -0.003216 -0.020138 -0.001651 -0.003843 -0.009241 -0.033300 -0.001181 -0.005718 -0.048018 -0.007398 -0.004936 -0.004412 -0.002623 -0.009374 -0.013838 -0.054731 -0.004904 -0.004862 -0.000387 -0.022870 -0.005074 -0.035798 1.254962 -0.004404 -0.007425 -0.000386 -0.005523 -0.005992 -0.001975 -0.004095 -0.004505 -0.002927 -0.008412 -0.009355 -0.014142
-0.001269 -0.002538 -0.450033 -0.006489 -0.004897 -0.002482 -0.002319 -0.001592 -0.003202 -0.003065 -0.040728 -0.008168 -0.002252 -0.009868 -0.008291 -0.003539 -0.004732 -0.016213 -0.015137 -0.000106 -0.022362 -0.002169 -0.002896 -0.002259 -0.001924 -0.001618 -0.006809 -0.027261 -0.001195 -0.000567 -0.003027 -0.000934 -0.001517 -0.004104 -0.001970 0.969173 -0.012271 -0.001511 -0.000984 -0.006170 -0.001669 -0.005969 -0.001840 -0.003319 -0.004371 -0.002881 -0.005250
-0.065988 -0.016146 -0.038888 0.092793 0.034369 -0.012915 0.061940 0.090954 -0.010679 -0.140750 -0.127608 0.152997 -0.008973 0.020295 0.181307 -0.092736 0.070304 -0.142860 -0.199540 -0.113640 0.296107 0.127003 0.014661 -0.054362 0.046786 -0.100947 0.019192 -0.111201 0.056685 -0.069109 -0.147080 0.011457 0.075606 -0.103333 -0.006361 -0.082665 -0.259750 0.014675 -0.067708 -0.052829 0.019950 -0.006785 -0.240465 0.038807 0.212028 -0.029753 -0.033959
-0.082109 0.027215 0.005402 0.031890 -0.067714 -0.063542 -0.116549 -0.071688 0.079564 -0.050536 0.099359 -0.052716 0.077411 0.113926 0.241270 0.119308 -0.052619 -0.068963 -0.077487 0.024968 0.140425 -0.178292 -0.097040 0.235893 -0.009674 -0.142133 0.127241 -0.100858 0.088057 0.096011 0.004539 -0.044185 0.103457 0.083209 0.043903 -0.013041 0.070224 -0.060683 0.002338 -0.249559 0.014583 -0.099981 0.012383 -0.147443 0.017366 -0.142939 0.050280
0.131301 0.130483 0.083803 -0.060669 -0.029294 -0.084550 -0.065667 0.140347 0.130490 0.010180 -0.039725 0.140099 -0.033069 -0.039238 0.027972 -0.084939 -0.142207 -0.107174 0.114119 -0.013348 -0.070455 -0.030343 0.020507 0.017613 0.116328 -0.096592 -0.026463 -0.164046 -0.101974 -0.038599 -0.047918 -0.002278 0.034589 0.020004 0.067990 -0.259359 -0.086523 -0.159992 -0.178048 -0.152235 0.014685 -0.015210 0.046378 -0.233749 -0.049501 0.104584 0.108166
0.092375 -0.060767 0.032466 0.096080 0.063467 0.031449 0.049604 0.051176 -0.056775 -0.004425 0.006563 0.232645 -0.118949 0.230473 0.165706 -0.212218 -0.348293 -0.065541 -0.094900 0.104284 0.393222 0.133418 -0.033998 0.125186 -0.075964 -0.141537 -0.049317 -0.054126 0.051018 -0.023197 0.038476 0.028145 0.119663 -0.027022 -0.149202 -0.001010 -0.031992 0.049795 0.050982 -0.133004 0.110637 0.089871 -0.133160 -0.056624 0.050190 0.005867 0.028387
-0.220555 0.002905 -0.017237 0.084169 0.053779 -0.027236 0.074078 0.212994 -0.060825 -0.210171 0.116677 -0.085813 0.100555 0.120041 -0.062070 0.014594 -0.032700 -0.040176 -0.022214 0.033860 0.160833 0.235413 0.037914 -0.016136 -0.009512 -0.331818 -0.002932 0.135986 -0.106218 0.202624 0.031262 -0.069150 -0.022171 0.101188 0.148109 0.176045 0.091927 -0.085069 -0.068221 0.101480 0.050025 0.045676 0.011065 -0.119363 0.062836 0.034200 -0.003666
-0.097610 0.127783 0.018141 -0.152081 0.087954 0.105803 -0.002352 0.022854 -0.027233 -0.094095 -0.063148 -0.080535 -0.072119 -0.091838 0.142582 0.169265 -0.118056 -0.132272 -0.144346 -0.033387 0.122423 0.065484 -0.127794 0.098387 0.069071 -0.068776 0.033196 0.078259 -0.121327 0.053679 -0.017219 -0.011210 0.095386 0.006641 -0.033988 -0.130012 0.029936 0.044746 -0.063551 0.055314 -0.089832 -0.058605 -0.046400 -0.098227 -0.128803 -0.072634 -0.097405
-0.090256 -0.008536 -0.064745 -0.148732 -0.013020 -0.093624 0.022935 0.141386 0.117872 0.094560 -0.166196 -0.025852 0.009100 0.010468 -0.016105 0.000701 -0.174487 -0.068639 -0.118636 -0.014231 -0.035476 -0.048600 -0.110805 -0.007008 0.116925 0.041603 0.183949 -0.028549 -0.062017 0.104530 -0.036318 -0.095381 -0.294425 -0.038196 0.242629 0.036999 -0.073684 0.160396 0.026442 -0.136251 0.083732 0.092477 -0.247920 -0.220008 -0.020092 -0.111189 -0.090130
-0.001272 -0.002175 -0.006422 -0.039522 -0.002332 -0.105276 -0.002046 -0.003758 -0.002863 -0.001702 -0.027070 -0.007278 -0.001239 -0.005420 0.000781 -0.000653 -0.003004 -0.010566 -0.036067 1.164781 -0.015673 -0.000834 -0.001403 -0.000979 -0.001687 -0.001378 -0.003940 -0.018222 0.006900 -0.010605 -0.001155 0.000414 -0.001763 -0.000903 -0.001663 0.001288 -0.004014 -0.000968 0.001723 -0.001329 -0.001498 0.001096 -0.000948 -0.001095 -0.002227 -0.001151 -0.007033
-0.146623 0.039265 0.036951 0.049955 0.110542 -0.163265 0.221488 -0.085147 0.000819 0.202942 -0.024606 -0.158146 -0.161513 0.240632 -0.061391 -0.102103 0.016202 0.034897 -0.022011 -0.022607 0.064411 0.082483 0.154668 0.084537 0.058177 0.105865 -0.073092 0.005505 0.096937 0.172304 0.054732 -0.058938 0.249427 0.166154 0.026892 0.177253 0.049769 -0.007222 0.029099 -0.034219 -0.021763 0.019689 0.032775 -0.126992 -0.021929 -0.037350 -0.138211
0.072968 0.022267 0.176346 0.126083 -0.148713 0.116367 -0.031819 0.036966 -0.036779 -0.123845 0.140688 -0.058716 0.182212 -0.134442 -0.030878 0.150366 0.072864 0.125051 -0.151546 -0.044995 0.128360 -0.056824 0.117854 0.062888 0.112985 0.058159 0.027944 0.086882 -0.032525 0.255872 0.019863 0.083861 0.041012 -0.223724 0.217422 -0.050270 0.191025 -0.058878 0.001378 0.075645 -0.035277 0.033169 0.066824 0.067823 0.104534 0.010930 -0.026856
0.076662 0.162136 0.309707 -0.049635 -0.022000 -0.034662 -0.014483 0.042908 -0.067681 -0.083087 -0.087978 0.183907 -0.147711 0.016499 -0.010373 0.035389 0.136115 0.138224 0.096820 -0.070995 0.168735 0.055384 0.098744 0.002492 0.028419 -0.098473 0.187427 0.104017 -0.133406 0.011599 -0.053128 0.134916 -0.018374 0.097847 -0.012163 -0.103011 -0.050850 -0.048704 0.073726 -0.020832 -0.034728 0.064767 0.024675 -0.057142 0.064056 -0.163162 -0.177698
0.002196 0.170981 -0.016838 -0.011323 -0.005907 -0.002553 -0.005667 -0.016729 -0.019411 -0.001822 -0.052541 -0.017244 -0.002420 -0.012276 0.004297 -0.037544 -0.004224 -0.018586 0.664049 0.124103 -0.024853 -0.007172 -0.000307 0.007308 -0.006005 -0.005154 -0.006428 -0.039259 0.003692 0.009593 -0.008776 -0.000245 -0.009696 -0.000511 0.002246 0.020447 -0.015471 0.002194 0.009925 -0.000587 -0.013421 -0.009439 -0.005528 -0.001272 0.005129 -0.010144 -0.019507
0.021952 -0.048312 0.044049 0.054779 0.170195 -0.145111 -0.275628 0.064280 -0.022147 -0.128110 0.050478 0.147801 -0.120745 -0.016874 0.042524 -0.018640 0.062012 -0.030936 -0.065701 0.036691 0.089795 0.124926 0.039606 -0.117457 -0.084704 -0.032822 -0.034057 0.077171 -0.050740 0.027830 0.109482 -0.055932 -0.021800 0.016711 0.120560 -0.017688 0.104564 0.119335 -0.083727 -0.079952 0.061483 -0.140139 -0.030855 0.075828 -0.132116 0.046642 -0.206490
-0.019002 0.243932 -0.052827 -0.072761 -0.136357 0.028085 0.090888 0.189169 0.077192 -0.231307 -0.024383 0.014332 -0.030366 -0.021981 0.064021 -0.015793 -0.013120 -0.006505 0.032204 -0.008071 0.023742 0.070041 -0.033323 -0.029814 0.020121 0.028054 -0.047933 0.013585 0.091499 0.128711 -0.021865 0.036166 0.047070 -0.002352 -0.010084 -0.022931 0.025795 -0.017447 -0.101448 0.067796 -0.056884 0.030841 0.000835 -0.028401 -0.066026 -0.053019 0.114261
-0.174348 -0.011695 0.016789 -0.164581 -0.043697 -0.004166 0.044651 0.048125 -0.075676 -0.028611 -0.038076 -0.014672 -0.017424 0.219115 0.119631 0.002751 0.037667 -0.062112 -0.201764 0.081982 0.192857 0.046328 -0.014437 -0.095818 -0.104347 -0.161267 -0.071969 -0.160726 -0.102068 0.221322 -0.227375 -0.083613 0.084088 0.197908 0.047357 0.082597 0.004668 0.114747 -0.046684 -0.073359 -0.014913 -0.050998 -0.084427 0.008458 -0.038173 0.002783 -0.012343
-0.013268 -0.023269 0.029998 0.360029 0.197115 0.000378 0.012654 0.031493 -0.102574 0.079133 -0.009431 -0.043273 0.000436 0.119179 -0.008547 0.078273 -0.014668 -0.048847 0.076550 0.025860 0.078488 0.034422 0.176094 -0.011479 -0.135967 -0.002056 0.149371 -0.031572 -0.137194 0.050783 -0.039765 -0.020486 0.043459 -0.020436 0.113516 0.074379 0.027426 -0.065348 -0.042003 -0.051021 0.038442 -0.003581 -0.120493 -0.091385 -0.028991 -0.063119 0.102871
-0.037102 -0.018352 -0.094482 -0.001477 -0.093369 -0.047488 0.117136 -0.223768 0.023227 -0.110114 0.096690 -0.096813 -0.075546 -0.069192 -0.002526 0.024271 0.049132 -0.173880 0.133589 0.097713 0.129250 0.138241 0.000921 -0.159433 -0.109914 0.022587 0.080047 -0.104883 -0.094676 0.099414 -0.137272 0.076142 0.012804 0.115281 -0.029449 -0.009478 -0.116549 -0.146513 -0.178884 -0.118583 0.038393 0.199155 0.141868 0.045455 0.140141 -0.087767 -0.039428
0.030808 0.039879 -0.046424 0.005753 -0.006163 0.001973 0.062687 0.120387 0.013111 0.059773 0.143168 -0.072883 0.084402 0.125436 0.106813 -0.025313 -0.174151 -0.027400 -0.064041 0.146404 0.052118 -0.114463 -0.001063 -0.094316 -0.107033 0.014855 0.163435 0.011846 0.062756 -0.045290 -0.114390 0.032374 -0.098398 0.102885 0.064340 0.141672 -0.170393 0.022261 -0.012925 -0.041459 0.126976 -0.143566 -0.003351 -0.042013 -0.081741 -0.081773 0.045070
-0.167665 -0.083495 0.022441 -0.058286 -0.026265 -0.080589 -0.037035 0.025230 -0.094575 -0.124715 -0.052550 0.022130 0.117893 0.120211 0.295220 0.095485 -0.099513 -0.247053 -0.121913 0.105699 0.002949 -0.071726 0.078707 -0.156143 -0.015755 -0.181503 0.139228 -0.234701 -0.169245 0.226728 -0.163130 -0.051588 0.035209 0.236274 -0.049501 -0.025814 0.128631 -0.068596 -0.052660 -0.126098 0.024051 -0.034300 -0.109978 -0.144533 0.202212 -0.160116 -0.034258
-0.002105 -0.003281 -0.006817 -0.005494 -0.026378 -0.007278 -0.006269 -0.003512 -0.008946 -0.006842 -0.072021 -0.018831 -0.003739 -0.017254 -0.005112 -0.010486 -0.007775 -0.029701 -0.003813 -0.000578 -0.041001 -0.003896 -0.004074 -0.003148 -0.003067 -0.003816 -0.009704 -0.048650 -0.004106 0.003901 -0.005190 -0.002059 -0.002452 -0.002954 -0.005075 -0.003233 -0.006735 -0.002489 -0.004551 -0.006952 0.000428 -0.008666 -0.002112 -0.004266 -0.006859 -0.008544 0.888001
0.038812 0.110147 0.095030 -0.062816 -0.010007 -0.023785 0.094122 0.129217 -0.019901 0.141321 0.123268 0.005110 -0.030527 0.275840 0.028373 -0.008665 0.082545 -0.092767 0.012562 0.013276 0.067348 0.046018 0.059510 0.088100 -0.045700 -0.006408 0.045742 -0.134574 -0.020905 0.022942 0.105124 0.098081 0.009601 0.007989 -0.193089 -0.148822 0.018187 0.007587 -0.125855 -0.076252 -0.028419 0.009819 0.049841 -0.281585 0.167703 -0.047221 -0.067243
0.016732 -0.045999 -0.094127 0.051794 0.027037 -0.066425 0.025546 0.159551 -0.111074 -0.024890 0.020579 -0.115400 -0.117638 -0.022274 -0.038396 -0.129029 -0.140569 -0.153338 0.008858 -0.076817 0.082904 0.040090 -0.036750 0.057725 -0.045941 -0.233972 -0.139712 -0.236414 -0.120970 0.039074 0.194724 0.016189 0.094948 0.070297 0.106277 -0.053595 0.074781 -0.180742 -0.042973 0.078232 -0.058754 0.001780 -0.155536 -0.036146 0.142435 0.009435 -0.067090
0.207785 -0.099925 0.014099 -0.164357 -0.002457 0.081262 -0.065191 0.083941 -0.111353 -0.208163 0.204147 -0.008456 -0.112999 0.151743 -0.094909 0.121625 0.051233 0.167402 -0.009370 0.090460 0.087876 0.115761 0.109959 -0.144509 -0.245529 0.095502 0.014137 -0.096703 0.053204 -0.002056 -0.139102 -0.035146 0.076456 -0.095152 0.139177 -0.023200 -0.024188 0.091996 -0.066586 0.028856 0.044755 0.170673 0.068331 -0.008615 -0.097514 -0.072881 -0.053102
0.202898 0.078464 0.115630 -0.013111 0.036847 0.056515 0.103800 -0.159238 0.031122 -0.057299 0.041629 0.071633 -0.161269 0.115196 0.052467 0.046480 -0.077683 0.099356 0.080130 0.039531 0.123178 0.060195 -0.029791 0.084941 -0.076464 -0.147675 0.200617 -0.039525 0.055622 -0.116145 -0.278330 -0.087619 -0.083354 0.065515 0.100482 0.048934 -0.134894 -0.036699 -0.033863 0.082127 -0.201929 0.054517 0.018408 -0.041794 -0.077432 0.024758 0.088268
-0.001448 -0.070561 0.059912 0.011717 -0.099134 -0.015109 0.027735 -0.125327 0.123721 0.011421 0.020120 0.042720 -0.060555 0.034202 -0.005173 0.078095 -0.044426 0.073978 0.033658 -0.022462 -0.011320 -0.149079 0.052774 -0.114947 -0.011774 0.053281 -0.112204 -0.035443 0.033854 -0.080507 -0.087940 0.059241 -0.096196 -0.033319 0.048163 -0.006207 0.008096 0.003662 -0.054179 0.042915 -0.043477 -0.034716 -0.054581 0.067146 0.011282 0.021148 0.339633
-0.022550 0.301982 -0.064856 -0.045788 -0.033834 0.061071 0.058724 0.005387 0.060632 -0.021713 -0.045981 -0.016371 -0.102249 -0.066853 -0.041345 0.038307 -0.128022 0.004579 0.026461 0.023438 -0.011768 0.041500 -0.026582 -0.012710 -0.095297 0.018357 0.077545 0.012481 -0.035136 0.000990 -0.016383 -0.079267 -0.000357 0.001281 0.043711 -0.089071 -0.020771 -0.074821 -0.015807 0.040783 -0.014360 0.005918 -0.021399 -0.029360 0.097401 -0.072312 -0.180637
-0.001816 -0.001716 -0.005200 -0.003485 -0.007283 -0.007173 -0.003388 -0.024552 -0.008004 -0.004576 -0.061464 -0.015630 -0.003014 -0.014420 -0.002128 -0.009500 -0.006718 -0.024657 -0.003411 -0.001936 -0.035958 -0.002154 -0.003511 -0.003282 -0.002755 -0.003714 -0.008609 -0.041124 -0.003469 0.924164 -0.004574 -0.001773 -0.002555 -0.003438 -0.003810 -0.002989 -0.005702 -0.002357 -0.002242 -0.003418 -0.003962 -0.007544 -0.002621 -0.003207 -0.006032 -0.013158 0.022877
0.047429 0.098886 -0.151168 0.007654 0.072861 -0.184637 -0.140881 0.165397 -0.030882 0.006885 0.147321 0.069855 -0.182753 0.097958 -0.011009 0.082645 -0.028186 -0.091004 -0.053047 0.010929 0.357180 -0.124956 -0.045149 -0.058995 0.017437 0.085326 0.014159 0.004523 -0.026184 0.111490 -0.021109 0.141834 0.086727 0.153141 0.153187 -0.157232 -0.030177 -0.275685 -0.096636 -0.054103 0.188141 -0.086329 -0.111309 -0.065849 0.096355 -0.134848 0.023557
-0.035029 -0.103747 -0.053547 -0.141969 -0.029171 -0.142137 -0.107736 0.050412 -0.085343 0.010309 -0.044530 -0.013674 0.151930 -0.026081 0.005113 0.025877 -0.128080 -0.143390 -0.058519 0.078762 -0.041865 -0.062363 -0.070649 0.003928 0.019914 -0.093566 0.032559 -0.103960 0.095247 0.132807 -0.044624 -0.245661 -0.005277 -0.033548 0.037319 -0.002203 0.067482 -0.049918 -0.113919 -0.167360 0.145041 -0.129129 -0.043817 -0.159245 0.013904 -0.183016 -0.042012
0.097602 0.064695 0.030652 -0.037372 0.066288 -0.110406 -0.087275 0.125461 -0.152259 -0.104923 -0.087853 0.030518 0.066649 0.081405 0.120307 0.096333 -0.290922 -0.001288 -0.121090 0.047662 0.171716 0.005276 -0.072876 -0.117749 0.063555 -0.074866 0.010437 -0.115444 -0.059284 0.087083 -0.046661 -0.071221 -0.004346 0.071558 -0.023252 -0.065559 0.025331 -0.042287 -0.215190 0.212910 0.086122 -0.104906 -0.136131 -0.047868 0.020083 -0.135842 -0.059776
-0.017738 -0.071038 0.006547 -0.145657 0.110928 0.128176 0.001553 -0.048633 -0.017799 0.109661 -0.057516 -0.030750 0.084986 0.239896 -0.018912 -0.016596 0.021412 -0.083118 -0.050888 0.187014 -0.042372 -0.002044 -0.047013 0.050055 0.074206 -0.268028 -0.225092 -0.135992 -0.079800 -0.036495 0.007069 0.095598 0.046939 -0.050399 -0.137223 0.104556 -0.023065 0.066251 -0.186821 -0.072636 -0.010326 0.028341 -0.027309 0.143491 0.116617 -0.069738 0.032422
-0.259543 0.194362 0.020996 -0.013174 0.033710 -0.075446 0.165489 0.127501 -0.080311 -0.090584 0.161763 -0.004439 0.003156 0.169289 0.123497 -0.074803 -0.130653 -0.104593 0.007792 0.024902 0.207176 0.063444 0.035502 0.023378 0.045751 -0.142825 -0.072165 -0.143916 0.008047 0.149971 -0.072811 -0.110780 0.095407 0.072631 -0.025972 -0.282222 0.006020 0.091249 0.052939 -0.135002 0.136514 -0.086736 -0.171043 0.044657 -0.009514 -0.063956 0.138748
-0.087119 0.072084 -0.060253 -0.109382 -0.007159 0.101763 -0.051523 0.147913 0.063398 -0.042753 -0.053465 0.068016 -0.078741 0.118614 -0.113173 -0.003624 0.038837 -0.074573 -0.063936 -0.044514 0.161701 0.060749 -0.107796 -0.012880 -0.001460 -0.006069 -0.036113 -0.176531 -0.034904 0.155785 -0.032293 0.071768 -0.093573 0.170614 -0.099124 0.009827 -0.030920 -0.128967 -0.027186 -0.071495 -0.155897 -0.001039 -0.181397 0.034890 -0.214941 -0.144235 0.125632
-0.052589 -0.084062 -0.103937 -0.043255 0.012120 0.014320 -0.115530 0.183911 -0.077057 0.162553 0.142887 -0.000756 0.157481 0.054300 0.237250 0.089812 -0.026393 -0.133420 -0.021707 0.103375 0.191159 0.183983 -0.119359 -0.100628 0.083496 -0.134745 0.022662 0.088893 -0.026346 -0.093677 0.102444 -0.131274 0.017520 -0.003608 0.034671 -0.132218 -0.093306 0.019480 -0.000907 -0.064921 0.126136 0.084241 -0.044945 0.054693 0.129755 -0.214272 0.168860
0.103267 0.264609 -0.014521 -0.024399 -0.127230 -0.142324 -0.033575 -0.062739 -0.006533 -0.083957 0.029282 0.134536 -0.049534 0.174899 -0.066318 -0.104306 -0.226953 0.195429 0.005641 0.100633 0.220532 -0.072531 -0.098766 -0.121249 0.032255 -0.006516 -0.106072 -0.117213 -0.035021 0.090181 -0.246718 -0.068285 -0.004327 0.111995 0.017536 0.035066 0.181693 -0.019636 0.009639 -0.080962 0.078102 0.005164 -0.025350 0.262177 -0.017438 -0.114213 -0.033389
-0.118337 0.054941 0.085011 0.166142 -0.023330 0.031302 0.002645 -0.064778 0.040240 0.008738 -0.006639 -0.024391 0.275505 -0.018312 -0.065786 -0.010411 -0.056356 -0.090031 -0.021696 0.038043 -0.046804 -0.002359 0.127146 0.039037 0.085264 -0.058233 -0.112760 0.090193 0.055211 0.156257 -0.031194 -0.065971 0.102112 -0.036103 -0.094203 0.110384 -0.023401 0.099686 0.044821 0.095886 0.139056 -0.035556 0.152793 -0.045559 -0.017523 0.177338 -0.003759
0.033289 -0.044715 -0.024663 0.189887 0.005730 0.008510 -0.139060 0.141030 -0.193467 -0.057111 0.007041 -0.072237 0.038427 -0.016137 0.034467 -0.021925 0.022076 0.110110 -0.020519 -0.127893 -0.011886 0.121321 -0.059329 0.004337 -0.087079 -0.009261 0.010896 -0.037722 -0.219544 -0.072872 0.042557 0.016112 -0.074509 -0.011539 -0.207480 -0.224173 0.049432 -0.051357 -0.259567 0.034291 -0.007503 -0.057986 -0.053005 -0.049636 0.095955 -0.068285 -0.136484
-0.074894 0.076613 -0.022130 -0.084055 -0.024614 0.014640 -0.005888 0.016515 0.083366 0.030794 -0.048498 -0.075099 0.039259 0.000629 0.084894 0.121311 -0.060165 -0.125933 0.182963 -0.029968 0.177801 -0.010659 0.048879 0.181248 -0.100448 0.068425 -0.010627 0.152666 -0.014886 -0.067876 0.051265 0.016397 -0.078713 0.042596 -0.066712 -0.042548 0.041844 -0.021952 0.015629 -0.139492 -0.117465 -0.011733 0.007223 -0.057669 0.111567 -0.005802 0.118314
-0.061064 0.088054 -0.188256 -0.249209 0.079609 -0.071579 0.070190 -0.154637 0.091978 0.044862 -0.030903 -0.011554 -0.080211 0.082846 0.034130 0.036916 0.039418 -0.119460 0.013140 0.075261 -0.028601 -0.066234 -0.024929 -0.178108 0.064194 -0.028863 0.073217 0.040997 0.075758 -0.079154 -0.060593 -0.110548 -0.155278 -0.017502 -0.235583 0.040159 -0.070030 -0.106152 0.027448 -0.021831 0.025040 0.001655 0.193827 0.072389 0.065950 0.051069 0.226117
-0.002822 -0.002803 -0.008739 -0.007774 -0.011402 -0.007066 -0.004839 1.027641 -0.008744 -0.010014 -0.084365 -0.021585 -0.003936 -0.019529 -0.002945 -0.005964 -0.009341 -0.034046 -0.003285 -0.001829 -0.048879 -0.002934 -0.004321 -0.004471 -0.003797 -0.004262 -0.011621 -0.056183 -0.005013 -0.001426 -0.006646 -0.002470 -0.003270 -0.003741 -0.004342 -0.003454 -0.008147 -0.003278 -0.003269 -0.004897 -0.002578 -0.009822 -0.003884 -0.005147 -0.008245 -0.005592 -0.007905
-0.017067 -0.090987 -0.009250 0.063736 -0.005063 0.039287 0.013389 -0.036127 -0.018099 -0.021139 0.008836 0.030084 0.012681 -0.003326 -0.028403 -0.001015 -0.014150 -0.013751 -0.056842 0.595573 -0.030503 0.018190 -0.024226 -0.069436 0.030680 0.032782 0.000033 0.049171 -0.046719 -0.058036 0.035858 -0.001456 0.060488 0.022742 -0.025775 -0.033453 0.071608 -0.033102 -0.047249 -0.014935 0.020827 0.036287 -0.040220 -0.016896 -0.062179 0.010665 0.022458
-0.084197 0.046715 -0.003001 -0.054257 -0.019448 -0.025650 0.003412 -0.096340 0.068253 -0.151119 -0.067230 0.027529 0.048513 0.033001 -0.027905 -0.115587 -0.093552 -0.028032 0.242361 0.219937 0.058908 0.168257 0.063618 -0.012143 -0.027156 -0.049758 0.140565 -0.046612 -0.244891 0.090824 -0.069701 0.009145 0.096052 0.130989 -0.158939 0.096478 0.101651 -0.004630 -0.029611 -0.055279 0.060143 0.049991 0.158756 -0.105478 -0.029669 -0.050187 0.056389
-0.161564 -0.014266 -0.019174 0.036274 0.036122 -0.053993 0.098982 0.060715 -0.097267 -0.066618 -0.046749 0.034873 -0.036016 0.268828 -0.033816 0.068623 -0.018148 -0.046725 -0.013626 0.104141 0.018326 -0.165376 0.087549 0.037340 0.176691 -0.163186 -0.045059 -0.193451 -0.089391 0.072613 -0.286767 0.000023 0.092568 0.157423 -0.053976 0.042429 -0.152707 -0.135926 -0.196663 -0.167904 0.246770 0.105637 -0.111656 0.056661 0.017601 -0.174377 0.076346
-0.265883 -0.130380 0.067376 0.077124 -0.061878 -0.058023 -0.065669 0.049593 -0.094581 -0.065837 0.072464 -0.069497 0.026754 0.076630 0.207425 0.031013 0.017166 -0.015162 -0.121112 -0.158186 0.108306 0.027449 -0.019047 0.061216 0.027791 -0.152025 -0.093568 -0.143292 -0.038396 0.153102 0.030869 -0.089593 -0.023930 -0.104726 -0.050827 -0.088388 0.139866 0.083240 -0.159280 -0.064183 -0.105660 0.171198 -0.138464 -0.025848 -0.051822 -0.173470 -0.142806
-0.155677 0.004512 0.038120 0.110909 -0.004294 -0.132503 0.075562 0.115204 -0.067006 0.107041 0.129789 -0.028418 -0.055262 0.114487 0.053365 0.088380 -0.097237 -0.026324 -0.034931 0.009020 0.088540 0.125536 0.003483 -0.008455 0.184845 -0.061336 -0.033059 -0.306823 -0.228000 0.201401 -0.077112 -0.219665 -0.051865 0.164845 -0.024478 -0.017838 -0.051484 0.100996 -0.175244 -0.178303 -0.001931 0.026215 -0.225941 -0.061439 0.061849 -0.114821 -0.002648
-0.217425 0.148651 -0.089528 -0.242088 0.085777 -0.089801 0.008215 -0.123996 -0.134795 -0.101925 -0.039778 -0.024639 0.094674 0.055591 -0.049382 -0.036300 -0.032542 -0.237293 0.035669 0.156605 0.146494 -0.052072 -0.063592 0.080592 -0.147156 -0.299199 0.106356 -0.141034 0.039799 -0.039727 -0.197333 -0.066766 0.188914 0.158140 0.028319 0.132605 -0.011897 0.025431 -0.245566 -0.165615 0.036250 0.044920 -0.227456 -0.050522 0.086638 -0.124797 -0.164377
-0.127588 -0.160706 -0.059734 -0.032820 -0.085026 0.080185 -0.058814 -0.061006 0.164199 0.026119 0.146908 -0.106828 0.023108 -0.105633 0.050299 -0.027306 0.073130 -0.061117 -0.198920 0.134043 0.045142 -0.130459 0.055292 -0.120646 -0.085333 -0.110243 -0.229440 -0.079684 0.071494 0.097105 -0.009250 0.218331 -0.111221 -0.002887 0.064610 -0.081598 0.064809 0.074601 -0.073847 -0.034268 -0.027509 -0.029663 -0.089830 0.128632 0.024074 -0.148571 0.167530
-0.118088 -0.084522 -0.088502 -0.054769 -0.148186 0.106869 0.011508 -0.022276 -0.046770 0.138701 -0.044161 0.080670 -0.131880 -0.069543 0.178611 -0.048896 0.067930 0.038259 0.055589 0.100784 0.077431 0.001451 -0.119184 -0.054900 -0.076120 -0.088943 0.125360 -0.076788 -0.034874 0.061003 0.033790 -0.131936 0.163345 0.098497 -0.118302 -0.038053 0.029663 0.001524 -0.083805 -0.294480 -0.144267 -0.058434 -0.145307 -0.141434 -0.026448 -0.060026 0.075417
-0.007814 -0.001679 -0.013983 -0.007429 -0.019203 -0.009120 -0.006098 -0.027780 -0.011920 -0.018732 -0.113460 -0.028929 -0.005977 -0.015532 -0.003832 -0.039102 -0.012981 -0.047976 -0.004851 -0.002389 -0.069346 -0.004249 -0.006306 -0.011192 -0.006917 1.052933 -0.011307 -0.076230 -0.006977 -0.001437 -0.009281 -0.003294 -0.005034 -0.004555 -0.006578 -0.004651 -0.011428 -0.004375 -0.004398 -0.008421 -0.003990 -0.014245 -0.005223 -0.007208 -0.010805 -0.007754 -0.014094
-0.067868 -0.116921 0.011258 -0.056810 0.082191 -0.016975 -0.076183 0.191247 -0.004955 -0.020954 0.080662 0.081634 0.024209 0.113310 0.061268 -0.091711 0.145287 -0.074438 -0.123509 0.379584 0.202260 -0.061280 -0.075661 -0.120233 0.030781 -0.062104 0.187080 -0.037827 -0.031177 0.065030 0.129835 -0.008073 0.117605 -0.003086 -0.004015 0.197856 -0.147660 0.016342 -0.123350 -0.146233 0.083425 -0.066074 -0.130583 -0.023645 0.060081 0.010680 0.132760
-0.001433 -0.033286 -0.008535 -0.007204 0.115210 0.017004 0.001458 -0.055049 -0.001528 -0.039280 -0.053519 -0.026846 -0.006031 -0.003613 -0.009669 -0.012426 -0.002550 -0.021044 -0.016378 0.005854 -0.033379 0.006671 -0.004894 0.000282 -0.008854 0.008601 0.008406 -0.031362 -0.002313 -0.008019 -0.027267 0.020544 0.012740 0.021327 0.568389 0.006434 -0.007564 -0.021664 0.017773 0.008465 -0.007465 0.001550 0.006527 -0.010569 0.001691 -0.009032 0.001536
0.183962 -0.016574 0.043205 0.023267 0.085566 0.125858 -0.113560 0.049847 -0.040990 0.103981 -0.098390 0.134359 0.130173 -0.081147 0.025312 0.043496 -0.015250 -0.102376 -0.115424 0.104887 -0.068348 -0.212220 -0.093169 0.183008 -0.140179 0.003496 0.014773 -0.043642 -0.142837 -0.042221 -0.093068 -0.066617 0.109725 0.027872 -0.036412 0.099150 -0.052407 -0.298709 0.071600 0.049981 -0.118948 0.046672 0.245230 -0.030725 0.090199 -0.047099 -0.045633
0.015673 -0.011359 0.123617 0.104198 0.023130 -0.097182 0.185729 0.080965 -0.105689 0.002933 0.021438 0.094309 0.063338 -0.099789 -0.026674 -0.054303 -0.029309 0.031880 -0.067649 -0.029109 0.093562 -0.018851 0.001440 0.159378 0.012944 0.092484 0.069859 0.039721 0.105995 -0.046704 0.138803 0.002434 -0.030630 0.003172 -0.050165 -0.019844 -0.064158 0.188005 -0.006137 0.009154 -0.160533 -0.048499 0.021203 0.091252 -0.140430 0.362910 0.045530
-0.106240 0.044644 0.054562 -0.030120 -0.004568 -0.043226 -0.018895 -0.055295 -0.083410 0.090121 0.182082 -0.061472 0.036641 0.020846 0.134127 0.118967 -0.116212 0.106014 -0.089948 0.002729 -0.033643 0.015192 0.064266 -0.072255 0.172387 0.100445 0.141039 0.052809 0.086835 -0.063473 0.036618 -0.214928 -0.166201 -0.019396 0.067820 0.002537 0.300945 -0.238571 0.109935 -0.022293 -0.145355 -0.019654 0.126372 -0.061966 -0.000298 0.003901 0.243876
-0.005021 -0.001314 -0.007800 -0.003425 -0.006845 -0.005034 -0.007158 -0.003981 -0.005107 -0.004019 -0.054596 -0.013789 0.929318 -0.013068 -0.005548 -0.002900 -0.004867 -0.021937 -0.001854 -0.001072 -0.030779 -0.003601 -0.002919 -0.002795 -0.005722 -0.003035 -0.007771 -0.036606 -0.004082 -0.001252 -0.004139 -0.001537 -0.002119 -0.002338 -0.002805 -0.002075 -0.007379 -0.002182 -0.001950 -0.039388 -0.001686 -0.006647 -0.002481 -0.003082 -0.005337 -0.005636 -0.003926
-0.062128 0.012376 -0.141333 -0.020407 -0.049959 -0.124564 -0.089861 0.029269 -0.059821 -0.070883 -0.020720 -0.038158 -0.040405 0.032903 -0.036197 0.070002 0.010043 -0.064820 -0.060709 -0.077670 -0.054141 0.068233 0.040977 -0.164066 0.005037 -0.039379 0.096812 -0.100670 -0.019416 0.027759 0.220336 -0.045356 0.016099 0.079172 0.066264 -0.112800 0.057214 0.033410 0.122584 -0.038262 0.124348 0.045912 0.218969 -0.032577 0.058655 -0.119101 -0.035899
-0.093645 -0.050626 0.012178 0.104623 0.023744 -0.064836 -0.067251 -0.117944 0.034191 -0.186133 0.058984 0.014664 0.026535 -0.085346 0.140164 -0.005638 0.142887 0.073595 -0.165480 -0.080824 0.025112 -0.092104 -0.011682 0.038862 -0.121435 -0.162153 0.095172 -0.040718 -0.007631 0.325171 -0.005071 -0.063985 -0.137104 -0.004747 0.037278 -0.153140 -0.040368 -0.007483 -0.024289 -0.132883 0.063860 -0.153575 -0.051994 -0.065070 -0.211179 0.023264 0.055342
0.010127 0.115198 0.123512 0.157263 0.016839 0.028672 -0.015897 -0.004441 0.046529 -0.252569 0.159290 0.076214 0.069146 0.116623 0.182815 0.167590 -0.175389 -0.109286 0.054979 -0.044349 0.105588 0.224793 0.111818 0.143736 -0.029732 -0.040013 0.044894 -0.108585 -0.120204 -0.028079 0.174992 -0.147248 -0.108605 -0.004624 0.090782 0.144325 0.163399 -0.059404 -0.101831 -0.225754 0.118057 0.046999 -0.116717 -0.130246 -0.077852 0.139482 0.115686
-0.043730 -0.170957 0.000807 -0.162459 -0.024470 0.020058 0.193728 0.030999 0.086947 -0.040153 -0.041113 -0.000293 -0.057947 -0.034535 0.086141 -0.077905 -0.130514 0.053530 0.022555 0.123426 0.179061 0.072368 0.127912 0.003193 0.025660 -0.110659 0.043732 -0.149262 -0.231227 -0.004050 0.151811 -0.011712 -0.064881 0.045625 -0.103201 0.031368 0.032949 0.113797 -0.054244 -0.016500 0.046976 0.055837 -0.109028 0.013524 0.033479 -0.103117 -0.156750
-0.026234 0.177852 0.093990 0.012750 0.073462 -0.051912 -0.083325 -0.078779 -0.138456 -0.030260 0.142582 0.038199 -0.022489 0.165661 -0.139037 0.003444 -0.141131 -0.102587 0.002940 0.091800 0.150641 -0.067976 -0.084570 -0.048872 0.038523 -0.027732 0.086285 -0.089728 -0.030345 0.183423 0.028659 0.048689 0.033161 0.015916 -0.083647 -0.034938 0.010839 -0.063240 0.033393 0.097716 0.117121 0.099925 -0.055557 0.252943 0.043104 -0.058391 -0.021879
-0.103857 -0.028505 -0.122420 -0.013186 0.033053 0.120906 -0.036159 0.030029 -0.120435 -0.083154 -0.017974 -0.045564 0.022241 0.118422 0.073222 0.029686 -0.016975 -0.072596 -0.044407 -0.063179 0.297711 -0.042419 -0.077497 -0.115418 -0.138840 0.000728 -0.052562 -0.006307 0.027365 -0.123484 -0.005005 0.222259 -0.144519 -0.105320 0.126103 -0.151022 -0.019208 -0.097238 -0.015661 0.048469 0.162819 -0.069678 0.218943 -0.052077 -0.050676 -0.081108 0.037876
0.121267 0.015724 -0.002282 -0.181518 0.188074 0.063711 -0.053230 -0.081008 -0.095251 -0.071119 -0.079248 -0.117134 -0.076512 0.094143 -0.107446 0.053857 0.037752 -0.054962 0.070569 0.062630 0.032833 0.095227 -0.172199 -0.298850 0.023452 -0.102691 -0.052842 -0.074008 -0.124156 -0.100568 -0.076006 -0.135334 0.106242 0.114431 0.031093 0.009446 -0.070076 -0.001799 -0.009777 -0.038165 0.078046 -0.141668 0.056183 0.067102 0.017771 -0.025911 -0.138359
0.062670 0.189846 -0.141616 -0.099443 0.162158 0.085190 0.135859 -0.091223 0.022652 0.048775 -0.029607 0.051611 -0.059603 0.057634 0.129194 0.072483 -0.077068 -0.098143 -0.100706 -0.051756 -0.110607 0.048611 -0.029260 -0.204636 -0.012718 -0.126188 -0.026173 0.004218 -0.047159 -0.000069 -0.054921 0.029607 -0.071786 -0.003032 -0.087343 -0.097869 0.064968 -0.074111 -0.144423 -0.067925 0.127701 -0.181188 -0.038839 0.070945 -0.052213 -0.064878 0.071784
-0.002021 -0.001889 -0.010471 -0.003652 -0.007811 -0.026505 -0.011465 -0.004420 -0.015948 -0.004851 -0.064634 -0.016508 -0.001959 -0.015157 1.014450 -0.018374 -0.002497 -0.025982 -0.000885 -0.001149 -0.033916 -0.002401 -0.003519 -0.003456 -0.002681 -0.002380 -0.009079 -0.039913 -0.006237 -0.001241 -0.005117 -0.001685 -0.002552 -0.002581 -0.003377 -0.000247 -0.006585 -0.002487 -0.002387 -0.019213 -0.006901 -0.007333 -0.002860 -0.003608 -0.005878 -0.004865 -0.000321
0.009155 0.086519 -0.036534 0.007379 -0.020254 0.025455 -0.036439 -0.054618 0.003423 0.061993 -0.093860 0.177100 0.243313 0.011110 -0.067183 -0.066357 -0.044371 0.059600 0.031679 0.031400 -0.209625 -0.056213 -0.119650 -0.067660 -0.011438 0.058982 0.122713 0.145196 0.035901 -0.099956 -0.050286 -0.000158 0.022971 -0.273930 -0.063353 -0.033956 -0.018990 0.071771 -0.064030 0.071003 0.160702 -0.036823 -0.034696 -0.020351 -0.036711 -0.154821 0.109216
-0.015160 -0.024374 0.071275 0.223068 -0.026533 -0.059855 0.008443 -0.003621 0.050470 0.098427 0.052829 -0.057535 0.003882 -0.066431 0.114165 0.088100 -0.008185 0.027711 -0.126203 -0.019931 -0.026889 0.063615 0.051896 -0.027960 -0.106563 0.204578 0.124107 -0.021150 0.214126 -0.002498 0.076859 -0.142783 -0.095265 -0.038318 0.003579 0.066580 -0.098969 0.016696 -0.025290 0.010638 0.250670 -0.113109 -0.139583 -0.109365 -0.169838 0.098926 0.018340
-0.002604 -0.001891 0.895809 -0.005906 -0.011085 -0.007040 -0.005134 -0.006168 -0.009446 -0.006741 -0.088834 -0.023008 -0.003885 -0.019040 -0.002812 -0.006705 -0.009529 -0.036151 -0.003699 -0.001666 -0.051927 -0.004036 -0.004884 -0.004533 -0.003636 -0.003985 -0.011520 -0.057243 -0.006314 -0.002195 -0.006621 -0.002644 -0.003754 -0.003866 -0.004558 0.001571 -0.004958 -0.003307 -0.004207 -0.005691 -0.002612 -0.009898 -0.004146 -0.004964 -0.008472 -0.006028 -0.010581
-0.264604 0.014841 0.046708 -0.095737 -0.171125 0.040910 0.081217 -0.149776 0.154411 -0.140397 -0.193481 0.099391 -0.150194 -0.083139 -0.066843 -0.062964 0.027095 0.097449 0.170078 -0.073573 0.114143 0.192482 0.018245 0.016849 0.072395 0.068549 0.082039 0.026223 0.029530 -0.145915 -0.023942 0.049966 0.064834 -0.179238 -0.070450 -0.130102 -0.103955 -0.124230 -0.015913 -0.012024 0.111354 -0.056126 0.065346 0.022762 -0.044993 -0.068700 -0.023694
0.044361 0.090039 0.093592 -0.067357 -0.154323 -0.062462 0.050985 0.018342 0.043604 0.069996 0.057676 0.040132 0.023537 0.093499 -0.152435 -0.095069 0.115664 0.012194 -0.050296 0.002198 0.031031 -0.083814 -0.031088 -0.091273 -0.160939 0.039770 0.024597 -0.063280 -0.160977 0.147136 -0.110759 0.183622 -0.043200 0.171098 0.000565 0.032749 0.003182 -0.000604 0.184266 -0.029075 -0.030198 -0.126958 -0.049384 -0.063869 -0.136464 0.037608 0.162584
-0.019686 0.089662 0.076727 -0.070070 0.097924 -0.022149 0.070276 -0.112215 0.148382 -0.035489 -0.146936 0.046376 0.026138 0.043973 0.023907 0.096723 0.084617 0.049454 -0.027673 -0.024616 0.057698 -0.147992 0.063199 -0.033405 0.099808 -0.011026 -0.103244 0.038611 -0.089769 0.153023 -0.011243 0.001201 -0.149616 -0.011056 0.003515 -0.052237 -0.078200 0.069133 0.110285 0.092167 -0.048368 -0.138642 -0.136183 -0.174135 0.126078 -0.147599 0.151520
-0.186141 0.085917 0.015375 -0.206146 0.162975 0.003918 0.081149 -0.107793 -0.028578 -0.030202 0.017061 0.047169 -0.062665 0.083420 0.146454 0.077346 0.237517 0.042292 0.186015 -0.022945 0.010656 0.002023 -0.190914 -0.005180 -0.017441 0.078296 -0.161066 -0.189448 -0.001896 -0.154897 0.033059 0.031356 -0.105400 0.087229 0.071245 -0.027593 0.240481 0.055360 -0.075628 -0.124283 -0.151167 0.082876 0.268803 0.058370 0.089701 -0.069639 -0.008352
0.187485 0.019720 0.056424 0.035117 0.006676 0.081086 -0.056825 -0.043983 -0.150567 -0.085795 -0.030788 0.126050 0.017435 -0.116531 -0.030654 0.219452 0.113515 0.179344 0.117096 0.081147 -0.085088 -0.027942 -0.106493 -0.025883 -0.155131 0.003335 0.062923 -0.012507 -0.050780 0.076082 -0.031139 -0.013526 -0.039099 0.078936 -0.037641 -0.111589 0.035638 0.118535 -0.059493 0.051722 0.159508 -0.052689 -0.135674 -0.080079 -0.181973 0.055739 0.044978
-0.004532 -0.003321 -0.011414 -0.006895 -0.015327 -0.010700 -0.010322 -0.007729 -0.012598 -0.008533 -0.112460 -0.028427 -0.005110 -0.025352 -0.004069 -0.007867 -0.012312 -0.044257 -0.004238 -0.002310 -0.064093 -0.003733 -0.011405 -0.027779 -0.005429 -0.005407 -0.014556 -0.075162 -0.006528 -0.002759 -0.020340 -0.004720 1.012486 -0.005100 -0.005359 -0.004704 -0.013021 -0.004370 -0.004428 -0.008164 -0.003623 -0.013869 -0.005454 -0.010810 -0.010500 -0.008457 -0.011963
-0.007377 -0.006486 -0.019113 -0.013211 -0.027708 -0.018484 -0.012327 -0.014250 -0.020675 -0.016950 -0.199382 -0.054104 -0.009674 -0.047198 -0.007627 -0.015157 -0.023421 -0.083244 -0.008221 -0.004360 -0.123057 -0.007430 -0.020232 -0.011577 -0.010411 -0.009967 -0.030024 -0.140373 -0.012866 -0.005682 -0.016550 -0.006220 -0.008361 -0.011216 -0.010937 -0.008550 -0.023924 -0.008147 -0.007709 -0.012279 -0.006873 -0.025565 -0.001695 1.099823 -0.020094 -0.015913 -0.022625
0.053535 0.079704 -0.034874 -0.001498 -0.025782 0.189979 -0.038664 0.113891 -0.111542 -0.107226 -0.154996 -0.081852 0.161821 -0.014904 0.074167 0.082356 -0.044711 0.164008 0.049144 0.150811 -0.039115 -0.027918 -0.021036 0.095160 0.076392 -0.051337 -0.123490 -0.089861 -0.000604 0.143997 0.071660 0.027522 0.093268 0.085534 0.108235 0.019951 0.029125 0.049064 -0.201510 0.026363 0.015373 0.028830 -0.035946 0.179199 0.073240 -0.009132 0.142649
-0.150214 -0.152809 0.124715 0.015669 0.216040 -0.049021 0.166025 -0.003514 -0.030293 0.025844 0.064347 -0.181598 0.001294 -0.103359 0.027462 -0.011508 0.091798 -0.110992 0.101315 -0.152661 0.061185 0.000674 0.039709 -0.034376 0.199414 -0.017787 0.011262 0.025034 0.124059 -0.088294 -0.015343 -0.029714 -0.098206 0.093973 -0.145925 0.019930 0.018045 -0.045829 0.016880 -0.068901 -0.090601 -0.119534 -0.012008 -0.105524 0.006715 -0.007480 0.180355
-0.108136 -0.015009 0.014285 -0.120807 0.034769 0.031513 0.037624 -0.090543 -0.050123 0.079942 0.036823 0.087244 0.046134 -0.035829 -0.137158 0.040580 0.031112 0.041941 -0.041349 0.094798 -0.037341 -0.093893 -0.044373 0.006647 0.014983 -0.049050 -0.082627 -0.153213 -0.194878 -0.079140 0.018670 -0.071524 -0.010787 -0.063381 -0.101247 -0.013714 0.088928 -0.050592 -0.034176 0.060764 -0.077325 0.203073 -0.069892 0.051705 0.031203 0.106998 -0.120413
0.039521 -0.084262 0.035921 0.021248 -0.169024 -0.135074 -0.029795 0.074718 -0.094251 0.135826 -0.093150 -0.154988 -0.061910 0.002704 0.060088 0.017169 -0.034968 -0.089619 0.053668 0.033770 -0.165963 0.021280 0.152854 0.062280 -0.035010 -0.031810 -0.032266 -0.145761 -0.026397 -0.086076 0.100897 0.026796 -0.100184 0.142943 0.031850 0.081986 -0.059155 0.076599 0.028764 -0.078443 0.093127 0.009992 0.069603 0.041470 -0.091345 -0.001401 -0.190871
-0.023148 -0.092668 -0.129891 -0.080663 0.065708 0.101065 -0.074035 0.124609 0.081454 -0.165559 0.282545 -0.033940 -0.024306 0.057297 0.014273 -0.082082 -0.271596 -0.015277 0.031092 0.017933 0.096235 0.056136 0.059871 0.000980 -0.056997 0.047499 0.128877 0.045887 0.021889 -0.041065 -0.125143 -0.093759 0.010350 0.106992 -0.046051 -0.086314 0.020366 -0.008416 0.117714 -0.106303 0.083839 -0.168903 -0.071337 -0.131362 -0.129762 0.181933 0.078524
0.089844 -0.026415 0.045644 -0.033102 -0.177505 -0.054493 -0.089407 0.020877 -0.034552 0.054919 -0.096793 0.133441 -0.133034 0.004284 -0.004002 0.161036 0.162165 -0.200089 0.140850 -0.002293 -0.148595 -0.082805 -0.033335 -0.173215 0.048214 -0.066938 -0.078095 0.060564 -0.001296 -0.041774 -0.203868 -0.082367 0.008634 -0.199761 -0.184139 0.045631 0.234233 -0.007404 -0.105711 0.006143 -0.163003 -0.031744 0.118482 0.015692 0.036675 0.066776 0.047603
