0.905885 0.823404 0.422535 0.542110 0.225444 0.228499 0.942560 0.747139 0.686604 0.155202 0.227140 0.340203 0.363363 0.909226 0.658341 0.076301 0.128293 0.881779 0.060700 0.011545 0.997933 0.534872 0.797592 0.312902 0.111333 0.184371 0.975860 0.262766 0.944380 0.188525 0.836939 0.176228
0.138687 0.639561 0.126747 0.498538 0.136140 0.008951 0.180990 0.477336 0.046967 0.122907 0.689008 0.038498 0.518450 0.391466 0.511698 0.119161 0.401089 0.118028 0.619625 0.792356 0.616442 0.677222 0.638941 0.848941 0.960067 0.411384 0.937104 0.096362 0.418238 0.238470 0.129733 0.349267
0.873899 0.682590 0.105007 0.874523 0.387443 0.754500 0.983196 0.858993 0.432692 0.526344 0.285254 0.457675 0.378820 0.864766 0.072629 0.078250 0.911769 0.688715 0.309786 0.660186 0.853134 0.788735 0.600159 0.432051 0.287354 0.556781 0.141223 0.711323 0.051564 0.943644 0.749399 0.655076
0.210304 0.563611 0.616649 0.508773 0.611985 0.595464 0.575495 0.601469 0.891057 0.434863 0.492175 0.031761 0.961196 0.683029 0.672159 0.294318 0.382054 0.349776 0.048354 0.847082 0.041977 0.517066 0.014008 0.974483 0.178158 0.753657 0.825435 0.762154 0.565239 0.010605 0.122615 0.623609
0.136546 0.943497 0.210139 0.313789 0.235101 0.993610 0.122948 0.451793 0.586013 0.725281 0.211395 0.034168 0.655717 0.295839 0.460480 0.070527 0.296962 0.798974 0.032288 0.900345 0.152508 0.497313 0.040272 0.017378 0.121013 0.693859 0.876044 0.517470 0.915322 0.533633 0.153139 0.087847
0.583774 0.259167 0.207896 0.360318 0.854517 0.668859 0.240492 0.751744 0.609426 0.955290 0.693762 0.948332 0.220209 0.877688 0.966447 0.733981 0.076158 0.090825 0.351678 0.289487 0.535003 0.648442 0.373928 0.458946 0.923253 0.006428 0.565261 0.935488 0.721174 0.522789 0.592319 0.056022
0.585342 0.366158 0.705565 0.037679 0.012932 0.874463 0.197850 0.736327 0.224790 0.779109 0.282846 0.997591 0.667106 0.145310 0.071362 0.881868 0.648770 0.628777 0.599175 0.804960 0.811789 0.350121 0.473181 0.324327 0.321261 0.060887 0.837566 0.327823 0.471437 0.436977 0.644542 0.800438
-1.201626 1.161542 -44.975080 -4.443522 11.918961 12.324914 -8.514271 -12.291514 -0.492930 -0.483864 -11.497144 2.804363 1.447830 0.250831 11.464555 -1.208626 12.440843 -14.219902 -5.184940 16.747724 -10.369592 7.425022 18.847911 -34.826663 -6.629698 -2.222181 -4.228379 1.665517 -1.506577 0.907598 9.159521 1.623949
0.837641 1.934752 -42.647387 1.102538 9.334975 10.375790 7.463688 -0.341829 -3.249925 -10.951462 -11.407531 -2.884880 36.049570 -83.527469 5.308520 -4.476213 -0.475831 -5.143320 -10.341702 13.338584 -8.636205 8.791806 -22.438817 -29.452094 -6.371929 -20.490625 -4.248702 -10.196715 -40.817851 6.895244 3.658046 -1.146968
-3.302406 -1.353831 -50.155075 -2.601414 7.002126 3.545878 12.024881 4.535766 0.185194 -9.089917 -10.395841 -7.585516 -29.284806 69.172827 0.862847 11.565438 -12.629525 -21.036415 24.711102 4.332574 -11.880065 -0.150090 12.030049 -20.875136 2.368593 -15.763182 3.404196 -5.112639 1.258673 -15.689051 -4.429206 0.517838
4.418718 -6.215905 -55.523755 6.231128 6.191482 7.336067 -5.180772 20.869470 2.492711 1.467473 -9.948050 -6.579365 -15.252166 28.957651 5.787137 8.602451 -2.853976 1.899191 -11.286484 23.248253 1.654223 -8.473678 5.181914 -9.478936 -6.885148 0.719331 0.083688 -1.865103 5.253065 -0.769640 6.703230 -0.360782
6.702076 -5.378716 -13.388870 6.574757 -1.478540 2.697524 -3.740504 21.755717 0.913294 -0.049084 -0.004263 -2.951152 -0.973013 20.244056 1.014194 0.006908 -2.013578 24.244584 -36.910312 18.666720 12.350917 -7.472443 -6.495836 11.394657 -3.369583 -0.005299 -4.406610 -3.310116 10.559949 -0.265994 2.378948 3.191141
7.165193 -6.295928 -13.967375 5.634503 0.519409 3.248957 -3.946937 19.298178 0.222638 -1.150104 0.803794 -3.848595 1.193543 14.461349 1.382677 -1.013842 0.959605 19.976233 -31.183422 16.541479 10.198377 -7.035696 -5.598166 8.211239 -2.070949 0.685844 -4.626997 -3.590537 9.860977 -0.492849 2.495460 3.672910
0.466456 0.850414 0.815580 0.108341 0.175838 0.416741 0.053625 0.079680 0.517778 0.612792 0.692878 0.252745 0.650201 0.217740 0.951868 0.308464 0.328464 0.542045 0.362712 0.027188 0.182476 0.627919 0.862050 0.695746 0.698108 0.025668 0.833093 0.809002 0.446941 0.073160 0.437841 0.404301
0.509872 0.166367 0.389407 0.426126 0.337716 0.590906 0.787911 0.748716 0.734344 0.861584 0.786886 0.221589 0.343712 0.383414 0.481768 0.891539 0.032119 0.444900 0.087110 0.457730 0.657839 0.354526 0.759579 0.768209 0.293430 0.178542 0.011872 0.066002 0.011893 0.719186 0.587747 0.749101
0.791496 0.588219 0.744238 0.905964 0.684947 0.948140 0.843767 0.392814 0.870218 0.776261 0.820548 0.020786 0.973495 0.821163 0.703660 0.056582 0.302499 0.978319 0.596800 0.296261 0.563435 0.903605 0.516073 0.479739 0.614749 0.322648 0.285828 0.398221 0.420749 0.323844 0.939975 0.057576
0.774908 0.633854 0.031022 0.556504 0.453859 0.239774 0.198359 0.984779 0.441716 0.366005 0.294511 0.192712 0.592793 0.812694 0.126067 0.385187 0.915593 0.841459 0.525753 0.101096 0.033514 0.076997 0.237745 0.123721 0.228723 0.871228 0.346746 0.670104 0.735963 0.376724 0.800452 0.550560
0.354196 0.269231 0.038454 0.677701 0.391659 0.791420 0.326332 0.120985 0.080751 0.014608 0.788194 0.617839 0.793755 0.924384 0.463889 0.126279 0.988065 0.047026 0.142318 0.765944 0.623523 0.825986 0.344241 0.584487 0.392051 0.941232 0.866756 0.339778 0.841897 0.276752 0.198428 0.014305
0.292400 0.953121 0.242555 0.108718 0.642097 0.316345 0.695962 0.452139 0.007083 0.025650 0.265501 0.751082 0.846114 0.858590 0.294446 0.637295 0.694783 0.385598 0.417902 0.279384 0.378329 0.829035 0.919071 0.846502 0.941338 0.771769 0.031527 0.476704 0.041826 0.665451 0.057162 0.880091
0.869540 0.996780 0.889885 0.229914 0.989669 0.447346 0.731811 0.882942 0.566053 0.143855 0.113079 0.014833 0.338395 0.284749 0.948625 0.409797 0.155327 0.730251 0.778345 0.975211 0.776911 0.616400 0.388610 0.550401 0.121847 0.493083 0.774177 0.640700 0.206685 0.105360 0.641124 0.195756
0.118586 0.301504 0.878154 0.616894 0.679975 0.685543 0.826381 0.794011 0.126533 0.308333 0.061514 0.172372 0.967101 0.986673 0.635462 0.452195 0.584612 0.686132 0.311045 0.156596 0.831827 0.250261 0.056116 0.628637 0.133549 0.309567 0.987945 0.002400 0.483706 0.109678 0.584517 0.718702
4.646812 2.197132 -100.821308 -2.625187 3.296074 -1.391353 -4.857965 -5.175499 -10.751411 -0.818136 -7.122360 -5.633786 12.655583 -35.388946 2.282481 -12.343066 4.654597 -8.619475 14.073196 17.197496 -6.705308 -9.068122 17.023853 -6.074890 -8.070496 6.921149 -39.578692 2.307924 -9.923265 -4.263270 -0.961227 7.433741
-6.848198 1.261109 -91.366366 -15.302740 -5.364748 -19.801246 -57.170348 -89.410956 -66.160430 -4.058360 -14.229537 -11.904000 -6.650092 26.313179 9.772095 37.985234 -14.835185 -15.803712 -12.708322 42.765308 -24.487058 8.513265 -69.308152 -11.845110 -33.408062 -6.957429 -43.236301 -19.824316 61.548071 -13.008790 -28.962387 9.963739
6.309382 -14.247244 24.963854 -22.981328 23.116085 -20.096244 -15.314833 -35.944788 -25.754997 -3.054409 -21.363746 -63.929383 -105.667577 180.236406 -19.006241 7.698000 -20.198393 -67.061566 -94.865923 -12.928433 -56.718512 -18.881794 -261.354621 -40.148322 -3.090965 -40.424795 -11.150341 -8.854874 40.778247 6.913013 -12.110670 -4.349437
-10.145955 6.977835 -56.291903 -46.666169 -16.406833 -37.864675 81.674688 -29.072767 -22.527530 -32.396677 -23.858446 -3.742672 -22.740123 -13.834364 -46.068075 -63.857762 -22.190442 -103.287850 -157.836776 -40.243514 -133.552709 -24.228271 -163.702425 -78.889256 -42.371088 -32.095570 -9.960669 10.046877 -26.361220 8.493933 -32.169839 -3.574634
-14.716799 3.028868 15.655755 -1.210759 -22.133960 -10.752983 -70.920675 24.705432 8.982201 -16.265509 -30.368715 16.548829 -59.392375 41.553452 -9.105047 30.549822 17.064865 -29.939694 -29.397106 25.820564 4.253459 -12.321454 -121.837204 -17.332124 14.528611 -37.363326 -3.037122 -1.462083 23.684706 1.521964 8.111956 -11.190508
-2.945329 -6.493020 31.201541 -17.846119 -4.552577 0.517642 -59.217854 39.326950 -18.176589 -29.216834 -3.541241 26.609603 -30.679715 -13.201310 -17.859853 -76.291476 -15.220748 11.931735 15.924305 8.379014 6.991615 -2.232627 15.606767 -27.118977 -19.860675 0.461077 -31.107355 -13.107563 -18.464539 29.577000 14.272172 3.222985
0.423839 12.099704 21.385016 -3.379142 34.088469 1.199002 -32.799390 -9.984137 -32.138000 -18.092460 28.263563 -5.692794 -23.896818 -25.500194 -2.957027 -35.511775 24.123955 -2.744684 -38.929453 -37.404414 -11.834878 -24.546605 26.711552 -27.655838 14.419023 -9.441585 -2.561998 -4.234466 -9.631062 13.356162 28.140216 -4.702260
6.384107 -13.953606 35.933136 10.406236 -0.982929 -11.094413 -2.868306 23.091486 -11.533513 -12.477819 3.185374 0.821996 -31.526786 75.186634 -7.116375 1.278849 -50.645498 -18.154947 -11.711592 -1.791736 -10.964085 2.246277 -55.433822 2.865379 10.947958 -8.300642 0.002397 -10.415951 36.704080 -5.662696 35.448094 -7.048906
-4.470676 0.833730 -9.160988 -0.090048 -2.650314 -6.729558 -1.367585 0.887184 -12.697741 -5.285649 -3.013110 9.339041 -7.810986 51.827047 -5.673649 -3.253663 -21.129552 17.988120 -7.973433 -15.561135 -3.732290 -2.410792 -41.236667 -2.411502 10.129357 -5.288900 -5.759176 -4.080128 26.146035 -6.839549 1.854161 -1.446289
0.994958 0.460546 0.410317 0.650763 0.417502 0.671793 0.936186 0.704080 0.843291 0.151746 0.146036 0.544772 0.925682 0.550006 0.192069 0.885866 0.623633 0.721165 0.231373 0.271187 0.724614 0.826513 0.197187 0.273296 0.172218 0.107457 0.027543 0.234425 0.620696 0.560870 0.715374 0.822657
0.727336 0.396961 0.112908 0.500678 0.763097 0.704295 0.951997 0.676285 0.884491 0.106267 0.485189 0.252130 0.193569 0.924249 0.028321 0.082414 0.658817 0.299542 0.139719 0.501040 0.722189 0.092499 0.906620 0.902461 0.878689 0.420476 0.974214 0.610484 0.536629 0.078232 0.121898 0.365281
0.805825 0.495904 0.457186 0.770182 0.995702 0.334781 0.945969 0.473614 0.709391 0.512882 0.286184 0.741518 0.144906 0.881150 0.142872 0.762713 0.711689 0.165336 0.665007 0.147593 0.458760 0.091364 0.079970 0.864395 0.013966 0.019711 0.003036 0.059939 0.279986 0.324774 0.322451 0.678592
0.381386 0.500062 0.557361 0.144611 0.824275 0.092363 0.816368 0.019618 0.155621 0.186993 0.984348 0.070765 0.979380 0.468954 0.335013 0.681420 0.213564 0.333300 0.666708 0.857311 0.276828 0.796044 0.734824 0.291456 0.666502 0.577694 0.507127 0.093779 0.318945 0.990926 0.689041 0.204700
0.978957 0.785840 0.098107 0.979852 0.436827 0.485459 0.654594 0.191333 0.531838 0.705800 0.846212 0.970531 0.534402 0.320784 0.215919 0.212662 0.172693 0.210379 0.391640 0.513791 0.535309 0.238699 0.334225 0.480744 0.228061 0.963600 0.144939 0.767656 0.114588 0.471344 0.930709 0.394548
0.685314 -1.586648 3.117518 -0.166708 1.695397 0.677888 -5.121658 -3.889266 22.633263 -5.360188 -0.438421 -6.300293 13.956800 -7.139809 -7.257606 -12.711066 10.383821 9.332480 -6.287412 -10.576247 -5.472958 -6.491881 4.161083 -7.251759 5.068326 1.223099 -1.789557 -2.111117 -0.193328 3.874500 -0.347777 -0.089729
-4.910807 0.110675 -29.122009 -5.107582 10.521739 21.042065 -20.934840 -44.896426 36.871405 -24.793837 -12.550499 -77.910131 9.052755 26.218615 9.834073 -12.680955 -8.450403 6.680457 -12.721902 10.998519 -1.571748 -7.913181 -71.301373 21.679841 -0.267822 -10.818784 13.036661 -12.067996 -8.419998 -6.040017 -16.810202 -17.922441
-6.838607 12.484102 -34.255890 -14.956792 -35.648203 3.949159 5.829944 -100.299607 -86.011085 -31.223026 13.634727 -115.901199 -11.917579 -36.138915 -3.836609 -39.831100 1.094176 35.438954 34.036134 28.249561 -14.063570 -31.861349 -155.669912 9.434427 -23.385660 -21.737521 -21.630115 -2.712091 -43.437263 -0.204655 -68.859194 -30.162787
-15.744939 -9.161210 -62.012250 -10.061607 -22.089084 -10.549426 -114.123460 -116.465277 -8.278726 -9.341338 -24.973835 10.496507 -125.705026 -200.331744 -11.479578 138.408973 92.016124 -30.036964 -201.226690 -231.446809 -118.499990 -0.346724 -291.479669 -75.904907 -134.260638 -31.693127 13.840484 -20.266530 22.489552 22.989702 -33.724339 -30.840606
-20.526174 -25.822535 -19.472461 6.194385 17.686023 -13.914280 112.347798 69.141821 41.520032 -10.557325 -31.943734 3.375716 -100.556932 -67.610613 14.111061 -128.481722 -40.944384 -101.647240 -89.836438 -133.163328 -112.329345 -19.519298 -448.796129 -110.970602 -109.507445 32.029263 -9.946565 -27.205184 -218.753254 10.042863 -12.774105 -52.680436
10.531010 -15.264804 66.826780 0.024637 -72.970925 -21.282207 -100.961504 9.731409 -204.443449 -73.736871 6.492974 -65.040426 82.040275 -152.489693 -36.788692 -330.647276 -271.798542 -171.705052 -183.230172 -113.086618 -98.231308 -119.020362 19.270354 -225.709495 -209.299311 -59.169464 29.521601 -0.661868 193.794391 41.047567 40.727061 88.626862
3.264085 -22.027556 -54.456650 -78.720045 -3.405105 38.573562 -42.353061 -181.949940 225.559471 -33.863000 -63.264889 -113.443051 47.567336 467.305188 -2.257270 53.399080 -4.438813 -125.321400 -171.806634 -56.839149 -39.947098 16.386678 270.054628 -142.276729 -46.267331 31.358493 -111.170216 -19.035746 288.782456 -5.324923 -133.520084 68.889434
2.925758 -34.975476 -126.457807 -16.798925 4.224589 -20.489568 36.003120 314.033312 -212.902915 -5.791035 31.887650 231.097358 6.642736 -204.424979 62.011466 134.946360 66.394562 7.819789 -85.359894 -31.200324 7.282911 21.268730 -211.793722 -56.440875 -51.749588 -12.420010 73.894269 -9.590854 -164.027569 28.684030 13.943171 -55.030751
-10.784407 4.615555 110.686091 -35.256181 -31.808614 2.668494 -105.309094 -440.961701 45.562692 -13.128754 4.341053 -341.466172 12.149465 -103.894926 -12.847898 -1.166804 -74.544294 -10.205019 118.138860 75.856710 79.092464 -0.324244 40.879429 -44.152945 -25.070469 -37.514110 -47.200204 -24.152631 0.635181 3.231247 -47.370563 -39.085551
-6.142689 1.184004 -12.134625 11.334726 -16.094296 -15.977653 -25.594274 426.611005 -29.694554 -25.081039 -8.981677 177.616069 11.666457 20.245103 -13.239490 15.504099 -48.360808 20.854698 1.900662 -16.396829 -6.905616 -13.493969 -57.848037 -4.769853 26.868389 -11.094091 2.797593 -10.097686 45.165904 -28.185170 77.474506 -7.647890
-8.808932 -1.556360 -16.872469 5.928050 1.738131 -6.664250 -11.932181 4.367930 -17.084710 -11.776146 -1.490250 -6.161173 4.090170 27.899537 -2.800612 -16.154069 -5.381116 16.600478 -2.330319 5.728902 -9.081530 -7.001798 -34.130058 0.293481 2.726295 -2.601933 12.261884 -0.784434 27.464285 -4.090114 3.804630 0.342743
0.190994 0.646033 0.163919 0.891082 0.681199 0.114759 0.466713 0.475323 0.546553 0.670694 0.449338 0.105261 0.888370 0.043318 0.974158 0.451068 0.312092 0.993926 0.870106 0.500441 0.973372 0.161416 0.475694 0.175654 0.954906 0.560707 0.280647 0.530291 0.505026 0.012286 0.482416 0.546395
0.610977 0.794698 0.512746 0.857346 0.719896 0.661557 0.593938 0.036639 0.476765 0.265557 0.452414 0.284261 0.760233 0.799564 0.176872 0.279890 0.554116 0.014063 0.810604 0.091666 0.051712 0.135087 0.036788 0.764106 0.586899 0.391399 0.068786 0.825890 0.565252 0.342697 0.824496 0.096398
0.105474 0.340371 0.790969 0.530498 0.772611 0.447311 0.267920 0.134922 0.226442 0.221392 0.928409 0.054412 0.091211 0.470247 0.976648 0.893910 0.703173 0.929327 0.855093 0.857484 0.831284 0.160701 0.014764 0.245034 0.739996 0.526171 0.715124 0.944647 0.614215 0.028211 0.644613 0.348330
0.316147 0.986425 0.575099 0.484246 0.522759 0.949371 0.549025 0.387816 0.159511 0.421332 0.117481 0.017848 0.568260 0.247532 0.668232 0.841177 0.014504 0.583732 0.952467 0.143742 0.065174 0.478864 0.156178 0.597932 0.651701 0.996068 0.419278 0.775374 0.438535 0.373015 0.751209 0.942193
0.340805 0.018261 0.309257 0.548346 0.640048 0.952668 0.299857 0.781810 0.732687 0.055888 0.515062 0.715486 0.633431 0.784057 0.044245 0.402231 0.760212 0.559437 0.054638 0.256950 0.503177 0.578736 0.146979 0.082838 0.077225 0.850635 0.277831 0.037018 0.614712 0.322342 0.134080 0.509130
-0.707298 -2.807747 1.593261 -0.074043 -0.034243 9.159435 -6.487693 0.066831 38.514012 -6.589254 -0.392677 5.528736 12.723729 -9.554704 -6.708275 -11.712273 14.838126 3.800510 -1.656405 -11.768093 -4.111218 -10.322380 5.953250 -9.741697 10.197163 -0.599484 -2.313087 -0.785795 -8.930562 1.166705 1.253174 -1.665508
-15.973306 -21.088295 -12.990504 -23.308897 15.361853 -8.425689 -127.361566 201.427883 209.356037 -5.991639 10.348731 113.098358 65.509577 -70.603310 21.787638 34.849389 34.169827 29.994015 59.769823 21.311671 -12.729011 -17.950617 31.886594 -11.200125 22.925902 -28.366986 33.100959 -14.059377 -18.018249 -3.093925 47.399545 -28.398362
2.096675 -45.226037 163.006687 27.030840 -29.285091 -8.566136 21.013016 63.862469 -103.977857 -42.431403 54.464255 74.164112 72.520751 -183.211805 -16.753151 -284.146893 -281.098103 -176.524321 -113.616980 49.430569 -57.167531 -57.108947 -164.038645 -198.011142 -152.422050 -12.579459 77.698597 6.140889 -238.071727 -2.059430 154.416515 -2.305824
-7.008694 -62.390015 22.692902 5.776960 3.299564 54.510998 -110.220770 -62.725131 19.625522 -0.332441 -57.025155 -103.719640 182.678115 -182.145236 -43.894378 251.160862 179.553627 329.941015 611.007156 413.373622 256.002958 -32.459295 -613.151152 271.272284 339.562965 -33.283749 -83.121043 -42.591694 -513.662095 5.983741 -292.373249 -2.555386
-14.269293 26.737227 -279.962873 -29.778189 -37.174355 -57.456211 76.686666 -12.933128 -129.614732 -17.697100 -5.036701 70.293535 -238.729448 -29.729511 32.531107 -94.172272 -69.961750 -41.090613 -287.004280 -298.929695 -107.094954 -29.493394 -345.330211 -290.201971 -344.947219 59.139614 -33.514875 -66.871121 -445.079063 14.500671 302.996955 -105.700113
36.118565 -42.410662 231.071085 13.423307 -118.586740 8.098148 -101.367249 55.148853 11.344082 -45.793965 -13.756098 -124.379890 155.588988 24.003131 -37.733489 -88.857499 -57.782525 -278.668424 -385.875471 -200.018404 -247.938987 -96.976545 -302.020400 -197.074983 -189.334085 -79.733274 149.219599 -6.837389 -187.061709 -11.934791 -169.975890 -113.280028
13.480614 -100.850666 -101.906340 -28.347107 73.015670 -25.205299 -8.272165 -92.578674 54.986750 -65.136669 -53.573442 -36.297193 236.120324 63.431055 -30.921543 -396.780889 -127.245720 -268.603104 -307.499275 -200.029506 -126.635157 -92.584846 278.630877 -191.933653 -118.565496 57.724464 -184.808015 56.796657 -22.778247 46.619458 146.489701 118.892085
3.689764 110.463200 31.243598 -34.605828 118.949132 11.692380 -26.878160 117.597196 -33.863995 -1.305796 16.729635 -63.544383 -59.731144 -46.735222 -73.320042 -190.331732 -39.307504 -101.655448 -94.789883 -176.999517 -41.386677 -99.533253 92.206764 -83.339630 -79.822048 -8.078113 150.991017 8.288652 72.282922 14.302631 -33.897159 -13.109044
-17.031330 -29.189119 34.113719 -19.316274 8.957737 -13.519490 -31.156321 -122.701851 156.343867 -14.267350 34.664198 95.992555 -69.461306 -41.531436 34.550009 175.414863 126.460217 114.660364 2.547331 -95.636186 -31.263771 47.056361 312.544500 9.319339 -35.079604 -21.639862 -62.295288 -34.522814 56.412380 -28.838188 68.484232 -62.805415
-2.841033 -3.648810 -50.631163 -2.709815 -45.336876 25.849636 -0.656837 120.658857 -24.160637 -17.305197 1.498162 24.174943 -20.835942 14.000476 10.280058 43.967842 -81.832337 9.690874 -18.159075 23.307593 7.017976 -16.064272 -64.187683 0.788754 19.578419 2.974638 -20.216192 -5.959926 -0.765418 -27.427469 -14.173041 -8.069071
-2.309986 -3.363511 -41.159888 1.455678 3.465642 4.240893 -3.800902 -37.050022 -5.556812 1.545260 13.149364 -17.051679 -43.155024 55.324216 9.753738 21.448810 -28.596463 -9.158203 4.813224 20.616436 -1.212524 -12.375508 -75.061210 1.701587 -2.616409 3.109211 0.575030 2.042922 35.558583 1.747886 16.103253 8.134911
0.618986 0.523537 0.710665 0.607366 0.372059 0.337780 0.919950 0.678941 0.585901 0.850518 0.849860 0.715422 0.223889 0.770476 0.475971 0.150684 0.883186 0.522797 0.284726 0.937265 0.647566 0.012943 0.484472 0.963108 0.141586 0.634604 0.677401 0.688769 0.870346 0.359712 0.672289 0.612057
0.613817 0.395673 0.293421 0.568424 0.360692 0.869861 0.787689 0.400474 0.729568 0.717699 0.300214 0.276465 0.006682 0.715438 0.374877 0.870031 0.801818 0.546736 0.896638 0.496538 0.954778 0.100308 0.437813 0.947698 0.223715 0.192541 0.589001 0.418165 0.956966 0.755358 0.303460 0.932282
0.880377 0.955018 0.101792 0.143330 0.724364 0.546078 0.222773 0.200092 0.195305 0.573476 0.106869 0.754538 0.615715 0.166823 0.607815 0.502375 0.783855 0.739683 0.345623 0.869585 0.449599 0.974319 0.926983 0.076955 0.591495 0.736926 0.904541 0.205375 0.701896 0.490922 0.074423 0.353232
0.766590 0.313647 0.641861 0.899515 0.017474 0.405020 0.142593 0.887157 0.096734 0.570543 0.414836 0.307208 0.865236 0.092942 0.483974 0.599870 0.337224 0.008380 0.177135 0.454792 0.548186 0.228902 0.824648 0.376415 0.309275 0.390955 0.448636 0.424317 0.539604 0.516635 0.613848 0.651794
0.145303 0.334014 0.119789 0.993224 0.141657 0.072432 0.103112 0.551478 0.415838 0.302354 0.146138 0.210963 0.559905 0.011517 0.666447 0.298327 0.519057 0.196989 0.562618 0.412231 0.324075 0.707973 0.582482 0.689470 0.477048 0.394641 0.951162 0.057821 0.165333 0.834130 0.005250 0.392106
15.949885 -19.791097 16.349853 -6.554271 25.526686 -13.514463 14.829848 -11.107041 -37.015597 26.462727 3.831252 -50.590223 -42.059261 -1.928366 9.603831 12.524709 10.795125 -38.588910 -8.327416 1.617926 -12.232613 -7.116001 89.880342 -15.893122 13.577788 -4.698245 -20.426226 -3.048621 -23.660313 -17.047789 39.311892 -17.643720
19.193006 -42.538849 163.341039 -20.013167 33.385692 -7.414181 36.211174 86.791389 -66.079969 46.859692 50.671929 -53.804394 50.556991 21.886576 46.070295 97.253159 34.296838 14.070787 31.277885 -13.575218 -62.572045 37.441403 205.874810 -15.295840 -5.370853 -25.202534 26.079648 -22.829749 27.117526 -34.636376 79.085382 -53.196364
4.309325 -58.583723 -32.831128 -6.632613 -67.115797 -31.151244 -64.658023 -127.182280 10.020063 2.889954 -25.282906 -77.327175 -86.907842 -61.573239 -21.615031 18.566665 200.545265 71.246170 -46.417294 -153.150424 -63.411326 -61.079965 -139.505989 -6.228725 -77.801876 -30.347612 15.105231 30.105190 -203.127419 -15.305348 -89.671215 -32.053156
5.375982 -14.784926 -84.538166 1.970074 85.708621 21.754953 56.586867 96.685917 -57.117920 -2.169013 23.922072 -6.375003 -147.601675 -38.324137 -2.513073 167.666640 151.719461 144.996870 -121.649683 -197.102368 -174.883504 2.248824 -206.887518 -44.718272 -170.908762 13.362419 -35.387738 -38.916107 64.528915 -80.593843 151.410412 -215.065871
1.166572 -33.836953 -15.491276 -21.395630 -37.364454 -9.911581 -74.471968 -97.200430 -17.431391 -28.437070 -35.437725 -27.703941 59.830685 217.557247 -26.803856 -228.710519 -214.411179 -255.319282 -113.334378 4.653051 -124.288991 -56.946307 173.479666 -147.600051 7.187513 -37.177547 -45.137940 -19.627928 190.746402 -57.876505 -126.856984 -17.048402
18.986437 -87.153912 -87.060817 25.253148 23.130653 19.987128 -54.113910 33.122250 -68.416596 -28.034742 2.753359 -106.352092 58.872715 68.200250 10.463720 46.367495 -2.193725 13.449332 45.115433 95.532379 -14.738493 10.902887 -370.129660 -51.434037 2.619735 -8.168083 2.380255 -37.669420 -85.845255 -14.778630 -36.817262 -15.899375
21.918896 34.735369 -1.018863 -3.635234 -63.501942 4.048115 -15.957531 -49.311916 11.844924 -15.855795 -27.586996 -134.028228 227.674992 -336.169925 -30.426827 -87.468936 -61.937979 -7.818810 38.833679 1.508650 -24.116106 19.050460 59.922273 -22.565597 39.778986 26.081772 46.251397 13.849537 176.555332 26.138047 -30.254757 10.075695
2.782740 -43.921636 133.943011 -26.187090 74.976731 -12.352957 -2.389170 37.753120 127.905306 -40.464283 -3.930565 44.694772 -24.913043 -139.388385 -4.890994 61.623755 -73.564082 -9.602198 -148.940198 57.830969 -67.380686 22.642967 321.105047 -76.095349 15.551827 -16.938864 13.235718 -22.847035 58.759205 22.873281 99.893539 9.047478
-20.897813 -0.830657 27.783972 -15.532015 18.189205 0.295459 98.890060 46.490875 -54.330420 2.682762 -13.770109 114.029452 56.028241 178.907036 18.908456 -95.741731 -138.226998 -22.850115 10.480659 1.959713 41.657970 -30.420886 47.091940 1.064875 6.486046 -4.538219 -21.300226 -2.469329 45.346979 -2.125882 -45.778491 70.188358
-4.675968 7.435198 -63.832375 -12.910439 -10.548655 22.622674 -60.320427 34.732314 18.765286 -3.789320 23.891160 -56.590450 -28.500716 63.144077 8.854314 21.295436 -27.219049 -21.165508 -11.690649 -32.274075 34.688307 55.725056 89.347832 26.303709 -33.069785 -5.059397 4.006373 -5.165369 70.966025 -15.872039 -11.950789 -2.092859
-0.781817 4.612329 2.497426 -6.081169 -5.236394 6.031416 1.874971 7.149232 -0.935536 -1.595841 -3.677012 34.070036 6.713673 -56.642146 6.327178 -8.407854 5.326050 -3.112870 2.001592 6.484992 -5.873037 0.833607 43.612810 2.650725 -2.124962 -2.419465 1.196415 1.240857 -23.601152 -5.990696 -19.525890 -8.902681
0.386579 0.749472 0.860191 0.156088 0.261299 0.739969 0.998075 0.964833 0.943017 0.016009 0.743577 0.141559 0.882634 0.339889 0.029455 0.698293 0.104196 0.481399 0.039521 0.901992 0.722143 0.744796 0.775222 0.199964 0.208635 0.679687 0.075430 0.442147 0.597856 0.772210 0.573717 0.312919
0.601979 0.662057 0.109095 0.459919 0.885768 0.463944 0.332976 0.776755 0.472396 0.254101 0.190309 0.569189 0.399737 0.448969 0.122584 0.192066 0.781244 0.221754 0.602898 0.210564 0.657441 0.858102 0.899993 0.025265 0.242945 0.802817 0.080045 0.569341 0.335651 0.786492 0.844681 0.841745
0.090227 0.051287 0.312872 0.037360 0.025886 0.672927 0.889694 0.245496 0.287870 0.299915 0.776531 0.040759 0.727746 0.359916 0.428625 0.853532 0.043992 0.515287 0.501696 0.210200 0.198802 0.161849 0.484354 0.968643 0.482661 0.217444 0.016458 0.811444 0.080674 0.170584 0.044269 0.089945
0.416729 0.981357 0.729412 0.458117 0.855049 0.961293 0.424717 0.412829 0.799028 0.018069 0.405260 0.877103 0.693015 0.872784 0.427530 0.103777 0.236797 0.320141 0.254691 0.865855 0.818889 0.571087 0.330063 0.696429 0.774549 0.164523 0.749828 0.658559 0.483566 0.927674 0.610926 0.737433
1.639820 -0.584849 26.951109 -2.428616 16.273240 -10.164827 -0.186734 -7.977895 2.544472 -8.191437 4.088782 14.382787 -17.110044 40.401897 -0.974522 -8.968279 1.408654 8.691423 -9.226642 -4.479264 0.443605 3.783761 12.373227 -4.770571 -0.180603 -2.391379 -0.858521 2.016793 -6.253233 -0.907562 23.665253 -0.556365
-0.677219 -6.532993 4.888520 -11.331733 -8.569486 2.047022 -11.386734 1.218443 -40.790024 -2.753879 -29.844416 32.259301 -31.523339 61.427848 1.990932 -11.555098 -8.705770 -12.785028 -7.788188 13.758920 7.362504 -19.009767 120.634412 -10.127924 -11.774019 -1.350927 -19.408635 13.408365 23.222493 -11.570432 -6.554097 -13.781619
-7.117434 -1.701799 -107.721291 -20.084599 -75.319505 -40.260796 -11.280997 -56.127660 -40.446113 -27.140507 -40.601323 -40.111445 -58.823041 -17.117762 16.434883 51.292437 -26.042867 -19.124206 -17.030263 70.325304 -20.515944 7.954648 71.833596 -14.388593 15.737102 -21.574443 -21.306285 0.386086 -9.954269 -35.855632 -28.324153 17.182954
-15.127297 15.835539 -3.144997 19.174775 -39.394975 -29.601904 1.394622 0.513944 39.261126 1.059412 -12.055926 13.846056 -64.056239 48.501664 4.376088 21.582674 -25.810602 -91.727283 -32.903060 41.478144 95.009264 -4.259066 -26.563371 72.029969 131.599528 -2.538875 -17.260601 21.794404 -37.158394 -6.331397 54.962395 19.939354
12.818148 -20.281475 51.593541 17.732002 -6.297175 -7.757103 20.187413 -58.119288 21.085659 -26.399423 -10.695176 -17.493549 -23.972986 -102.690622 -1.624740 47.215926 -70.786928 161.180699 163.595092 254.426064 135.567435 71.199190 16.374593 -63.737773 -8.626617 4.560793 -11.516889 -23.154926 -153.600366 11.478607 -20.402611 7.819298
-7.225589 47.944526 -77.050264 -1.031141 -36.500191 32.253575 -63.609956 -49.475941 -10.735981 -9.536608 -21.681551 -40.895643 -23.273390 -6.759318 23.628351 -2.249284 22.368563 87.045787 -18.372615 -96.644594 -53.224745 -15.313370 149.997981 58.371469 -27.041595 -29.399958 59.715809 -0.919326 79.798525 -2.136416 -31.932799 -34.129763
-8.136655 4.390503 4.351588 -0.749051 -50.934016 33.867074 70.309974 -14.887016 10.565128 38.446919 -24.419381 29.786794 -89.766868 142.364387 -2.289520 43.791683 19.891903 81.593987 -15.202522 4.477282 -48.657990 -31.686178 -65.144873 1.932702 -30.091850 47.262886 -34.330563 -26.811577 -143.812517 -4.447906 -44.566971 -11.619166
-13.715063 59.478982 23.580464 31.859940 -25.603048 10.017922 -13.767143 -1.202721 -61.713876 -15.046595 -21.271978 -8.873075 -4.994656 -25.334873 -19.094050 -39.066073 -11.985096 12.141486 5.353356 -14.751530 -21.073428 0.194523 -242.294107 -43.051146 -98.817153 -5.036575 10.584316 3.470653 -195.721956 -24.588713 -2.977715 -20.044671
-6.718235 40.292752 42.352896 -17.567733 137.905446 6.602390 -54.369467 -60.144045 -17.245788 16.310614 66.750817 29.524673 13.366244 193.758995 29.597486 93.917190 165.597133 47.210046 116.389067 -162.926306 103.397457 -107.902713 -108.302204 189.893753 52.222009 -11.136851 38.110296 17.241232 -143.648449 29.087900 95.438096 -12.195367
-1.785756 -30.528920 77.731587 -0.823012 -88.156556 23.399235 -10.507649 2.077275 87.237572 -31.341489 49.173512 64.990723 4.770390 -5.809738 -13.779258 46.875306 15.756795 2.248457 -97.358858 125.475434 -44.545685 72.055636 332.541396 -56.156057 46.905065 -3.321112 -63.104192 6.106119 161.887592 -14.102551 -54.410403 7.066225
-19.279015 9.307883 -13.314066 -7.273079 29.774215 3.939823 10.946138 46.894563 -25.273294 9.272493 -5.748785 -5.484371 -26.923193 48.880109 -10.765380 -21.298021 -26.322645 -48.220019 -40.570076 27.144464 -34.710168 29.253563 -565.317060 -0.718534 -24.330572 -13.591259 -4.609275 -0.321458 -177.318967 0.148381 -23.764632 -24.489574
-4.241708 8.954453 6.674133 -5.926908 3.715472 1.992054 -14.286002 26.247433 -2.954087 -1.090363 -1.664719 37.318146 -10.722820 13.724022 3.370921 -0.582209 6.873992 -13.818018 25.301268 -43.402106 3.915924 12.874227 407.434540 0.345083 23.215263 -2.009488 -6.263086 -4.639134 31.712569 -10.218542 9.110912 -2.692509
0.581935 0.409575 0.274509 0.806424 0.192591 0.016269 0.143743 0.551527 0.182486 0.199986 0.998734 0.861690 0.681755 0.955379 0.967849 0.312128 0.255281 0.212635 0.435966 0.566265 0.745095 0.327237 0.658655 0.682402 0.609020 0.031330 0.084325 0.844507 0.834237 0.026194 0.739110 0.953054
0.901752 0.069352 0.296420 0.975315 0.783635 0.590801 0.343970 0.347230 0.492110 0.619062 0.373731 0.775946 0.052405 0.850078 0.046171 0.450615 0.647934 0.890989 0.771414 0.658078 0.835065 0.940191 0.671995 0.515431 0.964803 0.820328 0.593509 0.373993 0.635555 0.434299 0.121817 0.749478
0.854709 0.861697 0.460884 0.870227 0.601683 0.526518 0.455253 0.436513 0.464343 0.500806 0.530185 0.936372 0.778433 0.692813 0.712103 0.924744 0.442854 0.708568 0.657611 0.539227 0.337010 0.115168 0.903078 0.043309 0.309523 0.973760 0.358980 0.600975 0.160409 0.984201 0.202379 0.958773
0.391318 0.704564 0.210085 0.160607 0.995464 0.645040 0.911985 0.037193 0.696180 0.055048 0.358694 0.636131 0.642181 0.351962 0.302570 0.095685 0.245414 0.469626 0.752021 0.269117 0.900201 0.915354 0.614585 0.456000 0.782814 0.823087 0.694778 0.607772 0.246718 0.661884 0.236747 0.579423
10.442082 -1.783090 26.975917 -10.058561 27.554027 -11.389349 0.633175 0.997843 12.880080 -1.815237 -5.627684 48.233905 -2.256446 -60.315605 -1.764879 36.424225 -6.633089 12.821691 -35.389576 27.400886 -12.843898 1.392507 35.247620 -10.079135 21.668284 -10.404832 8.310116 6.588816 -16.859983 -11.399051 11.357363 2.906221
9.810251 2.749347 15.217274 -6.594088 -46.956290 2.184591 -5.872269 51.032535 -26.272874 9.457216 -1.763128 4.928943 -0.874536 38.264336 -5.624260 -8.077640 -31.723698 -9.611981 -72.408482 0.080886 -52.596078 6.778569 -91.058536 -5.020605 -40.490990 0.265047 27.031774 -4.583424 -17.373645 -9.869635 -52.348818 -6.648466
-14.860302 51.043727 -15.874530 -35.028892 -14.401880 46.122020 62.845510 96.844643 -40.417916 29.932964 -16.310375 26.269148 -50.288960 -217.314151 -12.945545 62.649157 1.574979 -20.379310 -52.285038 64.943835 -18.314871 -11.250983 91.832444 -23.805613 -29.723078 -18.217117 -15.275955 -18.534477 147.753444 -32.144591 36.800348 -36.180897
-21.632473 -77.594002 -38.230609 15.646064 -0.807257 -72.437256 -38.624711 -75.192152 -7.249378 -20.227969 -24.856451 -50.997281 0.418697 -112.023774 -10.187583 76.333331 -28.248470 -118.469924 -150.557975 -83.355910 -42.293848 19.365222 94.048254 -114.106447 -111.618151 -3.368405 -37.869616 13.621315 105.350772 -20.362223 -28.432722 21.408128
-16.110007 93.039882 20.681101 0.435831 -8.952447 -20.847343 102.668143 89.471889 12.883357 -17.809516 -15.192860 7.657818 -23.183078 10.345968 9.966444 -11.489395 -87.635872 88.184558 -1.132475 71.112985 -12.514747 23.176418 -118.457697 -64.621431 -36.520931 18.255478 -4.474452 -13.669243 -105.109147 7.319088 -47.873891 0.075866
-17.552149 -38.172936 -146.790407 59.045701 -81.232203 -2.965029 24.123841 65.868276 24.003082 -19.727391 -27.729417 50.412456 -41.744643 -253.072951 -9.749589 -16.467688 -76.090162 66.071495 49.504965 -16.965894 6.519310 67.641108 370.307787 93.346691 51.695388 -20.159522 -32.479562 5.729306 31.523830 -19.766131 -42.918683 -27.421720
-26.211206 -36.124862 -22.172485 17.611359 -72.859587 -21.884661 32.864121 -48.246210 -52.311211 22.771408 -41.526012 -78.995424 -68.016743 37.615947 9.444766 -69.930818 -96.940213 -160.759584 -196.746454 -52.113415 -96.884017 -25.358927 -390.447533 -77.380282 -55.537203 33.571933 27.893075 35.792588 -137.317758 -16.568738 -87.107204 -26.071558
-19.600370 -6.391953 -110.583884 -19.987665 -17.688088 47.071717 -17.340646 94.810654 49.095266 13.945992 -38.461572 121.437457 -78.722707 14.406980 -12.341719 -53.555733 -17.044834 58.965227 207.126942 222.368895 272.142584 37.814791 165.825702 -16.986410 220.442680 -36.998461 -9.443103 -20.372479 125.651426 -33.919362 24.221611 -44.677849
-32.259111 -15.736282 99.268877 -13.694915 28.144782 -23.277415 0.628418 -60.098721 -25.859135 14.174436 20.551921 -186.416432 -185.935263 -78.175310 -29.486427 7.312567 -104.917095 22.672364 -56.544009 -32.395536 -77.675951 19.034732 -204.384276 -15.269635 -145.895615 7.657515 18.279301 6.770210 34.384965 102.587314 74.051277 68.717968
-4.854780 3.334368 -14.675137 -5.872671 20.173502 -21.263319 17.962405 -98.605448 -43.278308 -6.577288 -28.551411 132.244629 36.255798 67.396150 31.043275 -5.088436 64.300045 -87.113224 56.804875 -52.917238 11.441200 44.199871 124.831988 91.358101 15.501385 -10.090962 25.280662 -3.674746 -56.856477 -35.149001 -15.655770 -19.550236
7.927131 -13.479324 64.149345 -7.512825 25.552747 16.523749 -53.306506 24.426604 -3.457630 5.264762 2.070790 38.354707 -25.846334 12.174237 5.046749 -8.444911 8.054457 -9.743892 -46.416933 27.029132 -45.978178 5.040260 -524.234124 -22.646059 -43.708202 -7.506029 -17.185792 5.527604 -93.142616 -8.415985 10.828330 16.206128
-2.371368 6.966889 24.265568 -2.300469 5.737493 -3.311056 -12.495317 -0.491588 -0.548176 -0.054875 0.843639 -13.615312 -16.836459 36.321473 -1.079835 15.404598 6.593925 -19.007208 37.268190 -62.184029 26.148798 28.897167 555.834848 11.302503 36.668584 0.522946 0.940014 -4.348186 38.364502 -6.030660 0.577919 7.119381
0.174882 0.198815 0.577590 0.223234 0.317875 0.021565 0.528474 0.537824 0.743316 0.232115 0.367033 0.434296 0.609492 0.276626 0.014412 0.782773 0.592144 0.438540 0.948598 0.099708 0.101650 0.520496 0.970860 0.586435 0.765926 0.838484 0.176370 0.777601 0.772362 0.848595 0.561709 0.369814
0.253442 0.820638 0.131300 0.921500 0.553419 0.597449 0.084860 0.252610 0.786077 0.223341 0.204763 0.154627 0.812159 0.841741 0.936693 0.931496 0.349348 0.314231 0.655400 0.272381 0.279290 0.949917 0.969618 0.140144 0.948085 0.494579 0.418732 0.716883 0.999383 0.696150 0.440002 0.797801
0.755526 0.462101 0.810906 0.866170 0.173708 0.543817 0.320460 0.120659 0.864897 0.355212 0.091256 0.743137 0.574028 0.689525 0.322121 0.900791 0.611417 0.402214 0.905862 0.113755 0.683784 0.108357 0.282629 0.523789 0.301097 0.957087 0.338039 0.783263 0.598331 0.925704 0.074859 0.789153
2.549249 23.633662 1.954479 5.945568 1.447288 -1.659657 1.530888 -1.774353 -3.438230 5.531095 -1.048453 -4.203543 -2.460970 -9.612225 -0.526044 3.916099 0.388476 -2.665977 6.919459 0.739967 6.690751 12.452172 18.611898 2.840733 5.193314 -0.300233 -2.586292 -0.021061 -10.503087 -8.156459 -7.144953 3.061354
-2.070656 -1.002654 -32.007268 6.758180 40.609584 -16.644965 -4.498696 4.361761 8.875547 -2.414689 -31.628702 16.546909 -12.513255 19.325442 -6.253733 2.412227 -10.824269 -0.134651 23.315187 -14.743676 13.649324 -9.473647 -17.534448 10.146474 7.551970 2.540276 18.570593 4.893295 10.724382 -6.905705 -20.784250 1.136098
-2.816669 94.234809 4.010180 7.852279 -6.205956 10.591382 -39.641338 66.869605 -0.227491 28.113291 3.274754 25.727361 4.058078 11.895885 -16.818729 -15.388158 35.380138 -25.292364 13.563866 50.541642 13.639192 15.438028 35.164059 -25.460611 -12.632546 1.027206 -9.096260 -10.964175 -32.284548 0.007580 -56.664650 -6.290298
-29.048256 2.977312 -44.503246 -4.289468 3.593435 -12.456275 -11.019409 51.884641 -43.026749 13.719965 -3.482426 45.433658 16.435457 -129.517664 -7.001628 89.844699 89.466757 17.324042 37.976450 -22.036224 53.451826 44.299069 -17.229719 -5.196656 -5.058326 -19.916680 10.302708 -12.076156 -28.928074 6.502326 -47.645922 10.432794
-18.696936 53.193875 -74.162381 8.323768 8.135270 -48.218513 -35.477662 -86.417108 -99.016526 15.370429 -15.652833 -30.015923 -112.632175 14.178158 -15.916904 -25.877918 11.623336 -130.842000 -187.922111 -188.425861 -134.272408 20.621781 -625.034132 -114.439989 -180.252401 16.570982 -16.367970 -29.531511 -199.445948 -26.066641 -53.755743 -37.620471
-30.373913 -18.206219 -36.958940 -3.977166 -82.260330 -26.409932 -29.536154 182.042666 61.342930 -24.650545 -50.348844 40.157743 -115.845622 113.608231 -14.181849 -63.769055 -71.166335 51.595298 -74.595329 -103.768554 -60.780818 0.092680 515.583772 29.118512 18.387992 -36.285491 45.358682 0.016121 -52.343858 -32.590367 -43.075858 -40.375547
-21.094518 -13.012689 16.988009 14.062292 42.262959 3.758785 126.013114 -194.349234 115.914625 45.190990 -20.713256 37.070820 -8.311530 -79.966388 78.690137 71.694421 76.383811 34.758200 -9.808090 33.243943 -51.598378 -7.249453 -277.625473 53.095418 28.593590 25.207404 -0.147317 34.997774 -10.636504 -4.100094 -72.491765 -30.621341
-22.624353 -23.884069 -35.170050 100.698884 -28.362841 -49.087792 -10.889721 286.060715 -218.299292 34.758015 -25.748556 -38.158712 -109.830033 -10.008641 -3.832905 65.889691 46.294991 -41.136683 -46.292814 -83.752876 0.324057 -32.106243 -148.834195 38.123761 8.085289 0.128825 -12.624594 22.491321 -82.367320 -13.202425 -24.915169 -36.777977
-7.625333 -14.599309 61.111094 -15.413527 22.148797 55.906152 -83.118887 -343.379375 129.054133 -4.419045 5.981969 -61.828735 -60.404765 -206.452805 -25.673327 -82.590283 -184.644793 24.686928 111.285838 20.830913 -47.129666 -34.878963 -71.682141 -20.972699 -102.317007 -33.193753 67.571589 27.487707 -50.822597 13.856295 36.969497 25.875530
3.292246 -24.008584 -20.810535 -18.335951 -11.160964 -11.877485 30.320118 185.528976 -15.265024 1.113786 2.587329 42.387731 -24.440110 -17.486720 1.629284 -160.844382 -0.033917 -1.098991 -60.161329 11.992545 -37.216457 -34.987858 72.276639 -44.839609 -19.743611 -43.693338 -65.504083 6.204981 -10.271121 -11.049170 10.848924 1.746738
-11.318010 -49.621018 58.313799 -26.935954 28.711880 -40.520300 -9.975315 -136.018620 -4.814860 -6.426234 -15.313022 -59.608291 -116.112849 -64.320280 4.754504 29.705974 -5.567443 12.387797 108.511321 14.680126 8.023474 10.244777 269.477727 83.493856 30.381085 -8.407252 87.869263 1.905008 37.723172 -11.686372 0.656581 -8.007615
-3.745192 -13.135943 63.377842 -29.925011 70.535292 -22.324901 -0.811187 87.263236 -5.065140 -17.366066 30.305683 75.877159 -21.812995 -14.045491 -0.607241 28.314920 9.492026 33.318301 -44.657063 43.050760 -4.021855 -15.438776 -375.417705 -32.400183 -45.897388 -11.812175 -26.895572 1.361211 27.371018 -17.929796 46.238594 -7.397674
10.193692 -7.434855 16.440952 -3.982649 18.067341 -0.830754 -15.241858 1.595203 1.066095 6.440835 2.106621 -13.191684 6.969807 -24.351389 -1.416176 2.498576 -27.717318 -13.535035 15.671948 28.535381 3.143668 -3.701734 9.451336 6.813731 -12.673774 -5.882428 36.157388 13.528655 2.057127 -3.598267 5.674234 -13.921639
-0.120178 -0.407903 16.908715 -0.518085 21.182110 0.861459 -12.780267 0.394923 13.984280 -3.506712 2.228472 -4.839795 -9.581314 20.131603 -2.772502 -11.177918 -11.197819 -6.296650 2.887616 16.408326 2.530903 -2.137423 -12.334264 3.266122 -7.497867 -3.044229 17.801055 3.188259 13.278350 0.657844 6.452882 -3.389797
-0.335212 -0.477432 17.088083 -1.678047 18.684587 1.136315 -13.705026 1.670229 14.176236 -0.816495 2.833043 -1.883628 -6.773193 18.425980 -3.270188 -4.599754 -9.297875 -0.621025 3.138079 14.917373 1.875545 -1.510105 -13.977180 -3.515655 -5.768159 -1.925873 18.588610 3.560340 14.506945 0.947441 7.598583 -2.499743
3.428604 35.753526 -1.045026 6.955184 -9.716901 -1.999960 1.098527 -1.800464 -4.182480 6.553153 0.045599 -6.392543 -3.257818 -12.201974 0.215582 6.300355 4.472816 -6.311019 7.705795 0.786917 4.268337 10.859931 17.855729 3.026204 0.817390 0.880479 -1.355803 -0.502394 -9.361921 -1.197229 -10.645184 1.496129
5.913793 40.731468 -37.133634 11.521404 27.468120 -4.509888 -0.891758 4.465368 -6.452176 8.988862 -3.942753 -14.185760 -3.436523 -8.559447 -1.721328 5.090883 -1.334242 -3.380550 8.000542 -6.026013 1.104249 7.897659 3.655004 3.991758 5.812721 2.896449 -1.976917 -0.195292 3.542247 0.316769 -11.824099 3.598948
5.555032 49.158251 -40.045108 7.697800 -15.211769 1.120241 -18.706447 -15.086322 -8.999271 9.329209 14.540091 -11.656062 10.806495 -62.240699 -2.668162 -9.145343 18.169142 21.734599 -24.260470 -2.567906 7.096933 12.245475 -2.822401 18.423444 4.235768 9.157418 -1.785464 -6.446802 -6.683752 8.417623 -35.960788 3.023612
-6.685981 -36.678912 8.678765 -21.291316 -0.215781 -20.723996 -38.842489 65.683681 -2.791769 10.946460 -15.608388 95.884795 10.231359 21.123567 -10.116531 -63.797905 4.140663 -60.596264 -35.638385 -30.768941 -57.307095 22.875284 140.193589 -2.343439 20.131077 -8.532217 -25.543068 -24.787983 -11.607415 5.581582 -63.161267 5.229167
-31.746538 69.371756 42.128130 -30.412246 17.524720 -1.948420 40.465274 106.118994 -60.083371 -0.160670 -28.637785 26.421743 -10.989645 75.013079 -15.486497 51.045879 57.661224 1.971776 -33.545441 -47.478500 16.767986 14.046895 354.915568 2.528228 57.024714 -20.534294 26.382483 -16.450800 3.964484 -0.982036 -33.960072 14.885658
-6.787766 -28.730158 -69.050214 11.616912 -33.415518 -16.803854 -42.191644 -32.945832 -29.803692 -31.381858 -34.924090 20.591597 45.772137 -8.003671 26.408774 12.116051 24.510554 -1.677095 15.428814 26.262190 71.383599 2.882094 -429.416020 -23.366726 36.739290 9.146456 -43.369634 18.326368 -0.558865 -1.840137 -59.446489 43.310490
-7.148299 17.455643 -15.424830 -40.839049 -3.486504 -15.749966 45.224724 105.504715 6.933809 -2.769114 -21.362526 24.299064 -28.011837 62.213421 -5.303809 -62.387242 -80.935175 -0.463400 138.627490 112.264605 105.875194 16.374522 434.891953 68.908948 86.746067 12.743496 24.049183 -11.619701 -21.224539 0.835671 -12.377981 23.315022
-5.075099 -24.250582 -69.566623 -26.933595 4.143825 -8.384470 -2.657449 -131.500439 91.104327 63.483700 0.547112 10.966522 -67.496320 -82.322891 0.468640 -105.791433 -49.857782 175.014645 235.477378 45.797845 32.275803 30.151303 -131.398442 13.488182 -5.030187 10.258187 -24.535594 -37.964655 -91.152691 -2.758753 -64.614926 -24.898558
-4.182577 -7.419597 110.725928 -42.882614 -24.190122 -9.404502 122.982354 -20.513804 12.943463 39.220393 39.598141 -8.624725 -105.492336 -24.459150 -0.759733 -48.580648 -21.768357 -77.221039 -126.912442 -120.888574 -46.241656 15.229851 -149.287781 -57.054044 -72.571894 93.656922 11.717697 -4.895550 -102.579092 -18.201766 27.311131 -37.887619
2.916958 -13.089896 -132.879325 28.427026 -19.181166 -23.976107 31.775962 -59.091476 -77.535412 -31.363634 -15.981815 0.628620 -52.999518 -98.729631 -23.794055 132.054194 304.813631 259.011885 142.848669 113.580715 -1.565875 91.300428 29.120566 86.211344 66.120617 19.192755 -60.102776 26.650052 56.727937 -49.675240 -117.632328 27.347817
-4.530319 -50.226930 -37.324964 -22.027368 79.022700 50.134584 -88.994897 127.953260 -47.020356 49.331411 19.634320 -2.135217 -43.713313 -78.006489 22.452633 179.459507 -69.255926 -72.584049 44.595946 -142.431233 24.163719 34.534977 -98.401434 185.712962 -14.833839 -39.228208 106.138439 -29.561032 -5.703286 7.241576 62.052359 -45.559541
-16.710670 14.817131 76.219153 -26.709370 -19.792127 9.003992 0.696444 -153.964704 -8.737617 -17.056009 3.359630 51.890046 -12.637829 -38.206579 -32.436113 -213.030627 -6.907863 -27.400576 -53.261932 133.566551 -132.511627 2.372703 -495.679796 -117.872174 -28.024817 -15.211513 -67.856526 19.082431 -31.864700 -6.015412 -8.404691 -8.788062
-3.629525 33.667277 24.518818 16.262703 19.276785 -32.335115 -40.381428 71.461879 -21.331900 0.771940 -2.618501 -68.597098 -50.972673 26.140542 -18.760493 -10.041393 -48.463703 61.378959 9.220694 -68.148900 48.279232 23.675362 493.967986 -1.786400 29.023099 -4.051708 112.007067 -13.640050 -29.633921 -10.975719 -27.371297 3.659311
3.497127 42.844498 -5.867480 -4.646743 -25.429785 1.118177 -0.617577 -6.790873 -18.546593 -0.790141 11.216982 -26.309449 52.310091 -63.579528 -11.350372 -45.414722 -6.404399 17.648553 -28.636897 22.412819 -10.501114 -15.883337 3.858162 3.670894 9.242851 -5.390016 -45.536515 2.301707 -5.261247 -4.680811 0.400429 -9.923041
1.360278 11.964018 17.169029 1.405883 2.289949 5.077101 -10.138369 -8.812987 5.579169 -5.071543 13.315201 18.376638 -3.906182 15.380540 -5.414894 -30.696985 -30.398149 9.427428 -21.023882 17.180128 -6.444181 9.700351 -20.286686 8.141367 2.883075 5.557776 11.355966 -3.405447 4.908098 5.676947 -0.320087 9.911462
1.212540 23.988625 22.803660 5.672601 16.488567 -5.594862 -13.885096 -2.414832 8.827184 -14.382852 7.900320 9.460630 10.165811 -3.378015 -3.264324 -29.780560 -14.374786 -7.705596 9.981962 12.434659 -0.418181 6.914966 15.991345 -6.809579 -1.401478 -3.355139 7.797192 0.613186 2.431115 2.585197 -1.326324 1.510799
1.798444 22.496211 0.456165 6.575740 3.699397 -2.578928 1.729083 -3.070908 -2.205259 -1.486598 -1.184037 -0.880398 1.544640 -10.291214 0.048349 -1.102268 5.767561 1.132728 1.382751 0.936152 2.147048 10.435333 17.902219 0.858346 1.940640 -0.864683 0.402913 -0.218751 -9.538300 1.132665 -7.085098 3.955888
3.411531 31.069758 -27.092478 11.551782 38.875027 -3.376240 -0.867613 1.988215 -1.682594 -2.322704 -5.947850 -6.682365 4.553856 -8.861890 -0.612156 -5.556365 -0.009819 5.394115 -3.471931 -3.980372 1.187796 6.565700 2.856880 6.616282 3.747812 1.554499 -1.059247 -0.865844 2.058671 3.326697 -11.792947 3.949907
-2.018250 6.216149 -31.225303 0.492177 -4.232584 20.712046 -16.350832 -20.715931 29.168930 20.701165 -1.280603 -11.823855 -12.689911 11.709255 -2.360069 0.393364 -19.554333 3.780163 -34.944439 13.696296 -12.290460 13.207206 -47.948999 -44.465013 -6.134169 11.297643 -16.655363 -10.906257 -4.148871 13.451625 -18.975315 15.216573
6.149658 -43.652885 -16.310355 -20.741962 -6.503455 -3.453736 -10.158970 -32.776502 12.844535 11.608801 -18.239390 -22.268793 -7.122169 24.860514 -10.891414 -44.040875 -18.834366 -20.657145 9.594617 32.541366 -17.516356 14.004774 -7.242585 -37.281264 9.955890 -14.415754 -31.425824 -6.305327 3.679621 8.320044 -36.023730 -0.751707
-3.918531 41.097125 6.188693 -24.495831 46.812148 -14.986010 35.244308 -64.840007 32.900871 -16.415255 -19.190181 -11.800922 -29.354181 -61.983649 -6.109726 93.138729 11.295589 -36.339511 -6.587935 -2.397371 -42.445856 12.915992 -535.464055 -34.139233 -51.046804 -27.509238 -60.528499 -2.554570 13.744542 -1.808173 -27.499810 -6.557189
-3.731728 35.347691 -24.854969 -29.594043 -13.938751 -18.311884 5.330906 22.077318 76.675727 -23.502398 -4.952503 -42.667191 -16.423996 25.931831 0.988162 -42.236594 -83.710616 -38.275504 110.484298 37.286048 109.881879 10.325757 415.532429 45.967998 127.988785 2.875744 -22.577587 16.540506 86.975982 -3.024410 -51.631261 15.656851
2.172709 12.586418 35.424966 -31.733004 1.217677 -2.107018 -11.279206 29.186066 20.197466 -11.569926 5.437879 28.956556 -35.913418 210.209699 3.784977 -155.796848 -116.240211 -20.646016 -100.489498 26.560036 -81.371963 3.762324 -160.925824 -82.429243 -31.490025 -8.006900 -31.943295 11.902594 -70.128513 43.560706 -2.425039 18.635412
12.665515 -1.501238 -60.618154 56.031634 96.162415 20.115606 64.928338 -76.474427 -7.542168 -15.505148 8.233504 8.457984 24.402413 -260.373060 -6.085975 65.457425 4.136359 50.437120 31.518886 -20.969527 31.470224 -23.889149 -387.929793 -9.315962 -16.950927 -25.303563 -22.543473 -27.897984 -206.988162 -20.720956 0.678685 -42.913646
-10.080256 -5.246759 15.263233 54.278579 -128.359504 -13.415977 -54.280544 -106.473771 9.290205 -46.393129 42.506804 -31.926186 46.013491 -93.420723 0.620900 -217.866271 -101.115821 -99.889035 -14.179272 -36.094022 11.917482 -24.152146 22.272226 -71.124263 -6.141982 2.282664 -56.445175 10.499396 1.793214 8.048080 -56.821062 18.583577
-12.515506 25.918291 -11.436995 -3.390490 49.054463 25.811056 45.006880 57.512324 -47.626339 15.359488 7.804340 -22.991369 -99.148682 21.030891 -7.320402 -100.746227 -110.489395 76.207167 153.478957 228.234835 152.949216 72.979106 228.862382 -69.460627 126.701598 -22.807930 -38.574396 -12.284633 145.168759 31.448272 -50.107928 46.106275
-3.840784 43.125321 -20.678548 -19.461836 -29.207832 -39.077983 2.055637 -67.134190 -15.544110 -21.528614 31.782901 -52.813976 -95.881275 58.088756 -29.373740 5.614844 59.303620 35.400639 -190.879380 -58.739467 -148.838107 -7.944582 -345.714401 -40.780393 -172.992230 -12.061704 20.493392 -2.277334 112.284981 -18.120671 35.779035 60.148428
17.957102 -44.123027 93.514714 -10.950002 -73.904820 -4.919298 -61.534807 -110.118180 -48.429820 13.357626 35.658788 -15.604673 42.284775 -119.056176 28.844605 82.005414 135.357399 1.168584 123.764249 -107.949318 142.764678 52.037582 713.872120 81.306948 65.077875 -41.958630 41.421542 -26.999370 116.871119 -4.986199 8.801845 -42.176667
13.296850 11.391507 -75.142475 -3.113807 167.681620 71.848209 -0.097045 139.665875 -25.566454 -0.026727 7.002084 -0.964742 10.042237 135.356579 -47.398604 -15.205203 56.614898 -110.859118 -291.636357 -137.378194 -180.208115 -33.994206 -304.572018 -96.766956 -68.867594 1.538545 22.857123 34.189494 -67.876378 -4.799329 -33.165101 0.675543
3.808612 49.898446 -8.079199 -10.155039 -52.965883 -18.966212 -36.385343 -31.734479 -10.142382 20.453488 10.586932 12.108896 5.766201 -3.942858 -8.900153 -0.133948 -30.656466 -61.168706 11.303180 -41.737946 54.095845 0.537715 50.117385 -42.276624 34.792048 -0.363223 -21.421788 -7.501437 21.287195 -10.977241 -10.308776 -9.772129
2.357177 -63.269875 7.831383 4.722583 19.760001 -14.905655 -2.976827 -6.695219 1.610085 -6.296310 -19.232542 4.107168 -19.243075 9.619238 -1.376168 10.892714 -4.563435 29.207355 -19.764446 -15.449037 15.070805 13.449596 -4.949657 15.264724 -16.001846 9.471061 -2.318724 -7.464969 4.646400 4.709991 31.937785 8.280432
4.274903 23.022258 3.241093 5.219641 -8.095304 -2.187100 1.054195 -2.844512 -4.325072 -0.110089 2.586650 -3.174034 13.520826 -20.078957 -0.463358 -5.310980 4.369151 6.492997 -3.667239 -0.663747 6.807088 14.270985 20.558998 6.943085 1.547503 -2.402952 -3.338840 -1.722871 -12.064944 -1.643832 -4.978595 4.212721
4.398709 15.628332 2.836458 5.651538 -3.403228 -2.686124 1.068103 -2.530106 -1.960619 0.810967 2.474142 -2.179278 10.498142 -16.577127 0.254298 -3.511967 3.441875 2.800946 -1.125714 -1.287263 5.709307 13.782306 19.974874 5.809834 2.089965 -1.436267 -3.173702 -1.323617 -10.905532 -1.201627 -3.774562 4.434635
3.375380 41.503834 -26.190201 6.123084 16.385505 10.583422 1.071636 12.825339 21.163541 -6.064232 -2.110715 -8.708708 19.247300 -4.909584 -6.331816 -17.256454 -18.517770 11.150150 -12.449988 15.382863 -2.005746 -20.770976 -57.939833 -7.297026 10.343808 5.649303 -13.684046 -4.276684 3.789770 10.147986 -10.525412 19.231501
-0.086657 -10.356377 -23.875629 3.227534 9.090061 2.736565 0.390400 2.069604 17.489116 0.567017 7.331934 -16.932078 9.196525 -0.110907 -4.162197 -16.165612 12.655983 -7.003129 8.164251 32.690007 -5.731073 11.842086 -20.807512 -15.433004 6.673103 7.924706 -16.891480 -8.068425 -1.401164 9.574225 -5.816034 18.893612
10.552306 -29.811271 -40.276839 14.044061 -11.367500 -28.142133 5.084272 -36.310535 6.216547 -5.068683 -29.649115 -6.808815 28.966071 -4.509895 -10.578737 -37.683853 -41.457572 -8.592353 -5.995201 1.369857 -13.105916 21.975179 8.527797 -5.367631 4.257546 1.510142 3.657816 -3.700535 -31.006741 -0.508478 -7.899250 9.358812
1.899267 0.617470 14.846564 -24.091180 13.122729 -14.143461 27.901769 -32.117571 49.927639 -32.558513 -12.005530 -6.329031 -34.892397 -24.110372 3.361936 23.014739 20.563168 -67.058823 -36.797088 7.673669 -27.468290 2.998210 -493.045245 -9.694993 -32.785474 -16.336128 5.842575 -5.563957 18.539351 -14.495321 -32.487644 -9.868517
-1.166893 -13.510790 -27.362146 16.947961 -23.033536 -1.021489 19.130462 -21.670774 86.444053 -15.582838 -33.269908 5.437063 -74.117817 115.996739 0.228987 -121.174271 -79.922475 -37.930151 -4.252219 -59.485329 -0.731970 24.389995 313.402630 23.785594 -15.160191 19.986456 -12.691911 -14.215507 -30.470589 -22.482915 61.635838 -16.960259
8.426799 -6.238016 86.960892 -45.898365 65.071669 10.420859 93.925601 -38.458182 -30.129657 9.903149 1.513553 46.338898 -12.505646 -9.439311 14.313619 21.584803 16.035758 -69.074735 -60.975567 -20.998177 -22.381367 10.221089 112.070047 -64.180619 -12.199666 58.671516 -22.138324 -1.492774 8.632521 7.182781 61.784093 19.247670
8.377221 23.755786 17.376519 -7.501172 39.588701 -14.803460 -96.170597 48.362135 -20.691138 -10.304565 8.691622 51.036281 -69.563067 123.302984 5.348031 -11.347347 -20.238878 -41.945142 12.465204 0.938989 -5.736231 -24.963466 -119.528334 -46.449419 -30.642212 -0.278192 -25.999220 -4.017036 -10.244853 4.845634 37.527241 34.491293
-17.967154 7.856865 12.809777 -14.775401 -73.070536 -20.243627 24.704225 -95.160157 -62.033758 81.117461 41.000265 -79.806156 -34.025751 -148.919316 62.721644 42.863898 7.450088 99.606192 152.679340 57.993307 92.295236 -20.262514 -8.749693 78.261927 49.336183 37.411153 -48.010010 -6.740415 26.794863 -1.674671 -67.003363 -54.828398
-4.708407 20.782619 23.083212 7.061773 141.137292 38.975472 -100.745834 40.687843 57.525201 -25.687680 14.732225 116.643681 24.245557 35.824346 -11.532197 -180.651872 -62.970461 -203.878817 -243.772561 -260.546505 -230.309530 -47.134176 -73.088034 170.453933 -118.318176 9.231422 -12.654841 33.675229 -127.771885 77.138912 92.491813 41.829193
-5.997876 68.110114 172.893740 -13.519411 -136.176081 -22.254773 42.543813 -34.303136 48.304392 35.233637 12.384091 -96.083287 -114.917198 -151.950972 -12.003159 312.412214 246.722230 -61.354104 -53.125465 -53.793351 -59.037578 27.602810 -335.731857 37.042260 32.386669 -33.571635 17.977802 -46.305994 135.393327 -36.724269 -88.224925 -97.350507
8.257683 -60.439233 -134.406335 39.939640 57.509050 -20.214307 -42.158015 -13.350969 -114.628541 -18.967825 15.158970 -43.637245 79.464548 -20.296762 -14.524063 -215.094915 -77.765681 64.066813 133.499216 107.954486 105.328579 -13.996383 650.079471 44.638207 81.558085 4.940796 -6.378989 37.473341 198.735624 -8.199940 28.797251 66.000898
-7.725442 50.338791 13.339348 -8.711392 -33.148597 2.813780 38.105498 51.550118 23.480062 25.166759 -17.582038 -6.364136 -57.416299 79.923230 -7.167553 59.541315 -64.844453 20.060466 13.675796 58.866354 11.493022 9.254529 -257.994038 -5.249740 -1.114945 -10.864510 8.794392 0.673618 -9.110690 -10.281614 -30.134331 -9.762937
9.338139 -9.127423 -15.643145 17.931109 -3.315295 6.479093 -0.727593 -6.324615 -9.676655 -6.054336 3.249351 -7.960188 29.070984 -7.208791 -9.692977 -25.350060 13.886332 8.520594 -20.942208 15.815323 7.476730 7.274238 -5.324205 -25.671672 3.182309 -1.610235 -10.022449 -1.869306 6.309334 -4.052560 17.506634 2.147000
-3.075618 22.556250 8.958611 -4.140523 32.902870 -13.878701 -2.478046 -3.448098 -16.449863 11.819115 -9.568874 0.456898 -34.594240 44.910986 -0.918646 -11.672413 19.533804 -17.264096 12.303956 -6.429291 1.219819 -6.432198 36.054756 -6.259960 -3.456109 0.487551 -9.761416 -1.981901 5.077515 5.458997 20.198948 8.731513
0.103689 0.894885 0.914307 0.839630 0.900108 0.802137 0.757402 0.552843 0.890303 0.025273 0.803226 0.381303 0.154089 0.539791 0.750559 0.612559 0.850919 0.238649 0.478302 0.536380 0.616935 0.544757 0.696971 0.797807 0.296889 0.540641 0.406697 0.082262 0.115089 0.672472 0.474397 0.838935
0.510886 0.894222 0.421897 0.406917 0.644880 0.581391 0.958645 0.937468 0.767323 0.432208 0.262265 0.102439 0.269643 0.059522 0.786646 0.592809 0.498048 0.779158 0.857931 0.254806 0.440823 0.667708 0.612269 0.227851 0.557012 0.166549 0.974243 0.630114 0.775540 0.712326 0.293518 0.337288
-1.810602 14.021539 -1.335762 -2.003844 -25.045812 20.554838 0.030929 6.082081 25.672061 -7.964236 3.144897 -5.009351 14.743604 -2.639386 -5.029476 -20.159491 2.400604 13.382991 13.201580 0.247773 -4.871689 -20.775698 -29.716287 7.072814 -1.137234 3.288570 -6.389965 -1.268531 1.526530 11.614618 -2.355271 12.652735
8.169848 -3.382903 -74.238537 -4.860545 -8.164104 19.045621 6.675417 12.778087 -1.485653 -11.259201 -0.460362 -22.603119 4.456160 -36.756543 -14.032149 -2.350090 -13.235574 -2.632376 22.987191 26.570877 -4.248281 -27.426128 -16.244449 -9.255065 -2.333135 6.767327 1.474787 13.357729 13.307431 -0.720369 -16.560506 10.747460
14.356694 -15.866366 -39.112759 6.032669 19.112869 -4.137847 10.822007 2.604836 48.573017 -9.139877 -19.355343 -18.578165 3.162546 -94.836806 -2.803869 10.407149 -8.920638 41.312177 13.729576 -5.751158 -6.459362 -34.016888 4.901898 8.463746 12.907672 -1.507544 -49.552526 7.606263 7.877337 -2.682187 -30.473230 -2.612433
-14.080065 -13.022462 -35.894693 -4.221028 -10.437017 -18.836420 25.976558 -53.375879 -64.781905 -18.324429 -15.508786 21.493252 -28.773615 40.017826 -11.692947 -16.829347 -30.153275 15.401361 49.452500 24.887867 5.645417 -21.085143 -501.188706 -12.051374 -10.789448 -7.295541 -21.860190 -3.857438 38.746486 -5.567855 -18.971151 -1.834820
-7.201003 -12.984885 54.341968 14.933283 0.637084 34.765133 20.249140 -77.703412 43.316086 -15.200998 -19.935631 -3.567440 55.627912 -32.243097 -17.796219 4.888364 -67.893967 18.791413 37.272316 44.635758 42.775048 30.844399 210.698066 -11.296796 -12.904179 -12.358043 52.040493 -7.973475 -67.594299 -14.561892 -11.320525 -32.446831
5.690333 -29.097551 13.776777 18.365674 20.992740 -4.159823 20.327820 -33.499118 17.124364 -28.733327 -12.189868 2.600531 4.396675 -99.725551 -0.178018 -15.168929 -46.438483 -17.403717 -32.242550 -33.471278 3.486480 -34.892958 72.690105 -51.796127 -30.051661 5.847312 5.644511 6.375444 52.516058 16.922669 111.591103 10.923329
14.075055 21.072512 -75.788759 -12.834795 16.649346 -7.050494 49.480104 35.766289 4.492340 -11.551791 34.073423 31.171013 -46.554814 114.629304 -15.079496 -68.835107 -69.833740 16.789910 11.756362 -12.646079 31.551158 -39.895537 -198.000859 -27.582127 -35.696452 43.110010 -40.204972 6.567921 -114.019395 -0.232227 6.890397 -20.136386
-3.997676 -65.083923 58.736587 5.032081 -28.113873 -29.890158 -29.523099 94.465180 66.099540 58.973027 -23.003592 14.093598 -66.803572 -161.533386 33.501455 57.367169 42.623828 125.003422 182.609381 178.462003 4.485088 -23.917436 -377.359277 112.043092 62.659530 -33.599683 42.700606 -5.709990 -31.300539 -40.653498 -32.663935 -40.483203
-10.762851 -37.483162 -21.173384 -4.834462 -36.374474 31.465183 -6.919943 -32.911043 -82.630893 -25.103077 1.198021 35.975383 45.597413 -11.834791 -27.952551 -134.463380 -158.572989 6.352616 236.149712 78.939769 232.731745 1.189824 387.878856 78.297341 154.428525 -34.288579 -28.993520 -17.585368 -198.863159 -40.567609 -50.148878 -28.051493
5.599962 48.030336 -47.792811 13.177239 60.684659 7.066040 -0.992360 23.646543 31.597237 -39.249969 -9.486095 11.291482 48.989428 151.027664 -6.373574 -180.366136 74.853819 57.229110 -52.893872 50.080554 -7.129482 -33.914090 127.604252 -55.402556 64.647696 -10.634782 -24.270741 59.746914 4.928393 35.593818 -23.555725 61.955668
3.758126 -17.222844 56.343557 -4.548799 -55.951051 22.298067 -46.448155 29.254329 -68.751081 13.920178 -18.428735 -15.609534 -44.418520 -58.819030 2.100611 70.187856 -20.684190 28.099518 46.597668 -9.261680 48.904924 -23.344459 0.282732 -1.052142 -10.372965 7.068136 17.634170 -9.331495 2.851012 -1.599205 42.625111 2.275916
6.743658 0.904789 16.325896 13.362664 -24.914388 -3.908539 -9.300341 -34.894353 -9.254932 -17.362034 -13.372842 -28.883174 42.177608 153.012631 -12.393707 -101.714201 -47.952473 -20.753826 11.725207 -7.399366 17.136088 -5.072075 109.794534 -9.853025 -7.621559 6.776298 -17.467821 5.482300 105.510050 -2.806200 -32.799334 8.739519
10.267061 -3.252336 -47.712150 10.861057 -18.856089 20.304740 9.046884 12.397897 -4.512508 9.236679 -11.766374 -13.159108 -13.757160 53.564822 1.895092 9.222900 -15.760617 -19.912661 14.131108 9.275530 -14.843081 10.067139 95.584088 -3.282718 -15.794973 -3.964062 -2.565767 -3.514536 119.638740 3.564244 -38.713222 -2.514696
-0.121039 4.919871 -39.034646 -3.554796 -16.610138 3.117308 2.071059 1.322057 -29.388261 11.293726 -3.967767 -12.468201 -4.880121 -16.882908 -0.585332 -19.528293 7.105431 -10.902837 17.991617 5.223143 -10.850686 -1.255019 11.212607 -1.674873 -12.526586 3.133603 -3.522760 -6.515386 39.584072 9.312369 -11.167729 12.365356
0.588662 0.010636 0.666432 0.265261 0.026278 0.084008 0.141300 0.327897 0.717484 0.888143 0.184332 0.045866 0.915382 0.724930 0.468704 0.496430 0.850502 0.036443 0.428564 0.314339 0.493271 0.862988 0.068783 0.091384 0.125018 0.888233 0.159725 0.172711 0.852743 0.275662 0.035739 0.886868
0.050099 0.101349 0.303984 0.234435 0.871770 0.696306 0.382308 0.466970 0.473789 0.283267 0.732860 0.196489 0.983173 0.882683 0.732116 0.824902 0.727922 0.391737 0.778531 0.726456 0.315341 0.968387 0.758087 0.019300 0.282663 0.746782 0.976296 0.889586 0.143346 0.267147 0.936919 0.058696
-0.280112 -4.412632 4.163820 2.106892 1.338870 8.694893 8.581180 -6.912979 23.787113 -3.903504 -0.907679 16.392679 -1.009613 0.822239 -2.211398 -2.396094 0.331712 10.713054 -7.169399 -9.000958 -0.205009 5.077162 -0.281470 -0.465568 0.032133 1.998289 -9.573056 -1.567370 -7.344399 1.280189 0.397158 2.370846
11.431531 -16.630322 -66.378179 -2.081309 14.897890 8.015186 19.233647 -4.193801 -9.228443 -0.802044 -2.513705 -2.829426 -6.369397 -33.953312 -12.692646 2.220589 -10.150170 -2.863446 22.786003 -5.930405 -6.964916 -0.838074 21.972092 -7.227885 -2.633888 5.968662 22.599293 15.043567 -2.880656 -6.696044 7.835797 3.636083
0.271339 -2.946232 80.228775 -7.681268 44.352036 7.408518 0.502692 0.235532 39.078449 -8.050855 5.580270 -20.055374 -25.968732 -68.465414 0.965085 15.628906 37.159632 18.993899 -18.404958 -14.085305 2.900603 0.999869 73.543363 25.934315 12.534313 0.662777 10.823544 -4.135311 -14.129865 15.822979 35.841980 -16.421053
0.143076 -31.574766 -38.562112 -20.761423 -10.378280 0.218674 41.270461 -21.063660 12.279523 -0.446469 -18.260902 22.501092 -43.529170 -13.906296 -0.563909 47.304502 -42.813583 38.289379 7.286147 79.128821 -40.098609 -5.345193 -675.135773 -37.793373 -44.777769 -19.508884 -56.989020 -20.803375 5.962558 -13.792675 -47.003753 -11.024398
-4.704753 -42.958776 0.057483 1.336844 38.587431 -16.192420 -6.902672 -0.669885 -33.756130 15.018282 -17.671332 -17.486581 16.836588 -102.921088 -13.858030 49.611831 52.886725 -53.956927 14.809775 -115.523761 30.801467 16.525260 575.452083 41.747988 13.875741 -4.549822 10.046369 3.150635 -100.827148 -9.734719 15.472569 -6.045400
-6.267021 17.787225 47.362947 -15.874609 2.927502 3.989440 -12.235615 -30.775515 23.604140 18.392573 -1.273478 -48.449750 -92.016912 -110.032230 10.688804 138.392633 -27.806072 5.977077 -61.292503 8.581109 -7.896379 9.349285 39.919419 0.654902 -11.058121 -20.828865 18.945663 0.052808 15.533449 25.037858 22.080276 7.161270
-2.286614 65.607461 19.164773 -10.666131 -9.403726 -25.192734 55.235310 83.107144 -62.502015 23.700371 31.435887 67.813355 -13.963074 238.487151 -27.352651 -118.060199 -81.253177 -55.569334 -40.926733 -25.847969 -51.240292 -85.380989 -447.123672 -11.691389 -46.409866 44.960799 -27.339172 2.556755 -167.352149 -2.100487 18.304323 76.714240
-8.295628 -33.269065 3.206943 8.131660 -45.659545 -32.438032 13.197123 -154.641726 42.249563 8.447091 -13.544071 3.234523 -37.823535 -189.015470 4.792724 154.488783 305.910413 177.243436 197.398743 84.048554 207.731114 36.221017 153.164726 115.092737 184.932017 26.192777 36.732031 21.618929 -130.243915 -24.492093 -27.482957 7.319685
-6.741804 -54.082448 -15.395776 -5.292710 24.038786 -5.608230 66.622254 231.923164 -3.023343 12.187834 52.065358 80.638216 -99.146332 -17.379354 6.169785 101.570557 123.098801 135.064302 71.846372 -45.560388 35.219455 25.081379 -660.162532 121.995378 -6.542485 -12.767011 -92.238619 -12.262186 -41.044782 -33.146069 4.162758 -46.890295
13.978120 13.410257 -84.250917 5.576016 -3.222717 -24.559277 -29.153316 -155.651231 -71.717047 3.064286 -15.929064 -67.984358 64.945764 16.755492 26.337014 5.433806 -23.067457 -15.146799 -7.562318 51.100893 -45.492449 23.363743 -6.569530 5.171559 -35.722343 -2.372649 44.390744 5.653894 -33.366640 -43.245160 -13.589049 10.272091
-0.918677 -1.301812 67.370439 26.201754 -9.121651 20.517741 7.790519 94.520381 -28.610492 17.583317 -10.553475 4.962411 0.595952 -31.364635 4.371625 -12.502878 -59.941818 -20.012795 -29.303421 -51.681546 1.237914 -38.353813 23.199186 9.982124 -13.669802 10.452076 -13.431280 -10.860206 4.484026 -5.781804 2.650182 -6.892720
-5.820684 -0.718499 13.245120 12.781324 8.040848 -1.612789 22.324260 -33.234171 64.226460 11.459423 -9.788528 22.052674 -21.418731 76.620414 3.219516 -22.934673 -19.715923 -35.814816 -14.768703 9.822533 16.165331 4.827946 -16.417923 -5.917371 9.215926 4.186892 -9.390251 6.742475 13.336925 -22.222644 12.896071 -15.314592
5.072261 -9.962060 -36.067603 3.928020 7.849368 18.916527 11.770014 25.844355 33.064034 7.597576 -15.970910 20.765019 -19.200962 29.972287 -2.679718 6.991975 -25.479287 4.026710 -4.250901 -10.413466 -7.991061 2.336834 -12.214570 -4.184662 6.423279 -1.160377 -10.811000 2.591482 9.918614 -6.475903 -8.408865 -3.396532
1.860267 -0.975529 -36.508434 -7.144612 6.552069 5.440318 7.369433 -1.542731 9.015912 16.492701 -11.099440 8.770409 -15.108360 22.361338 -1.719058 3.535947 -12.513307 -7.520007 -0.129718 -4.664152 -6.916388 -3.131247 -29.266138 2.715038 6.528536 5.625766 -6.075426 -1.554070 21.534553 2.492396 2.741350 3.854361
0.460238 0.680138 0.987133 0.696507 0.713258 0.329937 0.203000 0.641952 0.802832 0.071720 0.983494 0.356217 0.606733 0.463962 0.532321 0.148471 0.649893 0.963700 0.220402 0.282146 0.330946 0.334948 0.677206 0.118799 0.619175 0.933375 0.855061 0.865161 0.405699 0.032990 0.075761 0.158659
0.408941 0.162805 0.364981 0.819917 0.702923 0.898213 0.053900 0.424132 0.785586 0.788908 0.179841 0.173581 0.998814 0.239098 0.914557 0.478170 0.002343 0.907438 0.391832 0.889976 0.250980 0.081431 0.251962 0.628519 0.910039 0.325838 0.325786 0.908495 0.584195 0.247990 0.733482 0.118561
0.359098 0.883862 0.230955 0.851402 0.814156 0.727898 0.309127 0.733513 0.951624 0.849982 0.521663 0.519309 0.346670 0.571389 0.799297 0.562046 0.450518 0.154107 0.382975 0.896911 0.201457 0.679348 0.011408 0.760120 0.088748 0.517832 0.742277 0.583166 0.183397 0.326420 0.320672 0.964900
6.140739 -4.499680 -2.998478 -12.813653 7.748486 12.351570 1.754000 -9.691683 22.507309 9.847169 -8.696100 9.234292 9.346373 -6.223016 0.825719 -10.848620 1.518418 -3.112329 -3.853386 -2.531997 -10.424052 -0.786947 7.304261 0.382612 4.483438 -3.084304 1.050838 7.956065 -6.570420 -4.465811 26.148292 -5.634650
-1.062562 -10.222831 3.381496 -8.657229 -0.471826 12.566109 11.645804 -71.591655 64.687495 25.355742 -2.086736 -5.114223 -19.243659 -29.622635 -11.540903 10.391070 -34.074173 -3.937997 6.666240 6.372906 -6.891802 3.488013 90.712039 4.411627 -4.099986 0.090324 20.963497 -20.774129 13.719241 15.713142 -6.879628 -34.740556
-1.070087 -3.565657 24.153048 22.640182 -35.058482 17.098095 -38.985841 -32.117840 -8.958813 -24.141820 -6.811875 -37.784197 -30.849200 52.176106 -2.623627 -88.347831 1.842414 -88.306530 -3.670295 -25.218784 31.730810 3.287687 415.346921 -20.969582 -9.501852 6.957977 -12.103544 -24.942363 2.020751 7.500845 -33.402714 -15.456067
-3.455526 -21.840701 7.189104 9.035146 16.692790 11.286520 33.081867 70.755613 97.319766 -17.390044 -19.433595 12.714973 -10.795234 -95.906678 -5.833852 88.978606 111.742722 -69.284701 -94.207041 3.525918 -9.356482 -10.757657 0.461097 -27.406446 -50.276956 0.333083 59.331750 -1.285886 -12.811287 -10.209343 -33.200072 -18.922544
-7.393320 -1.859996 -76.889159 36.872592 -22.467833 -12.022870 26.937027 -97.914094 -155.107236 -8.029480 -25.141719 -19.620682 10.740810 -95.900630 20.076626 -37.451927 -37.391920 -12.858947 15.677090 20.069779 -6.496352 -7.989638 -317.906474 -40.046044 -53.965097 12.295850 -98.709021 7.867202 -6.859882 5.568552 -31.980285 -12.437071
-10.711170 10.048074 4.896457 -2.076372 32.260265 29.172398 -99.965319 109.760515 83.780502 -20.075796 1.771792 -15.392893 18.537933 245.215313 -17.127352 -58.478683 -129.540951 -153.828859 -217.419034 -110.533936 -133.266341 -67.445780 247.585881 -19.596632 -119.680807 -76.558166 132.200759 -42.947314 -10.451956 -29.061278 3.070401 72.028163
-4.813182 37.364231 125.849035 -32.100081 9.768131 -86.789005 195.660392 -140.092495 -56.147659 34.717270 38.750434 21.535067 -106.125582 -64.336599 -5.608360 -342.380641 -434.228802 -273.971228 -35.749226 203.751988 -77.344357 23.479128 255.041771 29.388238 140.469656 35.917253 -100.388905 31.668763 92.630692 18.994883 -10.242431 -63.001889
-23.785445 56.160886 -35.804402 5.213993 -52.501360 71.472101 -159.046938 78.751942 9.094870 -82.408366 -7.540555 2.035928 114.722116 96.513974 -52.245395 -93.961028 -27.972975 68.986957 83.818119 48.699515 64.197055 -83.763826 -266.059670 66.649429 7.455154 16.596419 15.813340 33.406621 -52.652053 20.293661 -37.853794 102.591618
-1.759978 31.715815 -19.480468 -8.836163 -66.727473 19.428756 52.154647 -41.123402 -30.911099 0.696750 21.344840 29.453647 -42.802658 -44.797319 14.599898 -6.752128 9.266801 95.958215 74.769261 -39.452332 20.798452 59.778083 -73.591044 55.815559 25.158101 3.716552 -6.989644 -2.074989 -46.663954 -5.550971 22.165627 3.292985
-4.975918 19.742600 28.557839 10.024794 -7.090082 3.486818 6.092336 10.919452 31.066758 -6.070668 6.784669 -18.925309 -13.273690 7.433106 12.583427 28.922975 23.264590 20.732172 0.569367 4.919481 12.459720 -16.021892 30.910284 16.523926 5.056043 5.730395 11.514504 -4.104102 -12.058144 -7.469079 11.098317 -10.368461
3.219676 -5.256904 19.771705 9.360417 -17.354440 7.094815 4.612975 -27.856140 16.165549 -0.945950 -8.790480 24.018291 16.092816 21.081251 0.531807 -11.565959 -21.141009 28.044078 -28.556492 -12.274852 13.304081 17.023876 -12.240586 20.496213 5.926836 -0.660707 -34.365257 5.479396 -5.022635 -5.527591 15.451416 2.477502
0.852364 -4.532263 -39.991433 -10.538662 15.471239 4.106731 9.526706 -6.637508 10.500740 3.715657 -9.522704 19.524413 -2.252284 12.897788 -1.102260 -13.976402 3.215817 -0.420230 6.424317 -11.531512 -11.012255 -10.633293 -37.473051 -8.799308 12.298439 4.030118 -10.524430 -3.238060 16.008804 9.151559 7.457019 9.011320
0.939630 -1.074936 -32.885684 -7.765900 14.076857 5.044501 3.214476 -1.040892 -1.041687 7.447262 -7.287303 4.474687 -6.558692 21.155278 -0.933899 -7.528546 -7.991941 -7.856627 2.162034 -5.701224 -9.026672 -4.215390 -43.749932 0.988119 8.013715 4.924995 -3.519026 -0.819730 20.604364 4.695818 -0.620712 4.040779
0.887301 0.463683 0.882286 0.580239 0.572950 0.528118 0.598267 0.471852 0.661089 0.483513 0.187702 0.019178 0.430180 0.273628 0.399047 0.725783 0.176527 0.349146 0.541592 0.069124 0.563261 0.050386 0.016904 0.139459 0.056066 0.898546 0.722192 0.215151 0.141619 0.966788 0.496205 0.525242
0.268735 0.349638 0.330913 0.041827 0.345858 0.805044 0.171552 0.264915 0.922339 0.842340 0.170436 0.777628 0.387480 0.358869 0.078459 0.403845 0.221501 0.136330 0.285316 0.553962 0.748908 0.679536 0.985730 0.909435 0.184544 0.826590 0.463066 0.320573 0.388310 0.976322 0.823040 0.395181
0.599293 0.547384 0.856251 0.446644 0.221402 0.016548 0.544661 0.899177 0.321394 0.164273 0.649119 0.229003 0.098996 0.854530 0.933992 0.967174 0.347897 0.033269 0.016737 0.649821 0.280916 0.210639 0.764779 0.019400 0.450909 0.228995 0.949787 0.237387 0.774808 0.058255 0.979669 0.045371
-2.141912 -0.332099 -12.145589 -4.324749 20.705926 -1.402723 -0.042872 -0.723485 8.357380 8.236248 -6.441815 6.821948 -6.302603 27.289933 -1.617766 -4.438308 -5.849594 4.044303 -7.123952 -10.614634 -6.846161 -0.840659 -21.540264 4.643718 8.848070 -1.125579 -5.075085 0.925360 16.921239 -1.096371 25.237333 -4.090270
2.292387 -4.144783 16.641718 -4.903271 -6.725805 5.306782 -28.205841 -6.643387 -12.606154 14.377281 -10.971473 2.747456 -37.919674 29.841069 -10.809780 6.575580 -8.415205 49.542678 -20.997376 -1.688888 10.887300 0.933255 -28.728473 -4.868642 -1.466527 -11.145044 45.148706 7.881152 22.856737 -1.739447 17.158379 -6.370951
-9.147407 2.407453 6.620460 -1.659953 -10.253508 -12.589006 -89.438095 27.804575 -5.664067 -11.016738 -8.763633 22.441851 -23.203252 -45.006503 -6.110431 -3.996295 31.338684 25.233776 -5.035152 -17.577042 15.258965 -19.823507 -8.891006 2.907014 -23.530052 8.297445 2.921491 -1.002651 51.901188 2.157869 -19.757239 -8.430597
8.650802 -20.974835 -29.652785 0.203504 9.713181 -9.928840 74.721133 33.563888 -12.773667 10.294176 -7.416371 -13.181104 -39.619079 -54.535459 -18.080080 -27.275395 45.168090 25.583220 -4.144589 -8.497950 25.282770 15.383252 254.330650 -0.834996 3.738944 41.649606 48.493856 -13.086968 -89.286272 -11.757920 -26.542216 -4.713121
0.201032 -32.239607 24.682581 68.238752 -2.314898 4.987684 -6.300086 -42.045754 50.070906 -0.618974 -16.741094 -22.204355 7.568782 -267.607171 27.063792 120.327624 137.753933 69.862517 13.747835 17.810858 -3.011666 -21.077587 -718.093591 -14.996369 -18.571768 33.490986 -43.619916 -4.104851 -23.151090 -21.433851 -42.552079 -15.296562
29.898268 13.252383 1.686963 12.857244 17.168026 12.225629 15.915849 53.369716 22.481966 -50.002938 15.217537 -50.613207 97.014079 106.656104 4.599616 -128.602055 -76.288450 37.029056 86.173017 -102.730890 77.686809 16.902411 723.929697 53.627498 14.009418 -15.518595 12.956314 -4.169379 22.132025 12.116945 -8.364194 84.032330
7.011504 18.449869 -87.212177 -4.724272 13.945601 19.796168 67.556492 -120.256075 -17.438722 19.293921 -20.211513 74.383029 -21.447210 -48.663575 50.881327 156.087328 161.056415 85.725958 59.258010 1.427603 21.770508 21.889262 -71.814036 101.296211 83.382616 4.584216 -102.239139 -36.950921 -23.971661 -19.690057 -28.398900 -30.468146
14.863455 -47.444701 30.800782 -5.488328 15.206971 -47.113230 36.774088 -52.262416 37.464957 57.512324 19.511617 -8.173859 -59.006462 -86.542943 -5.854794 -15.195132 5.400810 -20.192140 -0.751278 18.258286 38.680058 12.901066 -2.384473 38.663338 15.772817 29.007234 -21.882271 -11.948468 -45.245835 -12.488481 42.432970 -14.330575
-6.858237 19.107030 26.307769 0.141401 -14.458115 -15.769738 6.856710 3.320696 77.027373 6.577683 18.290007 29.203547 -28.014595 -16.016132 11.142969 -11.899959 24.842394 -62.140698 -6.517857 19.430031 -13.697488 30.194496 33.497521 22.129099 -37.150722 4.489541 -5.021582 3.480652 -42.806447 -5.159483 0.013565 -13.418524
-12.337869 11.704304 5.330676 4.101924 -30.077580 14.759000 68.402359 3.012936 -42.750997 1.875617 6.781803 -3.107289 2.313280 3.317740 -4.257458 -0.506259 -13.582127 -36.715959 9.424708 -14.835460 -8.759445 10.845392 33.947775 34.121977 2.515431 12.822400 -24.579461 -7.373075 -14.222014 3.518492 -8.145656 0.822205
-3.427945 11.548272 1.684966 -9.475127 -9.921218 15.497061 -26.454231 17.149423 2.791993 -8.818752 13.723459 6.444262 -8.828067 8.578486 6.415216 -11.784744 7.826918 -13.047208 -15.478764 22.626523 -9.908324 -16.522102 -16.365681 4.772585 -6.046057 7.675798 -9.387891 -1.232290 -1.908625 12.990404 -0.064321 20.137844
0.715866 0.654378 0.292334 0.729974 0.102985 0.033617 0.971780 0.228247 0.394986 0.220735 0.860028 0.625319 0.292776 0.151518 0.248404 0.303373 0.485814 0.366994 0.563363 0.683561 0.072744 0.960333 0.547770 0.123443 0.781402 0.115634 0.104122 0.121540 0.597910 0.699854 0.244246 0.681007
0.024432 0.548830 0.199419 0.370216 0.324745 0.169815 0.819961 0.135915 0.573794 0.731742 0.971672 0.442228 0.643464 0.209844 0.861466 0.790816 0.926886 0.624979 0.407648 0.714303 0.845967 0.214016 0.617584 0.534304 0.668198 0.224829 0.169720 0.663756 0.681329 0.421756 0.963384 0.994245
0.829887 0.994029 0.306299 0.035699 0.134602 0.593428 0.207819 0.768294 0.573084 0.602367 0.911470 0.160779 0.918656 0.702817 0.180729 0.644330 0.023925 0.113640 0.200204 0.522082 0.062335 0.817671 0.834865 0.783805 0.530025 0.553972 0.019513 0.422791 0.852591 0.856143 0.256486 0.710390
0.859811 0.840443 0.825140 0.742579 0.800872 0.662795 0.760211 0.681451 0.402632 0.706785 0.042769 0.780856 0.162104 0.627697 0.631110 0.778142 0.677733 0.026540 0.160447 0.042213 0.908908 0.530949 0.042662 0.462586 0.745351 0.199354 0.309935 0.740133 0.782650 0.241285 0.836261 0.741066
0.336946 0.333512 0.242395 0.237693 0.062481 0.711027 0.258848 0.078897 0.682153 0.010252 0.668319 0.962907 0.347443 0.816646 0.661147 0.240320 0.472974 0.638058 0.744362 0.122385 0.873804 0.755292 0.533849 0.798329 0.691296 0.278039 0.098692 0.011918 0.983797 0.696041 0.734492 0.669733
0.466263 0.236698 0.867943 0.807149 0.406316 0.976618 0.787581 0.946019 0.851006 0.982236 0.695745 0.937838 0.978474 0.428525 0.619145 0.576573 0.182161 0.494991 0.880796 0.735579 0.940059 0.628282 0.451530 0.069349 0.998745 0.845988 0.270103 0.162639 0.997974 0.138859 0.251186 0.252724
0.350631 0.898737 0.214869 0.603561 0.019809 0.246567 0.970667 0.225236 0.951526 0.444731 0.715042 0.570209 0.235479 0.547209 0.564935 0.260675 0.932780 0.437571 0.209760 0.344963 0.640805 0.055783 0.581166 0.224790 0.786793 0.850792 0.391938 0.541583 0.121136 0.863540 0.159490 0.093097
9.138088 -9.590739 -27.335265 8.992948 21.864358 -5.456386 4.521161 68.483006 -7.394909 -2.105468 -0.187997 -12.444180 -0.997081 57.086583 0.271149 3.114995 -13.147692 -2.559181 -12.349595 7.035508 4.265159 -7.187402 -34.065850 -6.630821 15.575991 -0.506521 1.574618 -8.566738 31.991623 -7.508503 2.607861 1.093896
4.741872 18.877488 -27.865389 14.638808 7.513278 -12.722189 120.181153 37.037084 -58.562080 22.445395 -1.454086 -10.737593 13.668770 93.077557 -9.426698 25.084319 -25.238991 -4.321106 -1.839824 5.314590 -8.917608 18.061613 -152.719467 5.959871 7.831152 9.020415 -1.301094 2.488211 19.187286 -9.025830 -5.683661 11.556960
6.385405 -0.177418 34.243287 -6.625444 0.278373 -4.082353 41.971630 36.016606 33.514971 52.239289 -1.079131 -42.091880 -5.403525 -142.486947 0.376000 37.639944 -8.873280 -1.700667 -1.074657 9.979821 -15.970075 16.006413 -59.303365 9.038577 1.248307 3.878417 20.923709 21.458532 -33.222588 13.174076 5.203768 16.277012
-0.678806 27.055987 69.178007 12.251325 -53.374244 -5.994586 -8.145849 68.759284 25.383109 35.474755 3.006109 70.076770 -14.300426 32.690109 -17.758674 27.420706 -23.543242 16.966759 -10.433616 21.396485 -14.799767 20.849135 60.469525 3.586161 -7.191347 6.243441 18.666549 6.110753 -20.026829 -2.832366 3.033641 -9.301028
2.174357 0.085483 11.579246 8.039749 -4.502856 12.597655 -58.666888 -45.160247 -6.661958 -13.224632 34.770407 -47.575598 -13.594144 91.978617 -11.598513 -47.045194 -51.696432 -13.638597 11.289414 2.337940 -3.467353 -9.352351 -27.296682 9.065598 23.022928 5.346738 -19.643978 -2.857663 12.413617 13.185402 30.840947 -10.348153
-2.687884 -19.395827 6.200330 -1.325781 22.153545 -9.131143 22.881021 -5.575109 18.349824 10.369077 8.666303 31.601577 -30.798694 82.752523 13.965556 -35.631278 -23.919029 -19.879554 -4.581310 -8.957946 16.090398 -23.657602 -50.168948 4.078012 15.046269 16.955993 -19.556451 -9.087434 -12.544639 7.961043 43.189672 -10.589924
-2.424636 3.191907 -23.001804 10.617535 -8.912225 17.075547 12.039809 -43.686726 -20.158482 -21.821650 20.644702 -47.011280 48.193787 -54.818831 -0.270334 -5.606191 33.649904 -74.431933 -0.717214 3.098181 -5.323720 -3.789291 -3.037126 9.007395 5.115755 6.056317 -24.469769 -6.320212 -7.268936 -2.095084 45.839982 -3.836561
-3.663230 9.815302 -7.276580 1.249422 -11.169689 4.450390 20.448366 9.756140 2.271296 10.566811 8.444685 -6.966015 -11.687546 -10.691647 0.227172 8.729862 -5.183850 -17.721514 5.814953 7.719787 -3.818273 -12.170500 -16.018643 -0.632451 -4.807421 3.334892 4.537958 10.995832 7.325611 2.551149 -2.969085 8.330460
-1.838918 11.324831 -8.042237 -2.923075 -8.918174 6.142674 -22.664272 16.608744 -1.836794 -10.771945 16.166752 -9.363863 4.492602 -2.224156 0.949458 -6.900424 2.565784 -5.909270 -9.469412 2.183766 -8.771584 -15.100382 -22.369277 0.638118 -0.458429 2.254067 2.512164 -0.142331 11.368524 9.108265 -6.165780 6.927496
0.210977 0.281298 0.660279 0.039199 0.750233 0.370195 0.302616 0.801722 0.178338 0.658002 0.796558 0.371795 0.485836 0.838593 0.651756 0.484936 0.551005 0.249676 0.807927 0.638822 0.559700 0.227358 0.960211 0.240454 0.764674 0.572574 0.241271 0.981553 0.303618 0.162467 0.071492 0.921676
0.679609 0.581206 0.135009 0.141429 0.607038 0.178636 0.570904 0.248172 0.326886 0.256169 0.003959 0.465093 0.769851 0.191413 0.740536 0.063641 0.821344 0.629170 0.258423 0.152786 0.265282 0.097242 0.640516 0.356802 0.321317 0.621608 0.641613 0.826654 0.959910 0.944711 0.491051 0.732432
0.619140 0.905932 0.616406 0.278666 0.294183 0.371873 0.581473 0.790909 0.733073 0.180556 0.895277 0.470859 0.701784 0.204356 0.432432 0.610909 0.749432 0.196033 0.773344 0.383791 0.205218 0.731282 0.840352 0.619107 0.775412 0.631121 0.537739 0.041996 0.401209 0.684001 0.040257 0.102562
