10.702607 5.883730 21.906380 -12.824992 -1.434684 0.630000 6.824864 12.451220 4.248108 -16.441387
-22.248060 1.548166 -0.293065 5.178328 68.776838 -3.689479 -11.444324 1.096016 -10.707486 -7.527252
21.430972 3.260333 0.606462 10.567469 4.640893 -7.233642 -23.724594 2.628517 -22.396226 -15.612929
34.023079 31.491414 -9.962347 4.479448 -2.601147 3.472642 -30.713913 2.391453 0.230730 -0.983484
49.398889 -3.675162 -0.265972 -11.693075 -5.496381 7.867577 26.249404 -2.838390 24.848457 16.653822
-17.328852 15.893486 -16.084038 15.684228 6.477559 -24.122200 -15.545027 -3.729319 20.627411 22.000208
-1.413267 0.140831 -0.470086 -0.502075 -0.086911 0.105308 55.633727 -0.200147 0.125521 0.290733
0.182655 -0.168717 -0.114440 0.104177 -0.094381 68.595782 -0.098920 -0.206252 0.439616 -1.151890
-2.420235 -0.579315 0.291179 -1.087617 -0.512076 0.829361 -38.380563 -0.155831 70.464012 1.756832
-33.840780 21.124658 21.068623 -6.838192 15.679449 -8.516174 -24.027581 -11.898059 -9.104132 -3.564792
-10.972951 -3.119467 -22.113939 -9.760245 -3.761698 6.181446 21.938792 63.707192 20.990127 13.566744
-0.118581 -0.545972 0.047226 -0.075057 -0.002031 0.027976 0.280184 0.003269 -0.047962 72.682118
104.361762 -5.684651 -9.027943 -6.974559 -47.071674 15.740949 -1.043980 90.729841 81.397141 15.582133
-360.831034 3.758019 26.059158 -2.240770 139.210124 -40.925845 -10.318956 -264.126872 -257.201799 -69.140096
-28.558556 13.575025 0.357352 -1.255029 -7.461498 0.655005 -14.883613 4.311925 7.560477 3.654833
-78.077751 11.545226 44.086773 -37.020669 13.457115 -4.757631 -2.575127 -59.276439 -71.492540 -18.633866
93.555757 -48.272304 -6.429934 22.035034 -42.832303 20.574166 8.721240 95.342877 110.742240 12.296419
64.952540 21.261898 -60.069592 52.264158 30.000493 -15.753721 6.859670 -8.345553 -2.927536 5.826996
40.148886 -25.250028 67.552730 -59.434035 -42.578216 20.598750 27.427292 25.230076 19.192151 10.665879
-74.789150 -16.518058 -16.264720 42.272859 14.873242 9.657775 -30.000668 -17.641238 1.404235 -7.998730
44.726066 46.313623 -64.700290 14.459454 -2.589673 -19.597444 -25.863431 1.682668 21.877617 9.887209
59.654586 -0.267280 -0.085897 -0.107642 -0.232544 0.034093 -0.311398 0.040039 0.247616 0.007289
725.058844 38.014183 -49.964298 -10.943214 -99.859699 8.069254 -18.533506 219.828954 214.274218 85.427817
-20.299097 35.433154 -61.133725 40.153831 45.498472 -24.502790 -27.002046 -23.477279 -15.970989 -11.588014
-39.223958 -21.774686 45.959983 -44.174484 2.057317 3.563890 22.641588 4.062479 -20.320629 12.605263
-17.378644 44.825400 5.799206 -1.843163 1.632424 -2.199667 -29.102795 -0.842773 -0.324199 -0.362154
0.247486 0.400322 1.408104 65.499521 -0.052382 0.002751 0.074869 -0.039711 0.018955 0.064639
-44.885622 10.779827 3.053211 17.623153 -1.100454 -18.273838 11.618958 -28.305883 -29.923067 3.415840
-472.926767 -57.625381 33.470004 11.004193 35.080385 15.241039 26.251159 -66.351774 -59.303997 -46.091551
-80.370251 11.893089 10.475652 6.171662 8.668392 -8.828571 -1.286860 -12.974052 -6.460100 -1.136613
-40.265896 -2.675866 51.731724 -8.873126 -3.727465 5.995819 19.963243 -2.374638 19.007554 12.961839
-168.631047 36.503428 4.967434 -38.124402 6.697419 -23.664592 -18.740066 -70.424515 -57.027138 30.580671
