1.241434 1.071261
0.602349 -0.598748
0.264151 -0.515085
0.504418 -0.574760
1.381289 0.772863
0.831594 -0.067842
0.372848 -0.024896
-0.405248 0.820607
-0.440611 0.459600
-0.432090 0.454284
-0.923663 -0.979586
-0.223659 -0.016961
-0.503729 -0.209674
0.325508 0.497229
-0.607585 -0.354275
-0.001816 -0.142661
0.455526 -0.071638
0.255579 -0.451948
0.557104 0.134097
0.541131 -0.065680
0.252435 0.336838
0.095149 0.143231
-0.535724 0.730218
-1.499625 0.866173
0.385663 -0.291933
0.036971 0.151554
0.317209 0.263559
0.205471 0.159540
0.617849 -0.315592
-0.438458 -0.559660
-0.476150 -0.429464
-0.575390 -0.054847
-0.183516 -0.612708
-0.122300 0.950067
0.293106 0.563702
0.313279 0.008216
0.865628 0.188935
-0.316162 0.299689
0.612011 -0.203596
-0.725294 -0.941775
-0.623133 -0.103119
-0.256375 0.005552
-0.457632 0.500237
-0.237232 0.892571
0.678577 0.560398
0.141129 -0.654724
0.951968 -0.547058
0.402334 0.440606
-0.092539 -1.396620
0.130109 -0.386556
-0.463811 0.516617
0.481357 0.076509
0.939668 0.160333
-1.461544 -0.529981
-0.691908 -0.505647
-0.181424 -0.700986
0.100786 0.454215
0.912786 0.044605
0.233464 -0.952425
1.928747 -0.401721
-0.133488 -0.356177
0.889072 -0.227867
-0.075236 -0.381198
0.021719 -0.765132
-0.275883 -0.525377
-0.015860 -0.126376
0.617581 -1.297363
-0.403138 -0.059539
-0.131935 -0.889083
0.030975 -0.419964
-1.077072 -0.678488
0.989282 -0.143133
0.097784 0.109351
-0.113080 0.303382
-0.631908 0.526145
-0.139697 1.112725
-0.370455 1.375169
0.377418 0.216437
0.585423 1.244748
0.829676 -0.332578
0.132795 0.601412
-0.043160 -0.522299
0.087535 -0.761671
-0.484424 -0.595273
