-0.884529 0.704453
-1.023061 0.287767
-0.817399 0.259173
0.211449 0.504200
-0.010119 -0.293291
0.455560 -0.212206
0.540725 0.278948
0.171521 -0.327156
0.413537 0.052168
-0.163218 -0.084756
0.047989 -0.108925
-0.874032 -0.232820
0.636274 0.699732
0.614370 0.193675
-0.570849 0.617286
-0.832108 0.193197
-0.587689 -0.631146
-0.623614 -0.203557
0.158481 0.016381
0.034433 0.619782
0.852229 -0.164720
0.630143 -0.059818
0.143558 0.067645
-0.309783 0.016436
-0.325787 -1.148584
-0.465789 -1.699560
-0.082176 -0.937259
-0.427716 -0.736350
-0.311387 -0.941245
0.016025 -0.823344
-0.267160 -0.201721
-0.465502 -0.462777
-0.005026 -0.875525
-0.166306 0.095628
-0.201380 -0.051842
-0.056233 -0.471339
0.122116 -0.208398
0.454946 0.436855
-1.047681 0.357878
0.353943 -0.595659
0.737880 -0.806383
-0.564164 0.831565
0.313528 0.532546
0.387270 0.400186
0.413643 -0.362172
-0.800067 -0.177265
-0.687443 -0.214277
0.867547 -0.329701
0.891991 -0.090152
0.404926 -0.235375
-0.653305 -0.870972
-1.402090 -0.330621
-0.755051 -0.138767
-0.270105 -0.846175
-0.165184 0.111222
0.857496 -0.476332
0.499455 0.097205
0.273406 -0.007165
-0.285649 0.234663
-0.861482 0.285962
-0.700041 0.192119
-0.355434 -0.364827
0.424490 -0.611251
-0.478567 -0.197002
-0.351206 -0.277329
-0.107106 0.580319
-0.202606 0.795850
0.109118 0.381345
-0.817648 0.510786
0.079885 0.830054
-0.359402 0.410707
-0.113813 -0.119595
0.839126 -0.022715
0.526785 -0.761669
0.525635 0.098311
-0.130431 0.288077
0.479040 -0.499252
-0.226786 -0.875814
-0.648584 0.074494
-1.441079 0.312087
-1.189587 0.212304
-0.394334 -0.473498
0.333196 -0.644341
0.435667 0.105571
