-0.118196 -0.317492
0.969644 -0.174961
0.706327 -0.291582
0.730162 -0.118498
-0.039656 -0.356925
0.618484 0.216396
0.400508 0.899912
-0.332067 0.636935
-0.138822 0.520023
-0.705072 0.482769
-0.436752 0.053156
-0.167629 0.205784
0.063239 -0.824080
-1.133988 -0.515523
-1.301679 -0.037353
-0.799301 -0.309571
-0.009438 0.036450
-0.531633 0.181467
0.956823 -0.228458
0.225655 0.637228
0.031248 0.080040
-0.214448 0.425339
0.162215 0.062698
-0.014305 -0.096023
-0.381436 -0.883516
0.086130 -0.698952
-0.322200 -1.183588
0.031052 -0.332201
0.389746 0.208009
0.459551 0.033737
-0.013065 0.433275
0.291925 -0.660686
-1.061278 0.395723
-0.386999 0.475887
0.160578 0.182963
0.129091 -0.431557
-0.007341 0.337495
0.599570 1.171616
0.065704 1.843542
-0.289601 0.066227
0.334718 -0.535553
-0.029474 -0.605746
0.566508 -0.427539
0.697091 0.143399
0.395665 0.035740
0.033092 0.395497
-0.876027 -0.056276
0.302555 0.320543
-0.383855 0.453556
0.123767 0.704898
-0.064781 0.215845
0.576748 -1.436372
-0.098300 -0.248344
0.285836 0.148766
0.284577 -0.642154
-0.346809 -0.262139
-1.635593 0.367505
-0.465528 0.246820
0.593854 -0.316601
-0.119596 -0.023264
0.273453 0.137929
0.229565 -0.383002
-0.095123 -0.551858
0.207391 -0.228652
0.424899 -0.772458
-0.037029 0.171095
-0.020237 -0.718224
-0.318078 -0.179083
-0.077198 -0.207434
-0.117583 0.967570
-0.004610 0.445209
-0.450081 0.123737
-0.439630 -0.902524
0.194773 0.361215
0.042323 0.149692
-0.013350 0.697031
-0.186769 0.675946
-0.060317 0.480838
-0.135015 0.296066
-0.053479 0.164462
-0.871677 0.011862
-0.768664 0.094172
0.082861 -0.192943
0.609865 -0.004659
