0.389895 -0.289293 0.691920 0.502666
-0.050488 -0.277862 -0.057882 -0.153616
0.609119 -0.579892 -0.010236 0.708947
-0.013776 0.091499 -0.400415 0.216755
-0.239302 -0.057447 0.052492 0.294227
-0.165064 0.217089 -0.302016 -0.749882
0.109128 -0.220853 -0.209444 -0.119049
0.361405 -0.282798 -0.969486 -0.290747
-0.002182 0.571065 -0.116857 0.005857
0.467133 -0.133176 0.431487 0.625548
0.003778 -0.143738 -0.081413 0.704332
0.024187 -0.333726 0.240683 0.162403
-0.624321 0.412649 -0.174538 0.022467
0.048031 0.535291 0.284206 -0.099946
-0.288585 0.403854 0.768033 0.010911
0.077309 0.265214 -0.079220 -0.254471
0.038377 0.665602 0.497346 0.127303
0.234593 -0.158258 0.402107 -0.381842
0.073432 0.209508 0.616336 0.424081
0.242693 -0.348880 0.746638 0.301469
-0.082965 -0.216968 0.189520 -0.159672
-0.762382 -0.304036 0.683491 -0.061976
-0.167484 -0.090663 0.777038 -0.364412
-0.201175 -0.233985 -0.015639 -0.512585
0.190223 -0.445970 0.059049 0.339388
0.035379 -0.696699 -0.593909 0.057614
0.139604 0.043827 0.134773 -0.028197
-0.122548 -0.459725 -0.583147 -0.342879
0.231978 -0.425911 -0.108144 0.195232
0.030070 0.025231 0.113769 0.024599
-0.123059 -0.611935 -0.420846 0.184127
0.152819 0.324745 0.339432 0.280293
-0.167301 -0.328008 0.412536 0.157109
0.215769 -0.311321 -0.395402 0.345470
0.261869 -1.072736 -0.342766 -0.310955
-0.011060 -1.174983 -0.325939 0.380790
-0.581370 -0.369999 0.217156 -0.014837
-0.382917 0.620905 -0.042940 0.110522
0.421507 0.263498 -0.065648 0.090636
0.644583 -0.109730 0.166121 -0.133948
0.409533 -0.491775 0.216128 0.075544
-0.755470 0.198214 0.318321 0.191583
-1.076890 0.294408 -0.469997 -0.125591
-0.330889 0.317086 -0.160829 0.091649
0.330862 -0.021676 0.228960 -0.378191
0.583894 -0.154107 -0.332318 0.265252
0.126172 0.102324 -0.260404 -0.167177
0.383087 -0.111672 0.399667 -0.982778
-0.019175 0.028725 -0.802805 -0.530288
-0.167159 0.274965 -0.572122 0.038320
-0.000025 -0.210326 -0.574176 0.177277
-0.351701 -0.040756 -0.464972 -0.114290
-0.737455 0.150081 -0.394263 0.180188
-0.162394 -0.236271 -0.537517 -0.149225
-0.357603 -0.851105 -0.117969 -0.178391
-0.400315 -0.042555 0.190234 0.259829
-0.157486 -0.932122 0.291194 -0.341361
-0.603671 -1.056467 -0.594510 -0.159484
0.114672 -0.931352 0.036367 0.194880
0.205226 -0.651840 -0.033571 0.429830
0.341741 -0.408498 -0.526411 -0.324719
0.098429 -0.497856 -0.298062 -0.207771
0.365290 0.241696 -0.206746 0.014449
0.107960 0.283119 -0.381632 0.074131
0.131120 0.270313 -0.265287 -0.133836
0.028133 0.175476 -0.457337 -0.529237
-0.528061 0.367314 -0.320350 0.146493
0.396648 0.354923 -0.415203 -0.050132
-0.384193 -0.090041 -0.239288 -0.057898
-0.426052 0.242374 0.091602 0.097002
-0.032553 -0.381582 -0.409592 0.170947
0.517424 -0.241468 0.841529 0.428782
-0.124894 0.484122 -0.522172 -0.425990
-0.209100 -0.659660 -0.222588 -0.073900
-0.253323 -0.082605 0.380747 -0.201177
-0.758184 -0.133435 -0.303629 -0.377975
-0.337294 0.356405 0.166771 -0.118845
0.642636 0.185252 0.004306 -0.160277
0.003865 0.048772 0.109085 -0.115561
0.920356 0.465875 -0.083812 -0.403625
0.356808 0.154205 -0.151270 0.035436
0.694487 -0.608811 -0.135948 0.307205
-0.212864 -0.064522 0.154384 0.542931
-0.420066 -0.207151 0.149854 0.283119
-0.548475 0.025781 0.289741 1.026569
0.032844 0.754079 0.090321 -0.189412
0.362540 -0.116471 -0.210341 -0.134880
-0.046292 0.110823 -0.807509 -0.856867
0.616208 -0.480361 -0.090576 -0.625612
0.683816 0.139168 -0.121812 0.166471
0.288714 -0.061090 -0.571920 -0.147081
0.227436 0.157634 -0.651470 0.210766
0.581860 -0.185672 -0.158313 0.745800
0.079083 0.246151 -0.277879 0.166016
0.414836 -0.091005 -0.044265 0.058805
-0.162977 0.354562 -0.318285 0.398099
0.108704 0.231536 0.007380 -0.281601
-0.250840 0.686799 0.038159 -0.123338
0.045172 -0.527138 -0.181751 0.133983
-0.129785 -0.069004 -0.285916 -0.290158
-0.030268 -0.887360 -0.755652 -0.029345
0.295753 -0.756090 -0.244416 -1.145747
0.178203 -1.369460 0.015135 -0.825706
0.350255 -0.668588 0.414342 -0.391659
0.490772 -0.399330 -0.123631 -0.780646
0.353114 -0.069545 -0.052682 -0.318959
0.441806 0.584602 -0.604072 -0.631853
-0.007784 0.472954 -1.204289 -0.230416
0.102620 0.730937 -0.905215 -0.195700
0.492655 -0.476987 -0.773974 -0.235823
0.321170 -0.798737 -0.563458 0.130884
-0.005314 -1.492907 -0.115501 -0.539978
0.298276 -0.894556 0.461147 -0.894427
-0.096980 -0.634812 0.160507 0.037284
-0.004897 -0.732883 -0.082371 0.246786
-0.090334 -0.158903 -0.380269 0.047323
0.257660 0.378219 -0.039448 0.421304
0.246402 0.326083 -0.366637 0.556102
0.336707 -0.042751 0.264080 0.114973
0.119838 0.482075 0.428513 -0.091526
1.204155 0.412327 0.127260 -0.423359
0.194178 -0.462608 0.187058 -0.281269
-0.274871 -0.059365 0.966167 -0.026042
0.068103 -0.479426 0.775864 -0.273407
0.415167 -0.107600 0.729116 0.289079
0.198503 -0.731606 0.749903 -0.043946
0.043915 0.117242 0.781721 0.160587
0.122349 -0.132609 0.332084 -0.435843
-0.116842 -0.238358 1.042381 0.114230
0.290013 -0.506765 0.467799 -0.041759
0.257145 -0.246776 0.349769 -0.830171
-0.249368 0.072568 0.193674 -0.495649
-0.810095 -0.767124 0.414554 -0.597274
-0.784815 0.338455 1.039917 -0.608407
-0.408868 0.163387 -0.371153 -0.380768
-0.055039 0.309901 -0.186509 -0.631240
0.055886 0.525796 0.263018 0.144036
-0.159699 0.631492 0.785413 0.292509
-0.165645 0.436433 0.039988 -0.242640
-0.201791 0.589550 0.565792 -0.522063
0.064625 0.757841 1.024364 -0.637529
-0.061695 0.445092 0.205032 0.312526
0.798009 0.616390 0.526078 -0.342920
0.560369 0.875607 -0.883979 0.180028
0.369136 -0.170665 -0.320657 -0.967095
0.152235 0.062865 -0.410721 -0.594783
0.495632 0.061459 0.249758 -0.064330
0.520349 0.107250 0.006264 -0.029231
0.524007 -0.218970 -0.248328 0.512740
0.384084 0.010806 -0.641512 -0.151358
0.434137 0.164000 -0.010256 -0.154735
0.549262 0.180064 -0.079028 -0.165743
0.487599 -0.361866 0.329751 -0.360596
0.384881 -0.294029 -0.074413 0.089284
0.699064 -0.020358 0.322121 0.115764
0.250840 -0.623161 -0.181415 0.059523
0.355779 0.138686 -0.025437 0.108581
0.064288 0.114291 -0.003898 -0.274795
0.041283 0.733757 -0.543205 0.112617
0.154362 0.224549 0.079813 -0.442375
0.009797 0.183285 -0.199893 0.237140
0.053324 -0.063127 0.314565 -0.077988
0.341979 -0.474561 -0.260616 0.178248
0.071788 -0.476814 -0.235297 0.310690
0.220334 -0.306697 0.043936 -0.105304
-0.373506 -0.256192 0.104435 0.403868
-0.053931 -0.466145 0.283172 -0.365274
0.052862 -0.217263 0.678113 0.204124
