0.583474 -0.390255
0.022004 -0.780490
0.174803 0.272757
-0.201039 0.107814
-0.273630 -0.569994
-0.562455 0.305115
-0.154661 -0.753315
-0.243485 0.454875
-0.304218 -0.160901
-0.348314 0.336504
-0.146573 -0.044271
0.354204 0.733650
0.120720 -0.412468
0.337407 -0.260772
-0.136167 0.121058
0.561644 0.044151
0.032148 0.656890
-0.070095 0.254316
0.159165 0.335681
-0.454970 -0.269035
-0.640678 -1.055397
-0.389827 -0.975804
-0.653449 -0.772469
-0.238957 -0.439361
-0.258085 0.258773
0.229605 0.149537
-0.462051 -0.024682
0.142033 0.562741
-0.136817 0.308087
-0.379418 0.554577
-0.283858 0.746566
-0.010183 0.492551
-0.091508 1.171483
-0.417242 1.236768
0.154856 1.019098
-0.350061 1.577434
-0.299980 -0.316047
0.092786 0.210911
-0.040244 0.220008
-0.341411 0.205664
-0.651773 -0.480401
0.405428 -0.807503
-0.445471 -0.399599
-0.024075 0.201027
0.233474 0.131227
0.377144 0.396936
-0.725157 1.283174
-0.802428 -0.120417
0.483229 -0.147254
-0.427889 0.414031
-0.003516 0.302146
0.166806 0.073260
-0.545743 0.148559
-0.542282 -0.754094
-0.148929 -0.381394
0.683095 -0.823136
0.436644 -1.159274
0.487530 -0.746815
-0.495178 -1.129157
-0.185967 -0.983394
-0.577734 -0.397724
0.021486 0.257329
-0.112953 -0.749259
-0.419963 0.070360
-0.173362 -0.167341
-0.392502 -0.312935
-0.202584 -0.344454
-0.182962 -1.109391
0.447479 -1.050900
0.437538 -0.226697
0.265537 -1.208385
0.598972 -1.069664
0.370780 -0.072851
0.033387 -0.710608
-1.007869 -0.223271
0.034626 -0.525554
0.800955 0.048485
0.156090 0.375421
-0.363203 0.805119
0.122961 -0.979947
-0.517919 0.416393
0.142366 0.510512
0.304305 0.377300
0.504600 -0.867391
