0.458905 -0.290223 -0.255150 -0.179477
0.590931 0.130039 0.008134 0.185208
0.008303 -0.158637 -0.066543 -0.032351
0.487230 0.216230 -0.544961 0.664736
0.212233 -0.213965 -0.428584 0.608230
-0.080547 -0.314528 -0.287532 0.416583
-0.259728 0.057253 -0.179585 0.174987
-0.197051 0.059859 -0.230239 -0.112067
-0.402229 -0.168448 -0.320723 -0.453875
-0.402072 -0.154006 0.523516 0.459925
-0.500321 -0.139927 0.361068 0.344061
-0.209491 0.216536 0.106926 0.660210
-0.417680 0.094441 0.550213 0.017651
0.016624 -0.672875 0.462699 0.041695
0.041629 0.148500 0.285308 0.064729
-0.208044 0.190159 -0.165682 0.343072
1.020231 -0.213360 0.841647 0.723594
0.509839 0.441886 0.372112 0.341495
1.267871 0.411173 0.084054 0.616259
0.342493 -0.127412 0.426824 0.439443
0.985046 0.078254 0.240874 -0.215629
0.638684 -0.221470 0.053303 0.084492
0.735684 -0.245652 -0.166178 -0.512395
0.484651 0.259578 -0.002166 -0.423853
0.109644 0.312590 0.107643 -0.631985
0.113048 -0.239744 0.199489 -0.207950
0.173324 -0.800057 -0.179388 -0.049620
-0.022327 -0.510829 0.040193 -0.352197
-0.023317 -0.171705 0.101518 0.074959
0.039540 -0.338444 -0.101305 -0.008455
0.174217 -0.584711 -0.158051 -0.012738
0.204462 -0.404701 -0.100142 -0.283115
-0.075815 -0.289906 -0.085195 0.176017
0.416848 -0.215491 -0.216903 0.043138
0.294007 -0.157207 0.166302 0.011168
0.311709 -0.544329 -0.164427 -0.036328
0.590287 0.171514 -0.282159 0.165523
0.500856 0.118688 0.179448 -0.004399
0.537129 -0.241258 0.303295 0.137514
0.700543 -0.300766 0.416705 0.217209
0.562941 0.145326 0.324445 -0.648890
0.450327 -0.192907 0.244183 -0.474384
0.633359 -0.121337 0.619019 -0.041285
0.334316 -0.166465 -0.067515 0.136117
0.026113 -0.224304 0.582824 -0.131363
-0.053181 0.192918 0.323677 0.412590
0.170697 0.072090 -0.275222 0.392977
0.061796 0.195744 0.040010 -0.072522
0.126026 -0.137199 1.082782 0.462995
-0.086879 0.116683 0.381687 0.258034
0.808258 -0.185172 0.324261 0.200940
0.345928 0.573688 1.029480 -0.230868
0.493963 -0.266776 0.862018 -0.170172
0.189314 0.318841 0.872430 0.658033
0.026189 0.638215 0.825973 0.359285
-0.267814 0.379862 0.614096 0.158033
-0.327751 0.396783 0.055178 0.001924
-0.401867 0.677904 -0.343404 0.052976
-0.223420 0.465943 -0.040076 -0.151355
-0.029512 -0.253573 -0.340566 -0.200292
0.300702 -0.270983 -0.005801 -0.112384
0.125552 0.120941 0.117445 0.249138
0.106978 -0.159072 0.259472 0.097680
-0.126462 -0.055539 -0.142941 0.033024
-0.058309 0.003500 0.028897 0.064801
-0.038996 0.251825 -0.025555 -0.033307
-0.082452 -0.114128 0.019544 0.084029
-0.079687 -0.038713 0.080186 0.445024
-0.042347 -0.337189 0.118691 -0.233430
0.364475 0.285266 -0.194347 -0.075909
-0.220813 0.094570 -0.098738 0.181147
0.030030 0.060141 0.222679 -0.444513
0.095141 -0.071754 -1.047034 0.349019
-0.629428 0.284419 -0.563291 0.524369
-0.007803 0.281049 0.621740 -0.037687
-0.002816 -0.232841 0.625508 0.391531
-0.009583 0.202825 0.140044 0.435204
-0.007549 0.032399 -0.247142 -0.102447
-0.275591 0.588160 -0.601148 0.433253
0.192219 0.076630 -0.289732 -0.197637
0.253189 -0.188500 0.771361 -0.218406
0.329866 -0.300610 0.139319 -0.576540
0.115253 0.064712 -0.408213 -0.806791
0.490980 0.051028 0.093957 0.091233
0.193281 -0.314659 0.242591 -0.229208
-0.137048 0.345054 -0.091908 0.812520
-0.917803 -0.604687 0.022259 0.308340
0.158628 0.421387 -0.230060 -0.255165
0.136739 0.676792 0.328848 -0.296426
0.206229 0.529322 0.054111 -0.563817
-0.182452 -0.309308 -0.615018 -0.346744
0.263510 -0.786534 0.191850 0.297471
-0.573992 0.641625 -0.134734 -0.247859
0.194687 0.156100 -0.371054 -0.083288
-0.232311 -0.061364 0.189858 0.204938
0.100792 0.183816 -0.423305 0.217546
0.507884 0.109421 0.047402 -0.454068
0.456859 0.571173 -0.400741 0.224076
0.382824 0.532301 -0.303877 -0.373370
0.555028 0.482524 -0.093008 0.419694
0.682133 0.842340 -0.460997 -0.279244
0.314314 0.059157 0.046984 0.378812
0.633027 -0.285198 -0.111945 0.427296
0.397086 -0.632740 -0.011639 0.555467
0.356330 -1.072738 -0.041581 0.630253
0.426532 -0.531530 -0.318534 0.443885
0.751609 0.101410 -0.021809 -0.153186
0.677797 -0.325224 -0.439436 0.140460
0.402948 -0.445508 -0.627480 -0.021901
0.225132 0.366032 -0.561728 0.256468
0.136425 -0.241170 -0.480881 0.140426
-0.042860 -0.320439 -0.513117 0.024606
0.115568 -0.311266 -0.481933 -0.309602
0.076263 -0.740977 -0.496644 -0.048796
-0.383945 -1.397031 -0.252619 -0.211782
0.340795 -0.691416 0.354623 -0.137798
0.104815 -0.690241 0.367966 -0.204712
0.185641 -0.574175 1.064743 -0.588469
0.314895 -0.659333 0.889296 0.313837
0.249615 0.406103 0.058098 0.426756
-0.361077 -0.829005 0.101996 0.431346
-0.243048 -0.638611 0.815233 0.538764
-0.438105 0.127213 0.587012 -0.127036
-0.560429 -0.116097 0.119245 0.172782
-0.088598 0.151769 0.234552 0.126932
-0.378229 -0.223392 -0.515115 0.102905
-0.113493 0.363513 -0.552583 0.399617
-0.627405 -0.036352 -0.419082 0.639886
0.044917 0.304743 0.157393 0.301787
-0.504934 -0.066581 0.693415 -0.165798
-0.233541 -0.385601 0.518185 0.365240
-0.430181 -0.495060 0.472534 0.171926
-0.410817 -0.106421 0.417342 0.526665
-0.715290 0.003606 0.453189 0.282482
-0.193400 0.561466 0.882338 -0.243883
-0.786362 1.047209 0.321616 -0.195008
-0.044422 1.166859 0.553107 -0.306350
-0.915246 0.120136 0.604182 0.656698
-0.477087 0.593652 0.571104 0.554514
-0.921314 -0.101232 0.753580 0.236350
-0.681059 0.565404 0.710281 0.724580
-1.068231 -0.132259 1.028155 0.909509
-1.063545 -0.215135 0.572806 0.208107
-1.660806 0.105284 -0.760085 -0.148806
0.354783 -0.658944 -0.329793 -0.543402
0.045251 0.060372 -0.278922 0.109532
-0.057633 0.007865 -0.513922 -0.118750
0.251320 -0.106469 -0.277190 0.498388
0.670234 -0.368779 -0.258469 0.114812
0.642271 0.040120 -0.321583 -0.222469
0.566241 -0.333812 -0.396881 -0.127557
0.419746 -0.156511 -0.167062 -0.714912
-0.727750 -0.775390 0.090120 0.189009
-0.494746 0.247370 0.067453 -0.196110
-0.447240 -0.144177 0.069493 0.367934
-0.036634 0.391236 -0.040788 -0.197335
-0.329435 0.338364 -0.131557 0.217910
0.088682 1.164694 -0.073403 0.006656
-0.660610 0.602994 -0.091017 0.053220
-0.197866 0.173208 0.050696 -0.039621
-0.138575 -0.121547 -0.289856 0.281369
0.245073 -0.437446 -0.036183 -0.040561
-0.497032 -0.154427 0.216530 0.311897
0.038400 -1.155316 -0.292551 0.071505
0.222419 -0.569678 0.021176 -0.029554
0.262386 -0.013078 0.057163 0.340875
0.428968 -0.116837 0.265738 0.474540
-0.145586 0.787658 -0.117035 0.437896
