-0.370441 -0.069243 0.202465 -0.009089
0.306897 0.217408 0.506798 -0.138869
0.074046 0.628354 0.297434 -0.428237
-0.013541 0.447627 0.630962 -0.008998
-0.047588 0.214456 0.313904 -0.248784
-0.064520 0.226125 0.490960 -0.009060
0.151543 0.175967 -0.238590 -0.290617
-0.108495 0.202292 0.302314 -0.319029
0.113197 0.054196 0.539834 0.120345
0.166257 -0.072256 -0.141840 -0.077137
0.240781 -0.246329 -0.170207 -0.218013
0.132247 -0.105744 -0.249867 0.031803
0.157168 -0.254550 -0.351965 -0.199327
0.010066 -0.246913 -0.192506 -0.279624
-0.049597 -0.190297 0.143235 -0.035093
0.093335 0.161731 0.003406 -0.256373
-0.133787 0.051671 0.279881 -0.146565
0.089432 -0.194227 0.370165 -0.269630
0.013441 -0.124801 -0.115642 -0.034050
-0.121853 -0.174656 0.096251 -0.068863
0.143266 -0.132215 0.311633 0.033174
-0.427560 -0.169965 -0.172332 -0.063013
-0.563088 -0.213830 -0.483025 -0.067224
-0.502599 -0.459979 -0.458885 0.557380
0.226992 0.216204 0.044217 0.093766
-0.191628 0.317917 0.180462 -0.058085
-0.187553 0.119614 0.581857 -0.363934
0.185748 0.257087 0.286566 -0.276586
0.229066 -0.225624 0.143762 -0.152403
0.032207 0.128974 0.524924 -0.262533
0.273571 -0.018988 0.028422 -0.486236
0.273584 0.004494 0.541647 -0.087691
0.255033 -0.011006 0.196609 -0.120924
0.095726 -0.161278 0.226939 -0.120658
0.085229 -0.048591 -0.002836 -0.146936
-0.019331 0.181556 -0.016438 -0.113557
-0.078711 -0.133289 -0.021144 0.011156
0.083136 0.103145 0.062376 -0.054135
-0.146404 -0.041254 -0.012121 0.297012
0.176420 0.444968 0.012207 -0.320864
0.023018 0.097487 0.365981 0.133407
0.071141 0.099983 0.091718 -0.007894
-0.148938 -0.076709 0.183576 0.103811
-0.419245 -0.050298 0.407551 -0.215373
-0.217472 -0.286826 -0.192941 0.081598
-0.112546 -0.183170 -0.106942 0.050637
-0.051708 -0.599512 -0.436875 0.228875
-0.527809 -0.519984 0.144116 0.553689
0.315228 0.564594 0.041764 -0.385190
0.035261 0.441171 0.030783 0.081692
-0.252637 0.129297 -0.203051 -0.319813
0.410007 0.292609 -0.162218 0.034202
0.052100 0.303918 0.492162 -0.029998
-0.215104 -0.100908 0.243889 -0.228883
0.258954 -0.045173 0.396675 -0.091798
0.057040 0.023816 0.781158 -0.151727
0.024886 -0.254320 0.305383 -0.124310
0.303606 -0.117971 0.161030 -0.230389
0.408126 0.226405 0.067360 0.248049
-0.206667 -0.051792 0.090458 -0.044728
0.000133 0.068653 -0.065573 0.135036
0.204283 0.126836 0.170792 0.324509
-0.155887 0.004187 -0.252825 0.260602
-0.117005 0.293728 0.040620 0.053185
0.049605 0.090878 -0.005640 -0.018329
-0.305950 -0.182228 0.366097 0.065394
-0.053074 -0.271134 0.285374 0.067095
-0.044192 -0.199331 -0.139088 0.185723
-0.302639 -0.287991 0.093726 0.223570
-0.080247 -0.312028 -0.054727 0.344600
-0.469456 -0.360382 -0.372218 0.129868
-0.526434 -0.689006 -0.303195 0.441147
-0.169183 0.374906 -0.130441 0.242584
-0.090454 0.462146 -0.144236 -0.074819
-0.010996 -0.241259 -0.051346 -0.264973
-0.149813 0.070887 0.126322 -0.068441
-0.154247 0.290494 0.001180 -0.202257
0.008275 0.204725 0.310154 -0.013020
0.036290 0.124464 0.784538 -0.038036
0.147162 0.221630 0.810564 -0.007128
0.168628 0.123272 0.556083 -0.197174
0.079684 -0.210284 0.214982 -0.096959
-0.094738 0.202566 0.071565 0.051149
-0.018857 0.229998 0.069076 0.360974
-0.017599 0.107593 0.077694 0.348549
0.019373 0.337792 0.313708 0.202266
0.154605 0.325584 0.062540 0.613189
-0.153676 0.021444 0.054063 0.376232
-0.200595 0.157711 0.020952 0.161783
-0.494709 -0.097344 0.769604 0.120770
-0.562708 -0.551096 0.647940 0.437561
-0.529530 -0.206124 -0.028033 0.327823
-0.718824 -0.241577 0.223830 0.104245
-0.447534 -0.519868 0.115479 0.250694
-0.258942 -0.380589 -0.074432 0.357132
-0.317207 -0.201984 -0.342746 0.077943
0.204432 -0.214801 0.192716 0.171965
-0.017466 -0.539136 0.249377 0.156469
0.136812 0.019336 0.073590 0.278832
0.100879 -0.221688 0.269845 -0.139008
-0.134760 -0.064087 -0.138417 0.229278
0.082522 -0.002130 0.041288 0.114927
0.288309 -0.169763 0.257539 0.124595
0.082513 0.083942 0.187652 0.135131
0.002847 0.128311 -0.216356 0.062016
0.174834 -0.253326 0.222175 -0.067422
-0.039076 0.226488 0.242606 0.117218
0.247103 0.170370 0.252507 0.208434
0.026823 -0.229517 0.445097 0.117918
0.007367 0.072813 -0.086514 0.343381
-0.062055 0.046022 -0.256005 0.252239
0.128839 0.001222 0.003886 0.390063
-0.054885 -0.330585 -0.171213 0.283365
0.043418 -0.469365 -0.224817 0.425578
0.413202 -0.410721 -0.284692 0.390667
0.398439 -0.182506 -0.548294 -0.086652
0.448761 -0.091176 -0.835904 -0.934962
0.293769 -0.191472 -0.306430 -1.327372
0.046583 0.264825 -0.419789 -1.653819
-0.321993 0.084681 -0.549222 -1.314224
0.210769 0.077945 0.292484 -0.163147
0.011695 0.295253 -0.053497 0.164857
0.128960 0.164540 0.030653 -0.249765
0.138282 -0.093848 -0.313320 0.185809
-0.051631 -0.110501 -0.293619 -0.040673
-0.004608 0.257592 -0.440794 -0.102710
0.166441 0.220904 -0.485860 0.084900
-0.019900 0.090630 -0.151191 0.182015
0.098800 0.126932 0.260547 -0.078103
-0.069683 -0.144994 -0.114767 -0.022223
-0.109288 0.031804 0.017208 0.022247
-0.060500 -0.161655 -0.160353 -0.123865
-0.201911 -0.023522 -0.107429 0.220607
-0.124502 0.160675 -0.085687 0.126885
-0.024117 -0.004414 -0.086890 0.082787
0.263621 -0.089565 -0.147186 0.193659
0.084058 -0.203465 -0.076684 0.181086
0.063507 -0.053354 -0.236924 0.177101
0.303052 -0.071499 -0.093759 -0.382924
-0.199796 0.096458 -0.176566 -0.515415
0.020615 -0.127319 -0.107952 -0.816722
-0.341826 -0.073410 -0.230772 -1.000422
-0.581195 -0.047472 -0.176699 -0.321000
-0.674632 0.094644 -0.205407 -0.605292
-0.237440 0.162439 0.043797 0.296521
-0.151198 0.283023 -0.163832 -0.011113
0.090697 -0.121514 0.018342 0.131545
-0.004362 -0.035310 0.181351 0.218654
0.008010 -0.005044 -0.167164 0.109753
0.209749 -0.020939 -0.035648 0.044413
0.160683 0.014338 -0.108154 -0.049210
0.051195 0.023610 -0.161777 0.272955
0.074093 0.167472 -0.164915 -0.136494
0.263026 -0.156941 -0.063995 0.328660
0.156146 -0.183527 -0.012159 -0.048419
0.271243 0.051411 -0.027899 0.006639
-0.051337 0.021572 0.071939 -0.172384
0.007155 -0.379599 -0.166425 0.016049
0.365083 0.041828 -0.197852 0.075908
0.107220 0.124617 -0.327053 0.072721
0.198577 0.099093 -0.208732 0.044188
-0.075957 0.026613 -0.185562 -0.169826
-0.037966 -0.049308 -0.137062 -0.457706
-0.530384 -0.071021 -0.218646 -0.467727
-0.314512 -0.064852 0.121527 -0.704327
-0.228494 0.061272 0.159573 -0.688828
-0.569103 0.186007 0.128533 -0.658570
-0.810962 0.022311 -0.249649 -0.281889
-0.145324 0.479477 -0.045691 -0.249823
0.163619 -0.034167 0.034159 -0.518408
0.355296 -0.096064 0.206706 -0.549435
0.149030 -0.271655 0.112143 -0.128439
-0.152456 0.025636 0.324456 -0.121942
0.159049 -0.076474 0.351305 -0.153838
0.195034 -0.013557 0.205143 0.161341
-0.000641 0.028607 -0.055060 -0.050721
0.151077 0.038129 0.092879 -0.088604
-0.091169 0.136146 0.076000 -0.148076
0.202334 -0.066348 -0.149032 0.092673
0.041807 0.135788 0.055443 0.140882
-0.225858 -0.099458 0.145707 0.082083
0.019490 -0.015259 0.003724 0.146207
0.026495 -0.119824 0.044789 0.013218
0.140653 0.195965 0.225058 -0.300228
-0.038159 0.163036 -0.000353 -0.433277
-0.385403 0.450583 -0.210823 -0.450815
-0.348562 0.468089 -0.381716 -0.725357
-0.263028 0.577083 -0.281417 -0.363179
-0.587992 0.101147 -0.538988 -0.681243
-0.588709 0.447352 -0.445778 -0.791654
-0.791113 0.311294 -0.205581 -0.421644
-0.680281 -0.051862 -0.597220 -0.208320
-0.072908 0.162511 0.356503 -0.100366
0.002969 -0.066352 -0.056296 0.064343
-0.253412 -0.363273 0.108234 -0.183715
-0.029260 -0.484254 0.123515 0.050442
0.115632 -0.649940 0.189271 0.148463
0.101938 -0.168856 0.127977 0.145663
-0.022287 -0.136752 0.027583 -0.052146
0.105452 -0.467205 -0.026758 -0.069585
0.295834 -0.357399 0.114825 0.017791
0.219116 -0.404076 -0.117548 -0.076239
-0.095959 -0.580241 0.163106 -0.017821
-0.002130 -0.467343 0.147491 0.343522
-0.027635 -0.554472 -0.105052 0.069481
0.231388 -0.512403 -0.034702 0.318636
0.070411 -0.437640 -0.082296 0.135870
-0.414198 -0.445197 0.010530 0.481192
0.194967 -0.440610 -0.048677 0.179274
0.013955 -0.458272 -0.143987 0.180748
-0.251448 -0.365897 -0.025307 0.160413
0.101695 -0.328060 0.040657 0.083298
-0.105009 -0.096580 -0.024583 -0.084857
0.067510 0.091737 -0.154183 -0.117236
0.025345 0.322138 0.085217 0.059293
0.201743 -0.009501 -0.267422 0.397275
-0.284507 0.043070 0.113806 0.355100
-0.199756 0.075413 -0.038190 0.178653
-0.044125 -0.305437 -0.276824 -0.189723
0.287093 -0.052893 0.075623 0.185651
0.166441 -0.359677 0.032950 -0.330910
0.077030 -0.030279 0.063192 -0.164671
0.071840 -0.014281 0.053894 -0.201116
-0.011001 -0.025175 0.302222 -0.002442
0.050495 -0.161681 0.100975 0.027894
-0.012796 -0.089671 -0.056942 -0.224343
0.225105 -0.177913 0.050736 -0.237007
0.182952 -0.294435 -0.121461 0.049136
0.166831 -0.298671 -0.080038 -0.134236
0.054190 -0.384187 -0.141944 -0.350665
-0.055782 -0.305479 -0.125526 -0.392224
-0.354570 -0.300114 0.025294 -0.639488
0.169577 -0.241288 -0.163470 -0.774943
0.111222 -0.192225 0.219908 -0.374955
0.051683 -0.057668 0.055744 -0.520912
-0.269880 -0.141904 0.077073 -0.395475
-0.192835 -0.080893 -0.146995 -0.272338
0.112484 -0.120114 -0.247097 -0.274251
-0.086773 -0.010982 0.103191 -0.144425
0.174007 0.047059 0.380721 -0.174504
-0.133861 0.167333 0.055503 -0.180443
0.038691 -0.076412 -0.022601 -0.063364
0.186265 0.135399 0.135468 0.395624
-0.019569 -0.138783 0.002855 0.173655
0.185632 0.113245 0.255113 -0.281906
0.125584 0.184849 0.080788 -0.101182
0.247135 -0.237671 0.256630 -0.047066
0.108364 -0.072718 0.220550 -0.025713
0.068163 -0.024352 0.298716 -0.191242
0.029439 -0.043151 -0.048080 -0.337123
0.280256 0.102366 0.196695 -0.426896
0.228718 -0.010737 -0.091885 -0.429786
0.276435 0.038112 0.134865 -0.357345
0.184733 -0.222685 -0.089129 -0.349643
-0.114272 -0.010064 -0.131509 -0.548452
-0.157190 0.101330 -0.104519 -0.106238
0.044223 -0.130683 0.234103 -0.148474
-0.155986 -0.013952 0.003710 -0.240194
0.066016 -0.114087 -0.332071 -0.244384
-0.038575 -0.022355 -0.071215 -0.223093
-0.016977 0.015226 -0.031299 0.130876
0.041286 -0.042155 -0.189286 0.046651
0.049724 0.140996 -0.114466 -0.093757
0.187318 -0.216931 0.067929 0.209207
-0.239254 -0.291534 -0.028820 0.042827
-0.102457 -0.141694 0.016084 -0.265704
-0.368909 -0.451106 0.024670 0.066235
-0.213735 -0.168931 -0.017239 -0.315710
0.049833 0.016250 0.309647 -0.021954
-0.090368 -0.106152 -0.086941 -0.308522
-0.115629 -0.108754 0.085554 0.095075
0.033070 0.200776 0.009835 -0.181299
-0.184140 0.297382 0.025301 0.034394
-0.235274 0.366366 -0.170595 -0.265510
-0.045749 -0.294806 -0.263438 -0.110341
-0.247680 0.199125 -0.046310 -0.351019
-0.163616 0.134721 0.230979 -0.297129
-0.255739 -0.127659 0.217244 -0.243278
-0.391749 0.089690 -0.087604 -0.188575
-0.260976 -0.040314 -0.173009 -0.335720
-0.031799 -0.219859 -0.106981 -0.265595
-0.008596 -0.350759 -0.254174 -0.348944
-0.374542 -0.261789 -0.100082 -0.277545
0.042390 0.020680 0.181364 -0.242568
-0.147493 -0.099667 -0.119135 -0.288495
-0.247487 0.269959 -0.031019 -0.224856
-0.162061 0.043846 0.138418 -0.167184
-0.119638 0.312468 -0.011310 -0.419643
-0.142366 -0.091213 -0.261958 0.307962
0.079107 -0.129678 -0.231346 -0.413545
0.133679 0.354956 0.046890 -0.087079
-0.097870 -0.056889 0.307068 0.063849
0.205705 -0.273884 0.040528 0.090281
0.003441 -0.007345 0.453155 0.118398
0.088026 0.171639 0.428023 0.358722
0.027578 0.260445 0.173110 -0.025524
-0.149087 -0.239447 0.245212 -0.024422
0.022190 0.154418 0.053431 0.098413
0.348576 -0.164923 -0.319608 -0.094856
0.184863 -0.250891 -0.203793 -0.160902
0.319511 -0.182329 0.161193 0.351859
-0.017358 0.012868 -0.190937 0.456708
0.018946 0.144744 0.222888 0.094862
0.295066 0.182551 0.004904 0.264613
0.410470 -0.136798 0.299080 -0.226289
0.191923 -0.003317 -0.074317 -0.434992
-0.594189 0.230224 -0.518932 -0.334092
-0.769373 0.171948 -0.199961 0.100177
-0.511329 -0.376832 0.322143 0.341135
-0.297825 -0.624213 -0.062758 0.220567
0.524852 -0.364716 -0.389390 0.015560
0.256841 -0.382918 -0.779315 -0.502753
0.329101 0.046151 0.093818 0.404010
0.235796 0.108459 0.018378 -0.317932
-0.028382 -0.025427 0.289853 0.190827
0.327348 -0.022149 0.093397 -0.341650
0.197501 0.013860 -0.112206 0.001099
-0.086851 -0.133722 0.080553 0.033539
0.145703 0.057133 -0.071037 -0.130204
0.131168 0.023856 -0.061010 -0.223800
-0.064483 0.243223 0.059752 0.205240
0.158141 0.132465 -0.062748 -0.213654
0.201567 -0.324935 0.094025 0.131393
0.237673 0.035182 0.145060 0.129390
-0.248499 -0.240743 0.114378 0.241544
-0.042511 -0.128025 -0.261680 -0.020573
0.068190 -0.030153 0.217608 -0.333150
0.198504 0.091698 0.174908 0.174524
0.208330 -0.010685 -0.181308 -0.195494
0.344796 -0.015319 -0.129677 0.082874
0.034794 0.180768 -0.119997 0.264367
-0.576764 0.239078 0.290625 0.172307
-0.156412 0.085587 0.084649 0.061782
-0.230298 -0.411334 -0.164074 0.205246
-0.087354 -0.035495 0.043021 -0.296168
0.129078 -0.089717 -0.186597 -0.871366
0.222323 -0.046772 -0.132875 -0.375126
0.245414 0.428576 -0.272998 -0.115654
-0.057206 0.266907 0.327122 0.196185
-0.093049 0.001151 0.476407 -0.128649
-0.085436 0.055070 -0.415633 0.028915
-0.247165 0.075561 0.065381 0.064673
-0.053681 -0.296096 0.055700 -0.176343
-0.098452 -0.191179 -0.039809 -0.081719
0.080749 -0.117785 -0.002963 0.035952
0.156536 0.033273 -0.004577 0.125304
-0.067326 0.072057 -0.191065 0.161013
0.169857 0.263833 0.123868 0.191578
0.130797 -0.066553 -0.043753 -0.075383
0.341664 -0.184884 -0.205113 -0.039075
0.259574 -0.120344 -0.198164 -0.033514
0.125809 0.023571 0.437200 -0.373374
0.150934 0.333967 -0.356268 -0.199674
0.160561 0.193994 -0.289940 0.211888
-0.342187 0.123325 -0.236938 0.135895
-0.508413 0.214870 0.124711 0.427638
-0.236259 -0.214167 -0.149204 0.539506
0.104909 -0.337799 -0.427265 0.484531
0.304215 0.168372 0.125287 -0.435370
-0.045164 -0.263561 -0.152755 -1.116190
-0.517363 0.098174 -0.145167 -0.072862
0.301502 0.217313 0.022477 0.164981
0.205850 0.230038 0.274104 0.154687
0.185457 0.113105 0.107869 0.125549
0.038681 -0.086447 0.200389 0.013123
0.166962 -0.289726 0.505993 -0.019063
0.268594 -0.070893 0.103693 0.152658
0.094001 -0.059157 -0.189478 -0.103781
0.125617 -0.063912 -0.021546 -0.169490
0.174066 -0.319318 -0.123886 0.101284
-0.101135 -0.464153 -0.168337 0.114007
-0.119767 -0.114464 -0.054641 0.510292
0.155768 0.219513 -0.255708 0.295742
0.390850 -0.062208 0.117581 0.122194
0.191381 -0.033263 0.362487 0.070360
-0.059202 0.150483 -0.029512 -0.218190
0.310857 0.129128 -0.208266 -0.561978
0.034769 0.351381 -0.147794 -0.357164
-0.223090 0.603970 -0.008744 0.377120
-0.679785 -0.050664 -0.072532 0.356411
-0.053512 -0.706132 -0.554697 0.887457
0.279465 -0.209823 -0.436523 0.094432
-0.117997 0.018666 -0.344337 -0.867170
-0.140691 -0.418864 -0.654747 -0.459791
0.366663 -0.008042 -0.094486 0.404060
-0.098147 -0.064064 -0.026008 0.405287
0.171750 -0.365084 0.206251 0.233623
-0.113877 0.116585 -0.022866 0.128350
-0.078687 -0.046534 0.022789 -0.006488
0.099814 -0.187281 0.369033 0.057157
0.151006 0.078916 -0.099305 0.020287
0.030190 0.058692 -0.029507 0.159179
0.162339 0.044618 0.090546 0.266583
0.370471 -0.193234 0.126630 0.182214
0.436701 -0.092204 0.288454 0.126633
0.291383 0.264151 0.273063 0.281200
0.004992 0.225783 0.310337 0.323173
0.009298 0.140397 0.078757 0.259103
-0.090010 0.216270 0.033061 0.337940
0.324031 0.235098 0.230579 0.212443
0.244116 0.044101 0.143057 0.147110
0.377997 -0.209052 -0.073690 0.001516
-0.061925 -0.590003 -0.037602 0.007078
0.155308 -0.179325 0.084972 0.055326
-0.210954 0.315231 -0.055539 0.171370
-0.122813 -0.041804 0.317368 0.210256
-0.123835 0.522944 0.128994 0.115224
0.038423 0.255058 0.044476 0.234583
0.284540 -0.003806 0.029971 0.415345
-0.036064 0.064304 -0.523874 0.171543
-0.188604 0.120669 -0.414382 0.175899
0.233584 -0.169623 0.027325 0.251697
-0.133828 -0.068219 -0.326023 0.275352
0.260922 -0.054827 -0.308412 0.112005
0.188014 -0.003573 -0.111388 0.073458
0.061885 -0.003846 0.051959 0.172556
0.165886 0.118746 0.083843 0.138549
0.291798 -0.052772 -0.313529 0.080354
0.168197 0.033057 -0.018174 0.274152
0.051298 -0.080350 0.128767 0.030321
0.284884 0.009069 0.261887 0.162030
0.225559 0.285243 0.251563 0.250983
0.314479 0.178005 0.195750 0.073538
0.094213 -0.006359 0.257745 0.148306
-0.051932 0.054867 0.008503 0.301539
0.013364 0.118802 -0.088595 0.327236
-0.019379 0.143738 -0.400197 0.033743
0.167964 0.114641 0.113584 0.227940
0.203098 0.158690 -0.076550 -0.044659
0.216850 -0.158066 0.039754 0.071354
-0.191132 0.297095 0.044393 -0.145393
0.167309 0.275307 -0.295880 0.368286
-0.239354 0.123782 -0.292330 0.415090
-0.160127 0.056757 -0.342981 0.044151
0.053145 0.045379 -0.517287 0.248022
-0.095200 0.154360 -0.571898 -0.113192
0.394592 0.023855 -0.630775 0.482053
-0.042683 0.081884 -0.408127 0.166447
-0.081893 0.177048 -0.552319 0.147105
0.302949 -0.131833 -0.542793 0.004866
0.312833 -0.081910 -0.604839 0.077844
0.136047 -0.092925 -0.477217 0.100339
0.164401 0.247256 -0.210052 -0.105675
0.325990 -0.133472 0.029603 0.037431
0.110851 0.124670 -0.091274 0.000955
0.240162 -0.167224 -0.026368 -0.180789
0.251119 0.048563 0.126328 0.114340
0.073739 0.216381 0.220874 -0.018675
0.209893 0.148022 0.260159 -0.084371
0.257998 0.189439 -0.271429 0.188659
0.066633 0.152193 -0.422921 0.213337
0.423615 0.213158 -0.145449 0.333067
0.148742 0.119201 0.260049 -0.018216
0.045301 -0.056027 -0.442688 0.082195
-0.085183 0.049515 -0.234632 0.071089
0.031331 0.392813 -0.149408 0.240926
-0.386245 0.149781 -0.044011 0.090871
0.226173 -0.171629 -0.021986 0.249464
0.120633 0.077286 -0.216395 0.110491
0.256085 0.156771 -0.098204 0.205394
0.111489 -0.134449 -0.504431 0.236227
0.263398 0.005811 -0.289890 0.297499
0.445580 0.049579 -0.467736 0.258880
0.392792 0.041393 -0.521517 0.390540
0.525733 -0.095893 -0.684010 0.238055
0.470239 -0.107609 -0.329414 -0.115259
0.227041 -0.003938 -0.138412 0.021627
0.444461 -0.020441 -0.191315 -0.314750
0.273315 0.108867 0.055646 -0.122166
0.249932 -0.079685 0.335886 -0.298749
0.483914 -0.026641 0.406994 -0.117510
0.081092 -0.074039 0.263189 -0.180242
0.004274 0.018279 0.023956 0.014709
0.004952 0.133963 -0.168893 0.218215
0.194463 -0.122032 -0.575886 0.337413
0.268873 -0.029754 -0.383186 0.205147
0.337480 -0.355088 -0.110332 -0.000310
0.322195 0.023533 0.202788 0.219587
0.265550 -0.058480 -0.271659 0.116216
-0.389965 0.000345 -0.169306 0.580690
-0.493156 -0.175978 -0.347043 -0.057265
-0.439631 -0.065038 0.309488 0.041761
-0.305837 0.259276 0.712344 0.198181
-0.437946 0.317951 0.776702 0.097466
0.039999 -0.141387 0.185416 0.144498
0.089928 -0.092646 0.332194 0.037083
0.225750 -0.345283 0.071290 -0.191007
0.136483 -0.007326 0.297236 -0.378734
-0.002894 -0.082808 0.027859 -0.319535
0.178278 -0.244766 -0.134000 -0.220178
-0.072407 -0.112268 -0.194010 -0.485584
-0.005760 -0.153377 -0.161323 -0.242995
-0.214704 0.052102 -0.291276 -0.333969
-0.017108 0.005338 0.072233 -0.160744
-0.176387 -0.235352 0.051851 0.015552
-0.301830 0.145194 0.021017 -0.060940
-0.052930 -0.195770 -0.006101 0.249104
0.093236 0.107422 -0.142861 0.351722
-0.183464 0.380474 -0.371989 0.551278
-0.032100 0.421573 -0.239325 0.948646
0.556702 0.419537 -0.326656 1.169589
0.640081 0.889045 -0.438146 1.294120
0.378295 0.775489 -0.090671 1.141203
0.178379 0.684580 -0.125266 1.083629
-0.342710 -0.455052 0.320449 -0.526038
-0.398643 0.151279 0.063898 -0.094849
0.184360 -0.021065 0.060393 -0.101998
-0.122261 -0.366187 0.235792 -0.240647
-0.235298 -0.146579 0.133076 0.073106
-0.120956 -0.126933 -0.046639 -0.235934
0.211995 -0.134203 0.392430 0.072834
0.172661 -0.357154 -0.217830 -0.119643
0.316339 -0.237770 0.034835 -0.325872
0.121947 -0.128757 -0.149332 -0.075509
0.330017 -0.153250 -0.315814 0.069965
0.128687 -0.131743 -0.209025 -0.003741
0.193123 0.411558 -0.092505 -0.170362
-0.098954 0.309366 0.155038 -0.153608
-0.209006 -0.072819 0.273240 0.167129
0.092124 -0.199507 0.007628 0.214880
0.164878 -0.099221 -0.099595 0.522687
-0.122550 0.115530 -0.171036 0.814824
0.135831 -0.095598 -0.064179 0.807188
0.406939 0.182604 0.010024 0.365512
0.084888 0.355001 -0.151134 0.913485
0.192767 0.267303 0.070918 0.307888
0.279759 0.327176 -0.021842 0.501227
0.160655 0.472399 0.038455 0.770429
-0.030437 0.215428 -0.181422 -0.467467
-0.241151 -0.228549 -0.165618 -0.449856
-0.368005 -0.088334 0.382009 -0.306192
-0.477696 -0.006745 -0.203611 -0.268283
0.070494 -0.308229 0.277802 -0.018941
-0.256922 -0.350317 0.019609 -0.281766
0.193192 -0.182660 -0.130064 -0.139287
0.069515 -0.057980 0.068176 -0.172397
-0.036077 -0.229188 -0.094301 -0.128192
0.030907 0.059735 0.023604 -0.295761
0.048624 0.013256 -0.223055 -0.062395
-0.333147 0.383620 0.093222 -0.279291
-0.306016 0.496785 0.037020 -0.270313
0.065916 0.604996 0.305909 -0.017031
-0.000081 0.540263 0.309855 0.081398
-0.238279 0.311445 -0.077096 0.306299
0.045482 0.462773 0.037068 1.142207
0.038796 0.296972 0.101946 0.706667
-0.023523 0.227130 -0.005985 0.680408
0.090368 0.136185 -0.154159 0.360949
0.053590 0.248068 -0.027876 0.140355
-0.134423 0.121771 -0.055926 0.317056
-0.121556 0.346559 -0.172087 0.090353
0.311342 0.132568 0.272049 0.071594
-0.131179 -0.062540 0.609796 -0.471527
0.027639 0.117337 -0.038652 -0.221769
-0.073993 0.341339 0.123148 -0.276518
-0.240424 0.103880 0.167833 -0.180596
-0.013366 0.008408 -0.043099 -0.173718
-0.119953 0.038021 -0.081805 -0.319883
-0.235970 0.165237 -0.164112 -0.261689
0.213157 -0.050331 -0.335113 0.016297
-0.004560 -0.117666 -0.096335 -0.000758
0.339759 0.037115 -0.197623 0.409416
-0.123633 -0.101191 -0.105570 -0.079922
-0.115123 -0.004835 0.312116 -0.111853
-0.164919 0.447010 0.596313 0.146251
0.129561 0.596052 0.678116 0.330044
-0.002826 0.411150 0.388180 0.510669
0.353557 0.678313 0.289958 0.659803
0.301204 0.974037 0.358019 0.499400
-0.048340 0.522879 -0.051817 0.454149
-0.009181 0.334123 -0.225306 0.459978
-0.409785 0.524714 0.103410 -0.006643
-0.007798 0.192047 -0.246402 -0.244576
0.021183 0.103548 -0.116928 -0.060629
-0.415825 0.114144 0.046187 0.132722
0.007137 0.089847 -0.039266 0.468458
-0.087428 -0.284707 -0.286808 -0.169410
-0.061745 -0.021295 0.034964 -0.118799
-0.515260 0.156214 -0.152612 -0.233824
-0.069315 0.306302 -0.322449 0.349886
-0.126290 0.307344 -0.171318 -0.423597
0.303484 -0.322675 -0.171084 -0.257205
0.100956 -0.620460 -0.181771 0.064837
0.100780 -0.324626 0.257221 0.448385
0.055765 0.024938 0.050454 0.208195
-0.447174 -0.112475 -0.186277 0.282209
-0.663218 0.253894 -0.093133 0.080867
-0.304910 0.183058 0.437277 0.124083
0.146903 0.100129 -0.013753 -0.162667
0.355126 0.054175 -0.360885 -0.159666
0.225099 0.146859 -0.227208 -0.436442
0.199099 -0.095427 -0.525480 -0.129963
-0.102890 0.078756 -0.254263 -0.110914
-0.262269 -0.230524 0.314474 0.270504
-0.222568 -0.007317 0.258661 0.208870
0.376617 0.264958 0.120860 0.080045
0.109295 -0.086585 -0.008144 0.138705
0.155354 -0.107131 0.274940 -0.154882
0.091801 0.044640 0.114409 0.198273
0.068612 0.092900 -0.148169 0.350286
-0.042505 -0.132058 -0.111420 -0.154087
0.202796 -0.070520 -0.163770 -0.008626
0.022426 -0.066907 0.083387 -0.171146
0.238507 0.087341 -0.290679 -0.334385
-0.008966 -0.107199 0.186936 -0.253352
-0.043818 -0.280550 0.244983 -0.207185
0.207788 -0.408125 -0.036111 -0.588185
-0.007592 -0.004202 0.066888 0.063336
0.275893 -0.080890 -0.205184 0.259833
-0.069618 0.073305 0.032004 0.096685
-0.423248 -0.061316 0.210887 -0.051765
-0.110228 -0.062987 0.130984 0.173805
0.177860 -0.137535 0.034879 0.419672
0.222500 0.142317 -0.003436 0.250833
0.022354 -0.143857 -0.258216 0.098004
-0.178239 -0.030262 -0.191250 -0.181429
-0.341726 0.057427 0.211098 0.069047
-0.221708 -0.006782 0.179696 -0.172948
-0.239418 0.100930 0.281979 -0.043771
-0.207811 0.123673 -0.011821 -0.242138
0.053423 0.039972 -0.192281 -0.104310
0.122866 -0.034099 0.192348 -0.002305
-0.035751 -0.253944 0.181386 -0.127473
-0.352251 -0.269741 -0.224002 0.034263
-0.346037 0.053885 -0.086219 -0.177204
0.064816 0.171155 -0.075145 -0.065143
0.175405 0.074258 0.257946 -0.158886
0.054441 -0.009731 -0.163589 -0.334153
0.045977 0.195335 -0.173997 -0.362697
-0.060458 0.102216 0.103647 -0.206364
-0.103548 -0.425269 0.377115 -0.312533
-0.142442 -0.157851 0.019845 -0.314888
0.008937 -0.119535 -0.225394 0.106706
-0.131676 -0.161090 0.099773 0.408393
-0.461402 0.145390 0.293270 0.107990
0.034605 0.034402 -0.003840 0.040824
0.408710 -0.034689 -0.473024 -0.115977
0.372614 0.215499 -0.085303 0.166551
0.066833 -0.198947 -0.217901 0.232112
-0.276903 0.031002 -0.299960 -0.087499
-0.163705 0.265344 0.177577 0.323035
-0.211394 0.140354 0.402112 -0.352557
-0.121212 0.053990 0.320238 -0.172130
0.244097 0.311066 0.499783 -0.159126
0.133685 -0.020289 -0.007666 0.012857
0.218110 0.181242 0.156942 0.064300
0.039352 0.195534 -0.169474 0.298599
-0.291588 -0.134600 -0.294398 -0.252775
-0.130976 -0.121875 -0.150165 -0.265463
0.162389 -0.206226 -0.108257 -0.023270
-0.344680 -0.179154 -0.230576 0.166611
-0.217823 -0.050756 -0.196811 -0.093297
-0.064186 0.270026 -0.246110 0.148933
-0.236978 -0.517378 0.066894 -0.115176
0.036740 -0.259046 0.145537 -0.265624
-0.119271 -0.172463 -0.118502 -0.430147
0.068953 -0.078135 -0.046360 -0.231415
-0.345868 0.143850 0.251705 -0.003536
-0.115167 0.286431 0.147169 0.115169
0.160880 0.363326 0.008012 0.178618
0.237022 0.248047 -0.442630 0.148744
0.476180 0.042776 -0.263575 0.099902
0.009950 -0.098903 -0.089076 -0.036226
-0.549306 0.164128 0.322396 -0.160795
-0.009627 0.208121 0.335068 0.003845
-0.121982 -0.007124 0.267562 -0.111808
0.082415 0.112955 0.025660 0.017872
0.051338 0.130712 -0.071178 -0.125970
0.188919 0.151339 -0.195392 0.112962
0.276113 -0.167879 0.004916 0.049878
-0.094244 0.157100 0.061479 0.082550
-0.127457 0.103476 0.091702 -0.088818
