-0.163950 -0.796773 -0.036858
0.141755 -0.574229 -0.514210
-0.039026 -0.729475 -0.189587
-0.274792 -0.428068 -0.450760
-0.176906 -0.258613 -0.310396
-0.129964 0.096366 -0.319757
-0.067809 0.960570 -0.171204
0.026035 0.372152 -0.067909
-0.079711 0.631804 0.453160
0.248708 0.283324 0.196966
0.064235 0.325540 0.421479
-0.112767 0.118364 0.260894
0.207896 0.269103 0.117961
0.206316 -0.222246 0.001118
0.058251 -0.034422 -0.156006
0.059408 -0.413940 0.014733
-0.120449 -0.111194 -0.121190
0.116535 -0.000176 0.046439
0.138484 -0.134030 -0.157041
0.233441 0.058726 0.259673
-0.131294 -0.194434 -0.037151
-0.097085 -0.029846 0.079806
0.150120 0.125930 0.116316
0.045409 -0.027868 0.274028
-0.042261 -0.257297 -0.089730
-0.039080 -0.293100 -0.347671
0.066408 -0.220959 -0.268643
0.094516 -0.358194 0.068470
0.062131 -0.129464 -0.161862
0.157272 -0.462948 -0.051260
0.072142 0.225039 -0.442343
-0.010130 0.158936 -0.071762
0.306207 0.163919 -0.008018
-0.142442 0.150215 -0.062210
-0.057261 0.082975 0.409745
0.294603 0.621650 0.125309
0.137550 0.306384 0.141183
0.187109 0.418405 0.024898
0.063785 0.419020 0.263214
0.251380 0.404128 0.300423
0.106910 0.049967 0.113422
-0.224786 0.222273 0.064423
0.114903 0.374298 0.118745
-0.196673 0.241799 0.228064
0.127635 0.354280 0.037660
0.231795 0.287312 -0.091690
-0.057800 0.300353 0.002098
0.147263 -0.184695 -0.101864
0.232668 -0.325484 -0.051065
0.303854 -0.593473 0.269381
0.253198 -0.072131 0.109031
0.218085 -0.259725 -0.045628
0.148316 -0.074314 -0.269815
0.004394 -0.235258 -0.139392
0.406283 0.159922 -0.321309
-0.286081 -0.046338 -0.400211
-0.245237 -0.322547 -0.344684
-0.188441 0.262661 -0.286513
-0.307478 0.016004 0.132074
-0.387146 -0.257782 -0.080402
-0.245032 0.124206 -0.175830
-0.510190 0.006005 0.163187
-0.084883 0.452517 -0.206923
0.064754 0.591713 0.230299
-0.155679 0.612313 0.134119
-0.017039 0.449717 -0.054216
0.026447 0.455038 0.101249
-0.002426 0.342827 0.054033
0.102086 0.387411 -0.133695
-0.024649 0.271608 -0.030713
0.309086 0.609943 -0.019845
-0.202074 -0.229913 -0.251475
-0.688310 0.097436 -0.265169
-0.452928 -0.056699 -0.149453
-0.228852 0.056923 -0.302319
-0.319479 -0.293070 0.166091
-0.190817 -0.310756 0.293937
-0.210491 0.198009 0.191144
-0.425566 -0.106129 -0.092965
-0.436604 0.133114 0.044337
-0.302628 0.076462 0.093517
-0.537887 0.202015 0.101003
-0.604626 0.259603 -0.059642
-0.461556 -0.061732 -0.145306
-0.354815 -0.068539 -0.263671
-0.355161 -0.071137 -0.261733
-0.161209 0.065262 -0.285992
-0.243669 0.086539 -0.432062
-0.038452 0.077969 -0.200917
0.117108 0.036604 -0.224769
-0.173474 0.091484 -0.030206
-0.072654 -0.114598 -0.061307
-0.116067 0.277071 -0.255336
-0.224447 -0.018613 0.142186
-0.146922 0.154428 -0.280119
0.172782 0.033394 -0.476463
-0.133084 0.222260 -0.018401
-0.302911 0.275828 0.136923
-0.338029 0.059768 -0.132438
-0.366675 0.063782 0.046163
-0.551831 -0.105995 0.058361
-0.390458 0.020576 0.175632
-0.376418 0.196619 -0.184997
-0.386106 0.076507 0.118194
-0.380996 0.210432 0.040026
-0.478662 0.171740 -0.020216
0.074347 -0.122782 0.096873
0.042105 0.245192 0.112091
-0.023636 0.097786 0.038039
-0.059040 0.094611 -0.063086
-0.130992 0.020032 -0.011101
0.201843 0.191701 0.085489
0.074725 -0.008479 -0.202110
-0.116631 0.078428 -0.257219
0.394315 0.196893 -0.183850
-0.144083 -0.015322 -0.159273
0.096072 -0.003587 -0.222926
-0.205841 0.330046 -0.029538
-0.164836 -0.170335 0.125235
-0.373236 -0.164385 -0.301844
0.122718 0.028020 0.327451
-0.416236 0.157903 -0.389982
-0.046304 0.008082 -0.393687
-0.552744 -0.138853 -0.211038
-0.517040 0.089529 0.296132
-0.257736 0.184670 0.049899
-0.220059 -0.216629 -0.061236
0.012605 -0.005801 -0.010078
0.132221 0.047682 0.094368
0.521287 -0.319350 0.166587
0.203838 -0.188647 0.240675
0.118312 -0.174309 0.207135
0.289173 0.219245 0.380843
0.143127 0.261062 0.155670
-0.075877 -0.085467 0.229916
-0.143246 -0.027690 0.055471
-0.248369 0.068112 0.009913
-0.072041 -0.025616 0.214991
0.057779 0.013498 -0.189020
0.187509 -0.164535 0.051083
-0.207209 0.143716 -0.155463
0.080322 0.034382 -0.086875
-0.255617 0.031088 -0.052062
0.087514 0.078386 -0.103806
-1.753526 0.127357 -0.317283
-1.569111 0.180893 -0.727870
-1.244380 -0.150337 -0.225121
-0.636293 0.096541 -0.222630
-0.642518 0.174207 -0.164569
-0.731750 -0.314158 -0.398685
-0.472595 0.285005 -0.167862
-0.267424 -0.010875 -0.282450
-0.242358 0.220129 0.005969
-0.053999 0.290489 -0.188942
-0.063762 0.023543 -0.248196
-0.075755 0.063756 -0.048173
-0.043004 -0.621104 -0.061579
-0.079950 -0.050867 -0.011469
-0.028082 0.122525 -0.174469
-0.059105 -0.132974 0.014633
-0.224613 0.094508 -0.095772
-0.060267 -0.274586 -0.118811
-0.092036 0.129238 -0.031071
0.150975 0.113366 0.158565
-0.028911 0.098580 0.084183
-0.128614 -0.057890 0.009454
-0.132469 -0.153389 0.103232
0.131030 -0.372526 -0.224147
-1.290141 0.174983 -0.162552
-1.286263 0.037912 0.134682
-0.791364 0.382261 -0.160322
-0.530424 0.128424 -0.144364
-0.365125 0.245410 0.028036
-0.510809 0.011465 -0.109766
-0.467997 0.381425 -0.121656
-0.405132 0.270656 -0.064494
-0.314238 0.132373 -0.080698
-0.006671 0.120506 -0.139146
-0.305499 -0.122661 -0.079885
-0.116614 0.460624 -0.023224
-0.240702 -0.061291 -0.226340
0.024676 -0.192651 0.198800
-0.140132 -0.150894 0.149367
0.177617 -0.295722 -0.047078
0.171136 -0.253035 0.219869
-0.078699 0.052778 0.054770
0.037399 0.016927 -0.143930
0.044202 0.057289 -0.006766
-0.108345 0.263873 0.078461
0.201440 -0.124545 0.135760
-0.136263 -0.205451 -0.022897
-0.031862 -0.137969 -0.065442
-0.622041 0.458043 0.467767
-0.518981 0.273627 0.243060
-0.436422 0.081889 0.186487
-0.559624 -0.108213 -0.142791
-0.342643 0.488230 -0.051226
-0.237390 0.079472 0.249970
-0.502841 0.124711 -0.047011
-0.169621 -0.191951 -0.231136
-0.187643 -0.215204 -0.138448
-0.236164 -0.135062 -0.122712
-0.122969 0.185043 0.142946
-0.227523 -0.144620 -0.058989
-0.115811 -0.036143 0.144438
-0.270723 -0.150134 0.010563
-0.238647 -0.112444 -0.264287
-0.166841 0.083446 0.112361
-0.030319 0.159434 -0.268008
0.106337 -0.159195 0.069187
0.008282 0.062830 -0.072023
0.042740 0.415857 0.207174
-0.030199 -0.012572 -0.002182
-0.129850 -0.222792 0.004138
-0.119686 0.031028 -0.089325
-0.163516 -0.106967 0.016307
-0.084729 0.490818 0.120453
-0.160553 0.558236 0.199665
0.051009 0.255309 0.073126
-0.171784 -0.001796 0.094734
-0.118008 0.087817 0.126899
0.015898 0.230689 0.211540
-0.068359 0.190648 -0.083168
-0.081124 -0.176287 0.013752
-0.072237 0.131684 0.056023
0.293711 0.303786 0.046522
0.153900 0.274481 -0.169389
0.367349 0.166580 0.077686
0.186965 0.129498 -0.211372
-0.135805 0.133661 0.261394
-0.202914 -0.409237 0.016284
-0.239549 -0.072705 0.196707
-0.230604 -0.410360 -0.003365
0.043438 0.132859 -0.474408
0.187215 -0.000631 -0.640430
-0.027688 -0.036536 -0.290690
0.527869 -0.137566 -0.321111
0.254119 -0.281000 -0.153015
-0.152134 0.029757 0.022196
-0.667810 -0.016591 0.114704
-0.041047 0.476900 0.164145
-0.504654 0.117740 0.203738
-0.054391 -0.118996 -0.220708
-0.006032 0.012497 -0.185237
0.030380 0.281619 -0.040146
0.073798 -0.258891 0.034847
-0.294208 0.165384 -0.018062
-0.012218 0.195268 -0.261912
0.007340 0.149720 0.119577
0.248443 -0.058841 0.059853
-0.104529 0.178988 0.232253
-0.112614 -0.043750 0.178556
-0.248348 0.227546 -0.094214
0.234577 0.138929 0.074269
0.194746 -0.044173 0.341574
0.371500 -0.238352 0.109048
0.380928 -0.136565 0.132138
0.403927 0.141714 -0.182774
-0.135586 -0.083891 -0.447681
-0.035750 -0.091334 -0.387774
0.109139 0.407879 0.072960
-0.127613 -0.081668 -0.081251
-0.561053 0.073760 0.658262
-0.392619 -0.081038 0.412088
-0.237218 0.428643 0.060032
0.045386 -0.127548 0.465040
0.055882 0.322910 -0.200538
-0.174844 -0.220013 0.040233
0.201382 -0.476193 0.183343
0.002851 -0.000479 0.037023
0.228969 -0.305157 0.016578
0.110010 -0.133747 0.306404
-0.045416 -0.104895 0.144404
-0.060175 0.064968 0.124670
-0.507039 0.220147 -0.392484
0.211638 0.339611 -0.136550
0.158203 0.188291 -0.336190
0.050276 0.036097 -0.036078
0.086825 -0.373651 0.626303
0.175604 -0.409747 0.446498
0.378271 -0.236869 0.243533
-0.209771 0.014490 -0.467671
-0.138305 -0.063966 -0.379691
0.164481 0.080472 0.096013
-0.408119 -0.025717 0.126719
-0.528452 0.076692 0.131811
-0.218968 -0.033421 0.002796
0.190522 -0.454400 -0.161957
0.366205 0.312357 -0.219079
0.156051 0.104062 0.070008
-0.251240 0.220857 0.103177
-0.229833 -0.106196 -0.756149
-0.570853 -0.373175 -0.384842
-1.258469 -0.206851 -0.347084
-0.430266 -0.475625 -0.311713
-0.385507 -0.502890 0.194020
-0.103330 -0.217339 0.326923
-0.280066 -0.120867 0.493119
0.002889 0.141546 0.208656
0.140285 0.138472 -0.117719
0.085337 0.281557 -0.646395
0.298781 0.567119 -0.686632
0.076573 0.168483 -0.705110
0.209148 -0.019406 -0.868385
0.039645 -0.091661 -0.894693
-0.612234 -0.451931 -0.886282
-0.710963 -0.441464 -0.423073
-0.651219 -0.427666 -0.843589
-0.714554 -0.421709 -0.649308
-0.718693 -0.651131 -0.334615
-0.655507 -0.581916 -0.960040
-0.060422 -0.422644 -0.173321
-0.045926 0.095290 -0.291430
-0.353963 0.141245 -0.381127
-0.907655 -0.147951 -0.094686
-0.812323 -0.174826 -0.342347
-0.763438 -0.236944 -0.114852
-0.324718 -0.193790 -0.133078
-0.681334 -0.387242 -0.019067
-0.253027 -0.622037 0.270128
-0.373819 -0.126449 0.248441
0.005166 -0.025265 0.364149
0.077342 0.313317 0.138089
0.314740 0.144281 0.006277
0.316738 0.319459 -0.643840
0.411784 -0.002796 -0.412909
-0.157507 0.032725 -0.767065
-0.053976 -0.251388 -0.620928
0.044740 -0.345641 -0.546291
-0.129607 -0.264533 -0.625467
-0.669234 -0.490803 -0.558927
-0.595280 -0.580110 -0.435458
-0.346651 -0.146852 -0.529373
-0.685882 -0.809467 -0.468415
-0.178318 -0.640332 -0.673799
0.004597 -0.176435 -0.554104
-0.329165 0.124842 0.116682
-1.115159 -0.279388 -0.228758
-1.237829 -0.610466 -0.669411
-0.139137 -0.443236 -0.517183
-0.710388 -0.493770 -0.156452
-0.234336 -0.217538 -0.132792
0.218212 -0.763170 0.365470
0.113707 -0.656904 0.276589
-0.117378 -0.218992 0.354322
0.354377 0.052914 0.064092
0.196860 0.471098 -0.058676
0.336789 0.400619 -0.164362
-0.011494 0.212005 -0.630738
-0.071643 -0.340231 -1.006441
0.161963 -0.151471 -0.692215
-0.052378 -0.543023 -0.421085
-0.302353 -0.179039 -0.193356
-0.418816 -0.417128 -0.287024
-0.213237 -0.385538 -0.084458
-0.536769 -0.733631 -0.220586
-0.555678 -0.683574 -0.103776
0.044822 -0.793513 -0.205391
0.160169 -0.438840 -0.314097
-0.263684 -0.194303 -0.722414
-0.128413 -0.465882 0.546753
0.029501 -0.399158 -0.027434
0.579101 -0.131804 -0.199461
0.431356 -0.308509 0.541776
0.046589 -0.191990 0.572631
0.106191 0.095819 0.521318
0.292199 -0.236163 -0.232272
0.105359 0.070123 -0.236066
0.084950 0.038462 -0.058836
-0.058116 0.190275 -0.095361
0.304506 -0.012903 0.139779
0.277318 0.090251 0.073038
0.004081 0.144666 0.281912
-0.076692 0.175316 0.194388
0.206430 -0.008688 -0.353429
-0.378022 -0.223940 -0.307433
-0.174620 -0.157002 -0.463884
-0.061701 -0.305413 0.034562
-0.474676 -0.046142 0.089389
-0.101206 -0.052305 0.896791
-0.115070 -0.055477 1.034550
-0.465867 -0.253327 0.730874
-0.600182 -0.059336 0.741187
-0.495023 0.187436 0.298601
-0.883455 -0.322396 0.112583
-0.107902 -0.008291 0.379410
0.191334 -0.101099 -0.093167
0.128794 -0.526018 0.113487
0.144868 -0.006012 0.166193
-0.107111 -0.072168 0.372275
0.049868 -0.280527 0.462083
0.113561 -0.188529 0.550599
-0.128950 0.095335 0.131041
0.259628 0.035209 0.025180
-0.016517 -0.016528 -0.021406
0.338346 -0.017776 0.314623
0.414832 0.030179 0.431543
0.274826 0.291913 -0.104107
0.017216 0.230276 -0.125549
0.203785 0.118367 -0.280078
-0.089719 -0.070949 -0.264340
-0.104769 -0.169318 -0.110802
-0.197630 0.029729 0.555009
-0.361507 -0.247653 0.054768
-0.459684 -0.109191 0.501657
-0.230292 -0.022752 0.555305
-0.227470 -0.384780 -0.077535
-0.444844 0.468679 -0.013688
-0.114230 0.141050 -0.028658
-0.211347 -0.167242 -0.179139
-0.056866 0.065334 -0.238077
-0.067777 -0.321551 0.055391
-0.166591 -0.298818 -0.268922
0.125936 -0.355707 0.154035
-0.287547 0.219357 0.319721
0.068791 -0.191356 -0.099810
0.091252 -0.152448 0.303532
0.414964 0.135032 0.223308
0.701063 -0.176748 0.408907
0.295320 -0.067116 0.260422
0.243702 0.318625 0.116933
0.320444 -0.143705 -0.064134
0.581238 -0.082404 -0.059162
0.357398 0.116427 -0.325122
0.011060 -0.301564 -0.158293
-0.203956 -0.017662 0.130178
-0.320519 -0.193079 0.670026
-0.215324 -0.036416 0.033131
-0.144275 0.002660 0.457025
-0.653699 0.007115 0.176695
-0.499129 -0.136790 -0.217638
-0.432039 -0.095039 -0.472214
0.002075 -0.034599 0.037122
-0.059005 0.237515 0.161947
-0.019305 -0.143284 -0.077590
0.315410 -0.054804 0.086082
0.105543 -0.023341 0.088471
-0.055788 0.250123 -0.124517
-0.235332 -0.079733 0.176162
-0.469176 -0.100229 -0.016622
-0.296876 0.021588 -0.459296
0.144517 -0.005344 -0.075122
0.396141 0.324261 0.330229
0.276645 -0.111532 0.452005
-0.462349 -0.377251 0.203686
-0.048878 -0.453545 -0.346003
0.120304 -0.114609 -0.370117
0.245796 -0.077987 -0.036153
0.004649 -0.224713 0.230618
0.178140 0.433500 0.226984
-0.218582 0.073322 0.126008
-0.306650 -0.163527 -0.256476
0.007873 0.004358 -0.270108
0.216899 0.082515 0.123510
0.706968 0.090893 -0.122849
0.006109 -0.038318 -0.100661
0.035088 -0.291989 0.026389
-0.028740 -0.010443 0.204364
-0.078071 -0.008363 -0.119977
0.041588 -0.009073 0.140199
0.064598 0.000234 0.089402
-0.109219 -0.194633 0.062960
0.096564 0.224073 0.247250
-0.150303 0.124440 0.036686
0.110865 -0.058387 -0.079767
0.087142 -0.144266 -0.066634
0.072146 0.359693 -0.085667
0.099239 0.076381 0.219096
-0.261782 -0.142302 0.263943
-0.293807 0.018373 -0.233369
0.058045 -0.008506 -0.298953
0.396975 0.058000 -0.060558
-0.135596 0.075016 -0.067489
0.027100 0.093786 -0.122272
-0.068120 0.179618 0.052888
0.162032 0.220658 -0.010108
-0.067237 -0.222166 0.146270
0.021694 -0.026476 0.178814
0.839932 0.249589 -0.150068
-0.304960 0.330294 0.052324
-0.303866 -0.371820 0.045569
-0.100607 -0.012240 -0.091240
-0.395115 0.056851 -0.080916
-0.082756 0.043585 -0.218041
0.109054 -0.233756 -0.072947
-0.056812 -0.163645 -0.102147
-0.580610 -0.128961 0.195459
-0.352988 -0.272043 -0.568524
-0.468454 0.001477 -0.367802
-0.221843 0.009404 -0.560112
0.186729 -0.108070 0.125132
0.073383 0.177361 0.314582
0.283804 -0.007531 0.505793
0.092760 -0.371902 -0.203471
0.088853 -0.136739 -0.182172
-0.075713 0.222514 -0.232111
-0.122176 0.219760 0.190809
-0.108482 0.127713 0.036470
-0.009560 0.112853 -0.014384
0.163620 -0.165129 -0.153099
0.404722 -0.069590 -0.003455
0.158181 -0.035865 0.037282
0.101898 -0.245447 0.025867
-0.082845 0.109875 0.306119
