-0.030163 0.463234
0.858612 0.040710
0.724415 0.428188
0.062647 0.383513
0.598687 0.860852
0.665646 1.091980
0.133050 0.976961
0.009999 0.865445
-0.105277 0.543315
-0.109826 0.568087
-0.131062 0.362781
-0.276212 0.542941
-0.232461 0.553118
-0.300393 0.172135
0.016593 -0.162634
-0.003029 -0.454233
0.298803 -0.226727
0.184344 -0.096413
-0.163214 -0.245442
0.053235 -0.469869
0.291341 -0.337967
0.427955 -0.272453
0.693292 -0.117322
0.715057 0.433211
0.891674 0.511794
1.247096 0.739653
0.724335 1.010825
0.456304 0.749597
0.630836 1.196452
0.628265 0.928506
0.103934 0.363628
0.047950 0.801516
-0.191974 0.234852
0.044695 0.409186
-0.168800 0.782664
-0.316020 0.180931
-0.159165 -0.059230
0.320640 -0.322000
0.576005 -0.094425
0.483138 -0.247901
0.452504 -0.151769
0.733348 -0.413060
0.771480 -0.449850
0.998285 -0.004694
0.450531 0.031657
0.660800 0.020955
-0.259946 -0.081999
0.518654 0.304416
0.040710 -0.328093
-0.110482 -0.559245
0.190955 0.334387
-0.138409 0.180262
0.167689 0.216048
-0.284214 -0.087877
0.177717 -0.110951
-0.093572 -0.436220
-0.292189 -0.342595
0.153122 -0.669266
0.219252 0.237808
0.122951 0.111938
0.093450 0.131339
0.304031 0.376129
-0.011554 0.034807
0.010631 0.359858
0.066217 -0.118968
0.079370 0.311808
-0.307113 0.092502
-0.315035 0.145838
-0.430435 0.127862
-0.210186 -0.148425
-0.512540 -0.598857
-0.267768 -0.007305
-0.133650 -0.166350
-0.039432 -0.218978
0.027996 -0.474250
0.206656 -0.591650
-0.095858 -0.315425
-0.036478 -0.413132
0.318041 -0.032466
0.181615 0.046528
0.091021 0.013230
-0.214481 0.304131
0.162592 -0.029618
-0.390210 0.417641
-0.121208 0.029218
-0.193623 0.031282
-0.156533 0.212294
-0.161561 -0.193267
-0.237266 0.150390
-0.315490 -0.029192
-0.027016 -0.385530
0.089821 -0.341768
-0.084301 0.080208
-0.107039 -0.464290
0.153101 -0.025448
-0.069136 -0.440692
-0.354722 0.090388
-0.231675 -0.001051
-0.488453 0.203337
0.103945 0.068165
-0.177165 -0.302636
-0.288632 -0.175492
0.248127 -0.421842
-0.143012 -0.206720
0.615541 -0.206025
0.531509 0.058181
0.278237 -0.053282
0.369632 -0.065327
0.355561 0.357449
0.278765 0.210811
0.102717 0.195297
0.380024 0.140672
-0.045754 0.004691
-0.317788 -0.043828
0.072647 0.031023
0.007608 -0.070054
-0.201457 -0.098379
-0.465333 -0.044061
-0.191536 0.170691
-0.367303 -0.247272
0.145685 0.032985
-0.101828 -0.372204
-0.534584 0.160166
-0.085379 0.024377
0.031907 0.048736
0.070025 0.094454
-0.593479 0.183833
-0.115960 -0.290181
-0.608017 0.179364
0.059520 -0.058778
-0.403600 -0.063672
0.145182 -0.358120
0.047419 -0.411162
-0.010109 -0.090905
-0.048874 -0.031347
0.069995 -0.169514
0.427743 0.034683
0.041097 0.023522
0.245849 0.089607
-0.099592 0.157726
0.000894 0.272879
0.446317 0.336884
-0.231397 0.082774
-0.147709 -0.072704
-0.179003 -0.157815
0.472003 -0.351320
0.070800 -0.001463
-0.051650 -0.085722
-0.310715 0.566613
0.072665 0.467206
0.670702 0.347117
0.495957 0.027903
-0.452849 -0.303810
-0.407252 0.276992
0.127171 0.419776
-0.291707 0.624487
-0.113684 -0.248757
-0.244313 0.140388
-0.022703 0.097830
-0.077107 0.094800
0.364186 -0.008659
-0.177852 -0.048403
-0.158543 -0.143502
0.026103 -0.068846
-0.182172 -0.444058
-0.137250 -0.146226
0.030533 0.372985
-0.006196 -0.062146
-0.343787 -0.320244
0.127200 -0.186142
0.343565 0.218384
-0.230696 0.816471
-0.185037 0.754964
-0.271881 0.490997
0.602585 -0.142241
0.390877 -0.228250
0.180264 0.143960
0.192340 0.488655
0.316537 0.343714
0.062823 0.002123
-0.069699 -0.143040
0.177881 -0.133948
-0.148849 0.144647
-0.075956 -0.228249
-0.299761 0.053909
0.262702 -0.130819
-0.184683 0.290180
-0.037785 0.064261
0.049044 0.136913
-0.001068 0.037917
-0.183516 -0.245924
-0.012325 -0.060254
-0.816075 0.317731
-0.155967 -0.176501
-0.703833 0.066349
-0.599136 -0.002871
-0.430592 -0.251206
-0.912490 0.412357
-0.625330 -0.077999
-0.908913 0.012446
-0.931628 -0.015071
-0.986842 0.006495
-0.350785 -0.230258
-0.466658 -0.141110
-0.610534 -0.207258
-0.563372 0.365059
-0.117662 -0.000804
0.667550 -0.127553
0.192416 -0.046236
0.486312 -0.162028
0.334743 0.181222
-0.234837 -0.295564
-0.728594 -0.520504
-0.822279 -0.108012
-1.023957 -0.289137
-0.623159 -0.539755
0.382278 0.099890
-0.059834 -0.070272
0.117316 -0.060289
-0.285470 -0.157378
-0.156271 0.331609
-0.388281 0.023419
-0.129724 0.066039
-0.449303 -0.204055
-0.378041 -0.307037
-0.334001 -0.132085
-0.554387 -0.146036
-0.429959 0.212886
-1.182855 0.355140
-0.465316 0.309604
0.199961 -0.087555
0.199130 0.233133
0.617102 -0.048050
0.535432 -0.183540
0.042648 -0.119660
0.044820 -0.149116
-0.402750 0.072351
-0.030994 -0.054078
0.150270 0.051880
0.410187 0.051503
-0.026234 0.369700
-0.627103 0.995736
-0.262869 0.937932
-0.451271 0.335346
-0.428764 0.725146
-0.561176 0.624989
0.053438 0.804327
0.450566 0.485254
0.633507 0.418994
0.288878 0.127704
-0.086766 -0.363217
-0.247508 0.099200
-0.173967 0.133321
-0.097751 0.059456
0.172450 -0.026298
-0.023371 -0.244445
-0.248232 0.129963
0.335568 0.083731
0.608091 -0.205980
0.461495 -0.231217
0.121235 -0.014145
0.347544 0.038139
0.515742 -0.135007
-0.035274 -0.172624
-0.297267 0.268520
-0.332983 0.513692
-0.222359 0.863295
-0.351152 0.829481
0.009079 0.673392
-0.133574 0.210912
0.065011 0.221081
0.418896 0.152661
0.400485 -0.439855
0.490411 -0.334788
0.259851 -0.117830
0.548308 -0.197957
0.432787 -0.181175
0.286885 -0.120750
-0.254604 -0.340063
0.675252 -0.065324
0.149108 -0.330837
0.576826 -0.024259
0.682126 -0.002708
0.311379 -0.368152
0.130256 -0.102895
0.155197 -0.076477
0.451109 -0.413820
0.360159 -0.375279
0.264758 0.066129
0.099300 -0.040056
0.088785 -0.148336
-0.015636 0.257332
0.033617 0.087263
-0.481432 0.278657
0.185904 -0.075737
-0.124600 0.290893
-0.110743 -0.108135
0.036511 -0.120143
0.333348 -0.268556
0.134963 -0.268623
0.601910 -0.328903
0.157890 -0.162540
-0.077551 -0.250248
-0.468299 -0.214368
-0.372311 -0.204821
-0.494862 0.218295
-0.545327 -0.270422
-0.368515 -0.424505
0.111818 0.388733
0.275742 0.760001
0.321850 0.847807
0.552725 0.637169
-0.451670 0.085966
-0.056444 -0.138436
-0.246978 0.207221
-0.279564 -0.073000
0.242499 -0.159969
-0.072874 0.163347
-0.072109 0.143759
0.319877 -0.133763
-0.136137 0.185056
0.127537 0.132430
-0.009504 0.417260
-0.329929 0.074830
-0.123451 -0.279244
0.443473 0.226754
0.259269 -0.328658
0.226124 -0.212537
0.245977 -0.382355
0.119537 -0.406205
-0.142810 -0.396372
-0.077733 0.041311
0.088368 0.100088
0.227567 0.482805
0.858198 1.006220
0.573323 0.350619
