-0.055770
-0.238304
-0.310227
-0.067184
-0.201440
-0.225383
0.036297
-0.200111
0.133441
-0.328769
-0.257338
-0.192784
0.153195
-0.603302
0.064395
-0.263485
-0.025942
-0.199776
-0.305144
-0.166795
-0.013586
-0.136589
0.032745
0.194621
0.537688
0.009546
-0.325633
0.135378
0.236590
-0.227595
0.054614
-0.371634
0.017971
-0.313957
-0.123365
0.035277
-0.088148
0.730693
0.289428
0.106357
-0.432408
-0.616552
0.082110
0.051388
0.272191
0.002707
0.022959
-0.292749
0.125505
-0.420071
-0.081685
-0.109797
-0.357209
-0.106513
-0.127504
-0.234618
-0.081735
0.071047
0.180250
-0.035362
-0.203836
0.032431
-0.166352
0.359329
0.674642
0.326852
0.047631
-0.201157
-0.406505
-0.024295
0.144668
-0.099185
0.441056
-0.121749
0.360999
0.175254
0.535716
-0.062608
-0.121286
0.027155
0.367852
0.443220
-0.052012
-0.886023
0.097349
0.285591
0.679720
0.010560
-0.605697
0.107668
-0.187232
-0.046923
0.044849
0.045298
-0.253004
0.186983
0.479501
0.100475
-0.130828
0.178042
0.460676
-0.303318
0.054714
0.353518
-0.061747
0.187955
0.014420
0.227035
-0.191590
0.095214
0.445607
-0.660050
-0.340122
-0.180261
-0.017498
0.153753
-0.287424
0.110008
-0.181986
-0.486542
-0.291385
-0.186718
-0.144018
0.148758
-0.215044
-0.007529
0.032868
0.200302
-0.317067
-0.095934
0.503243
0.062773
0.158137
0.225261
-0.641372
-0.382986
-0.035216
0.349846
0.710785
0.520389
-0.064154
-0.173045
-0.637343
-0.603289
0.107031
0.250228
0.170951
0.362436
-0.401240
-0.725922
-0.924392
-0.164619
0.562484
0.372226
0.076424
-0.006563
-0.325414
-0.263614
0.081681
-0.056030
-0.078396
0.225968
-0.100588
0.046781
0.160612
-0.158504
0.133105
-0.026833
