0.602884 0.122360 -0.065102 0.273191
0.819546 -0.175314 -0.332891 -0.135547
0.813529 0.088006 -0.396208 -0.133705
0.330823 0.123392 -0.259859 -0.152060
0.360326 0.774673 -0.447933 -0.641304
0.462600 0.664708 0.057378 -0.480502
0.228735 0.814249 -0.335089 0.164080
0.506676 0.415441 -0.330997 -0.523109
-0.129169 0.219211 -0.520440 -0.330678
-0.080396 -0.182737 -0.488209 -0.331985
0.405399 -0.946830 -0.044476 -0.289968
0.165642 -0.853354 0.064924 -0.146799
-0.048420 -0.067571 0.633735 0.037922
0.027021 0.183614 0.249447 -0.394586
-0.001773 0.178487 0.663796 0.058937
0.050313 0.581243 0.368725 0.251034
0.076782 -0.254214 -0.304374 0.699214
-0.558575 0.128333 -0.439731 0.716884
-0.165078 -0.128414 -0.055516 0.984439
0.049569 0.033990 -0.249067 1.251966
0.331507 0.120780 0.047358 0.513785
-0.523225 -0.213863 -0.251702 0.553585
0.085237 0.155919 0.204399 0.128286
-0.175667 0.564413 -0.064558 0.744582
0.696864 0.626748 0.345676 0.695602
0.843771 0.170087 0.628213 0.302340
0.280451 0.136906 0.604160 0.446273
0.502517 0.429113 0.299207 0.426586
0.614881 0.024920 0.225985 -0.065225
0.716820 0.234586 -0.150514 0.224189
0.281873 -0.246948 -0.783408 0.089148
0.592787 0.598983 -0.583696 0.143058
0.474963 -0.182264 -0.550940 0.481295
0.154361 0.203984 -0.119105 -0.157426
-0.060455 -0.087408 0.740365 0.327902
0.210390 0.402246 0.756428 -0.035769
-0.637612 0.109652 0.522371 -0.238866
0.054645 0.308205 0.452918 0.145235
-0.240160 0.174937 -0.092361 -0.452608
-0.144733 -0.277786 -0.217082 -0.173049
-0.267632 -0.008931 -0.508066 -0.084706
-0.393580 0.236701 0.139461 0.338345
-0.367943 0.430174 -0.033206 0.580485
-0.298199 -0.359994 0.343547 0.818601
-0.211195 0.165679 -0.017795 0.398529
0.285956 0.039331 0.046591 0.404684
-0.077199 0.517178 0.282703 -0.106813
-0.140702 0.037788 -0.079506 -0.076290
0.198612 0.397187 -0.001096 0.396131
0.515793 -0.087282 0.776620 -0.275983
0.057218 -0.443550 0.536341 0.301441
-0.376062 0.489973 -0.449369 0.286272
0.362437 0.230874 0.080437 0.155242
-0.151243 -0.199488 0.169396 0.140265
0.173229 0.274183 0.103127 0.547826
-0.394307 0.268149 -0.560193 0.177738
-0.272542 -0.569831 -0.418474 0.514460
0.486319 0.252342 0.136589 0.542166
0.489991 0.252946 0.779061 0.447604
-0.692964 -0.278087 -0.167379 0.297393
0.015139 0.029141 0.105219 0.419129
0.289402 -0.672579 -0.317304 0.623604
-0.067056 0.045828 -0.335387 0.198188
0.238931 -0.441311 -0.097724 0.326460
-0.228169 -0.218564 0.389493 0.191986
-0.119331 -0.157855 0.156028 0.404116
0.020536 0.002029 0.293494 0.469764
0.381365 -0.228501 0.225991 0.039458
0.606575 -0.149911 0.220644 0.419929
0.417191 -0.397571 0.077362 0.073524
0.091584 -0.257204 -0.188076 0.343884
0.198148 -0.303563 -0.368237 0.466827
-0.328133 -0.430072 -0.703481 0.415750
-0.838111 0.643646 -0.205100 0.050158
-0.476567 0.313549 0.507837 -0.123637
0.421898 -0.734409 0.321849 0.550568
0.039371 0.338790 -0.062429 -0.306822
0.031535 0.123981 -0.155303 0.001326
0.219940 0.593122 -0.392393 0.068013
0.187308 0.023174 -0.218798 -0.538077
-0.405676 -0.119591 -0.163976 -0.400465
0.032017 -0.092243 0.170721 -0.415203
0.246302 -0.373923 0.215594 -0.172487
-0.011800 0.050458 0.211480 0.005427
0.128134 0.154317 0.249270 0.216332
0.018733 0.249268 -0.111694 0.349253
-0.300028 -0.021824 -0.397419 -0.259389
0.588960 -0.436911 0.124626 0.024947
0.288116 -0.468987 0.086639 0.304081
0.170931 -0.033094 0.205775 -0.104834
-0.235782 0.075291 0.412105 -0.415993
-0.882690 0.856755 -0.124875 0.174981
-0.468510 -0.107046 -0.493607 -0.341040
0.012066 -1.394318 0.096494 -0.109245
0.295160 -0.587553 0.694281 -0.094054
0.435829 0.336892 -0.123915 -0.025639
0.205473 0.202568 -0.077451 -0.599838
0.317614 -0.299322 0.047009 0.068180
-0.288771 -0.634882 -0.222751 0.214970
-0.033100 -1.434362 0.081865 0.006336
-0.598973 -1.137577 0.076763 0.097928
-0.191713 -1.065875 0.003142 0.256404
-0.538885 -0.981653 -0.125185 0.163279
-1.015208 -0.730884 -0.209722 0.249913
-0.532127 -0.726496 0.025279 0.178153
-0.918837 -1.308652 0.321570 -0.050883
-1.253375 -1.123440 0.633042 -0.015434
-0.317200 -0.507996 0.459095 0.195494
0.042596 -0.638413 0.042376 0.323557
0.202837 -0.227763 -0.837627 -0.311031
0.675225 -0.852479 -0.696031 0.117411
0.426391 0.552160 -0.397655 -0.168840
-0.004830 0.371874 -0.357348 -0.394886
-0.272589 -0.128456 0.332806 -0.169830
-0.554985 0.216101 0.366333 0.502363
-1.686560 0.316722 0.220244 -0.557079
-1.226515 0.617510 0.133698 0.112440
-0.457420 0.272185 0.098803 -0.945922
-0.107171 0.678154 0.241599 -0.622403
0.084949 0.343933 0.296831 -1.096089
0.283161 -0.144301 -0.362529 -0.482065
0.108794 0.028615 0.422663 0.514802
0.521853 -0.004618 -0.363228 -0.252961
0.387595 -0.650558 0.063495 -0.304972
0.161929 -0.255859 -0.250082 0.059031
-0.282117 -0.429272 -0.380199 -0.048242
-0.086404 -0.436705 0.603038 -0.029857
-0.101948 -0.389721 0.304047 0.225583
-0.145888 -0.513321 -0.251086 -0.374479
-0.162299 -0.247679 -0.037211 -0.210670
-0.176096 -0.449039 -0.168015 0.076377
-0.540915 -0.050904 0.241252 -0.193199
-0.825239 -0.023489 0.332851 0.298537
-0.746438 0.336865 0.081198 0.316368
-0.594891 0.166457 0.041903 0.102663
-0.695560 0.284909 -0.221931 -0.281742
-0.130601 0.561136 -0.267238 0.164097
-0.540256 0.301768 0.121449 -0.177316
0.221441 0.144347 -0.356008 -0.414485
-0.409652 -0.018435 -0.320458 -0.045360
0.023857 0.606424 -0.524458 -0.374334
0.042635 0.070062 -0.577476 -0.105137
0.269476 0.552563 0.358596 -0.249488
0.724459 0.531722 -0.388745 0.536968
0.066495 0.267654 0.567279 -0.122310
-0.072126 0.378100 0.422701 0.336032
-0.166914 -0.705950 0.380829 0.250445
-0.136706 0.338509 0.287838 -0.262304
-0.133653 0.308188 0.068569 0.296726
-0.328043 0.365256 -0.176273 -0.444007
-0.336190 0.570023 -0.797521 -0.134422
-0.334180 0.529202 -0.362614 -0.348466
-0.141576 0.308213 -0.281504 -0.621087
0.366297 0.720054 1.006171 -0.381587
0.614626 0.038946 0.492277 -0.036041
0.141335 -0.308911 0.241871 -0.172028
-0.096348 0.427956 0.024917 0.025694
-0.786929 -0.048665 -0.318630 0.118660
-0.298340 -0.439582 0.181121 -0.002347
-0.160090 -0.627613 -0.147704 0.510054
0.433083 0.017518 -0.044798 0.451551
-0.166729 0.100069 0.331531 0.772823
-0.097774 -0.231142 -0.095276 -0.136725
0.320695 -0.065171 -0.201678 -0.090011
-0.218161 -0.019676 -0.008892 0.150817
-0.191356 0.247977 0.027523 -0.210844
0.053290 -0.479871 0.018170 0.292601
-0.336461 -0.140654 -0.072189 -0.381324
