0.128681 -0.297549 0.054792 0.279353
0.794125 -0.518211 -0.063429 0.354412
0.450376 -0.119475 -0.021925 0.300112
0.425286 -0.022640 0.001464 0.173008
-0.110672 -0.288484 0.114035 0.191715
-0.356772 0.052709 0.214676 0.593790
-0.258135 0.102170 -0.280750 0.877022
0.447896 -0.389207 0.014896 0.260263
0.343775 0.263342 0.202688 -0.136826
1.289543 -0.053645 -0.455811 0.299780
0.509528 -0.102798 -0.103642 -0.359049
-0.070782 -0.197988 0.596180 -0.159746
0.068751 0.107004 1.270798 -0.164668
1.066907 -0.161568 0.416923 -0.257534
0.415715 -0.340901 -0.211733 -0.234742
0.801784 0.245375 -0.946922 -0.489574
0.860497 -0.349059 0.275820 -0.231219
0.758963 0.208891 -0.461525 -0.037133
1.148088 -0.155125 -0.312676 -0.360668
0.459159 0.191996 0.082649 -0.071248
-0.134415 -0.489188 -0.197132 0.023969
0.070504 -0.025244 0.111419 0.361150
-0.512290 -0.409075 0.240648 0.571059
-0.014457 -0.625801 0.094699 0.199499
0.639708 0.601004 0.149103 -1.154264
0.434121 0.367920 -0.292386 -0.516033
0.330493 -0.033696 -0.715936 0.523355
-0.147599 -0.641906 0.170837 0.520907
0.132897 -0.542426 0.316558 0.071753
-0.538676 -0.669591 0.106244 0.891718
-0.287265 -0.551771 -0.499736 0.382947
-0.712242 -0.364581 0.072709 0.135603
-0.541609 -0.509973 -0.259907 -0.590135
-0.620178 -0.214656 0.110380 -0.204025
-0.492792 -0.361665 -0.052036 -0.360249
-0.426365 0.161877 -0.159006 -0.427509
-0.485392 -0.322548 -0.003096 -0.014166
-0.466946 -0.018942 0.063907 -0.492083
-0.470080 -0.028806 -0.157985 -0.238286
-0.403427 -0.030362 0.364099 -0.088437
-0.506621 0.013050 -0.228597 -0.184013
-0.267122 -0.116743 -0.044970 -0.172240
-0.376213 0.191817 0.157086 -0.057249
-0.336112 -0.077496 -0.066339 -0.719034
-0.005910 0.136954 0.010911 -0.421571
-0.452718 -0.096067 -0.064764 -0.297731
-0.108383 -0.241523 -0.003455 -0.740586
-0.175542 -0.671088 -0.217394 -0.727782
-0.082933 -0.459491 -0.376859 -0.324193
0.011988 -0.369144 -0.431014 -0.157791
0.148312 -0.310527 0.399753 -0.441902
-0.429594 0.029458 0.345263 -0.149017
-0.184220 0.202211 -0.165497 0.252167
-0.423290 -0.157077 -0.073856 -0.054313
-0.084915 -0.053186 0.371332 -0.107585
-0.527895 -0.096438 0.000014 0.066240
-0.097678 0.133953 0.217101 0.232240
-0.666397 0.175964 -0.034881 -0.222042
-0.441152 -0.081594 0.632421 0.248579
-0.265082 0.220105 0.236583 0.110823
-0.921500 -0.493566 0.132290 0.090326
-0.734188 0.737719 0.568300 -0.410121
-0.686735 -0.059227 0.181843 0.097768
-0.663890 -0.317883 0.340097 -0.073857
-0.368621 -0.066352 0.267175 0.313539
-0.389763 0.137050 0.269167 -0.066384
-0.267828 -0.195062 -0.062791 -0.119410
0.056931 -0.193997 -0.043480 -0.022460
-0.176198 -0.334083 0.307766 0.310234
-0.557818 -0.215480 -0.211820 -0.061453
-0.641411 0.348641 -0.166151 0.362095
-0.208858 -0.002784 -0.000402 -0.136957
-0.144886 -0.311333 -0.690393 -0.961750
0.747684 -0.126408 0.096513 0.006892
0.126676 0.313018 0.088093 0.583849
-0.187957 -0.286621 -0.503742 0.246774
0.282281 -0.322043 0.163800 0.699926
-0.127741 -0.551324 0.384386 0.153310
-0.303336 -0.239496 0.280850 0.035761
0.147227 -0.504122 -0.252397 0.225855
0.338688 0.200921 0.226390 -0.602666
0.176490 0.648443 -0.142288 -0.047749
0.019715 -0.010262 0.020374 -0.461993
-0.013694 -0.361828 0.415996 0.272931
-0.092443 -0.069733 0.007821 -0.031467
0.083184 0.549952 -0.172802 0.151899
-0.062973 -0.361184 -0.308653 0.231757
0.193520 -0.377470 0.597737 -0.447937
0.895198 0.051535 0.270943 0.007761
-0.210518 0.148157 -0.716316 -0.032457
-0.794936 0.002105 0.008882 0.173281
-0.234583 0.197754 0.002818 -0.077235
0.086039 -0.190180 -0.381841 0.029028
0.008184 -0.948437 -0.014756 -0.771206
-0.080715 -0.080891 -0.464787 -0.687594
0.411241 -0.433822 -1.047806 -0.580862
0.253052 0.223441 -0.117695 -0.439573
-0.378092 0.259418 0.296638 -0.236828
-0.004480 0.450097 0.036620 -0.051418
-0.115869 0.228822 0.381284 -0.106784
-0.135603 -0.551120 0.170434 0.031667
0.029737 -0.428849 0.258324 -0.146674
-0.231923 -0.069987 0.546286 -0.134632
-0.106915 0.369120 0.688656 -0.034042
-0.435947 -0.118235 0.145247 -0.102444
-0.166958 -0.287479 -0.182697 -0.494061
-0.016393 0.440593 -0.614587 -0.082719
0.386073 -0.517865 -0.444836 -0.692141
0.304488 -0.148154 -0.495867 -0.165079
0.301485 -0.195796 -0.137441 -0.396300
0.498426 0.026427 -0.280219 -0.009713
-0.008015 0.330783 -0.260217 0.393928
0.505616 0.220481 0.116436 0.411406
0.061211 0.106949 0.137960 0.304250
0.041337 -0.295018 -0.176411 0.362814
0.339589 -1.046143 0.186949 0.435263
0.188498 -0.985901 0.342653 0.250741
0.159182 0.636357 -0.288321 0.798764
-0.005007 0.903734 0.179751 -0.076436
-0.582493 0.959660 -0.412375 0.609974
-0.091624 -0.109996 -0.098673 -0.464878
-0.125961 -0.264221 -0.127384 -0.223580
0.224158 -0.169130 0.432410 0.179570
0.126069 -0.120679 0.061334 0.609766
-0.292217 0.068661 -0.083002 0.493117
0.356815 0.041402 -0.057169 0.295853
-0.126814 0.044095 0.112401 0.613926
0.185414 0.125638 0.091686 0.370783
0.667952 0.074905 0.036057 0.512967
0.030477 0.083869 -0.090838 0.325227
0.295019 -0.041976 -0.132200 0.584165
-0.147544 0.008653 0.252875 0.379392
0.311035 0.033374 0.601518 0.252153
0.045775 0.134716 0.741329 -0.251607
-0.446632 -0.109469 0.098835 -0.679710
-0.450825 0.661186 0.190468 0.050606
0.106856 -0.065236 -0.303838 -0.034086
-0.013788 0.084549 -0.576182 -0.140730
0.031911 -0.461441 -0.017643 -0.675713
0.012801 -0.014761 -0.487693 -0.009613
-0.565582 0.118911 -0.604218 -0.009969
-0.569860 0.375563 -0.039232 -0.678734
-0.019992 0.682712 -0.730048 -0.151129
-0.302346 0.366949 -0.258590 -0.539196
-0.482483 0.234738 -0.200175 0.156444
-0.088377 -0.117696 0.019001 -0.503704
-0.027789 0.306028 -0.222871 0.129448
-0.032712 -0.025703 0.006123 -0.004131
-0.139791 -0.038737 0.116713 -0.200814
0.083438 -0.025201 0.088802 0.165301
0.094173 0.179079 -0.030780 0.130593
0.062759 -0.227522 -0.051177 -0.095471
0.349945 0.120791 0.165827 0.221897
-0.213092 -0.179466 -0.228946 -0.103171
0.836005 -0.303437 -0.005735 0.065258
-0.170634 -0.374649 0.202070 0.010314
-0.173829 -0.563484 0.705176 0.063823
-0.398805 -0.167708 -0.191074 0.229942
-0.685333 0.783823 -0.772899 0.421159
-0.490202 1.218863 -0.281223 0.211417
-0.078434 0.340623 -0.067893 0.721075
0.695602 -0.097814 0.567578 0.616893
0.602340 0.080584 -0.165122 0.627847
0.296545 -0.277797 -0.068442 0.729142
0.313642 -0.091113 0.336360 0.030539
0.346041 -0.495118 -0.360782 0.181159
0.029338 -0.072136 0.111845 -0.015430
-0.423845 0.188952 0.232548 -0.241802
