-0.421888 -0.280103 -0.027581 0.128792 -0.360570 0.169913
0.173854 -0.003639 0.094586 0.171650 -0.171223 0.141060
-0.390440 0.175800 -0.364503 0.551038 0.218966 0.007128
0.415964 -0.114731 -0.347970 0.168151 0.243596 -0.367995
0.059013 -0.352328 0.188317 0.531583 -0.315093 0.000371
-0.026527 -0.200945 -0.171231 -0.146354 0.073323 0.466693
0.471193 -0.041393 0.041412 0.317688 -0.165024 -0.506960
0.113491 -0.425127 0.329684 -0.226054 -0.026331 0.140968
0.471180 -0.287656 -0.415141 -0.016437 -0.201280 0.212247
0.276434 -0.336397 0.100523 0.033632 -0.548395 0.163024
-0.089609 -0.538634 -0.046589 -0.088336 -0.233241 0.447207
-0.411167 -0.288863 0.316374 0.182740 -0.582978 0.131966
0.094745 0.249784 -0.223431 -0.439254 -0.291765 0.021065
-0.429868 0.200109 -0.199738 -0.290066 -0.506001 0.383841
0.262470 0.123288 0.024239 0.066207 -0.512759 0.313544
-0.034352 0.555399 -0.496471 -0.128598 -0.307691 -0.498843
0.112396 0.265526 0.092567 -0.203816 0.116423 -0.513576
-0.291266 0.495491 -0.127531 -0.242790 0.250197 -0.099065
0.191943 0.129608 0.711420 0.295024 -0.117403 0.062975
-0.317451 0.229239 -0.208296 -0.367793 0.411582 -0.254314
-0.416238 0.019774 0.630965 -0.193732 0.539915 -0.119560
0.157380 0.308742 0.146476 0.293259 0.190883 -0.059087
0.027143 0.030300 -0.618576 -0.021668 0.228173 0.238316
-0.395936 -0.124171 -0.199316 -0.198023 0.747616 -0.227712
