-0.003641 -0.034132 0.144430 0.157785 0.184071 0.178318 0.004714 -0.140032 0.033171 -0.025355 0.004526 0.008235 0.019816 -0.021757 0.045513 0.039652 -0.112565 -0.073166 0.000581 0.170159 -0.056604 -0.018479 0.004186 -0.114334 -0.012668 0.026137 -0.158256 -0.036466 0.102627 -0.000433 -0.003263 -0.088377 -0.080766 -0.007353 -0.061218 0.000014
-0.050430 -0.100859 -0.075039 0.026386 0.071538 -0.008592 0.179271 -0.141212 -0.022999 -0.089261 0.058302 0.043404 -0.270130 0.122447 0.121033 0.049490 -0.150283 -0.094642 -0.047176 0.084407 0.046729 -0.065986 0.070770 -0.010324 0.003734 0.006355 -0.147921 -0.034545 -0.015678 -0.003243 0.197737 0.011627 -0.033614 0.008421 -0.084267 -0.077937
0.000364 -0.038539 0.089933 0.010045 -0.138156 -0.096683 -0.150722 -0.090917 0.010188 -0.061492 0.113670 0.064673 -0.010255 0.080461 0.067513 0.079891 0.117008 0.000332 0.040513 0.039646 -0.053260 -0.094673 0.051094 -0.146457 0.052723 0.169117 -0.099125 0.096224 0.090271 0.066010 0.090792 0.043736 -0.005766 0.087971 -0.197354 0.105419
0.069227 -0.022045 0.076644 -0.087730 0.044479 0.106968 -0.061682 0.077798 0.050503 -0.018164 0.046841 -0.094935 -0.147646 -0.091854 0.113058 0.022034 -0.115386 0.149834 0.072360 -0.085576 0.041376 0.103136 -0.042878 0.112865 -0.077545 -0.000714 -0.009836 -0.088454 -0.128769 -0.099973 0.159342 -0.074253 -0.026838 0.097422 0.166776 0.042298
0.024412 0.137433 0.028924 -0.042296 0.047067 0.165119 0.001119 -0.117106 -0.053671 0.123519 0.039778 -0.090916 -0.019190 -0.105981 -0.042546 0.047167 0.268139 0.094329 -0.086918 -0.161688 0.008313 0.002945 0.011296 0.056615 -0.060529 0.011088 -0.021040 0.014363 0.037087 -0.045224 0.010216 0.127392 0.021101 -0.114597 0.121109 0.083392
0.070403 0.123666 0.079298 0.027667 0.063557 0.012545 0.164642 0.108300 -0.104829 0.039717 0.020586 0.085936 -0.015025 0.000999 -0.020544 -0.133586 -0.030720 0.045421 -0.151220 -0.005511 -0.073194 -0.070946 -0.017034 0.101894 -0.150233 0.030317 0.045483 -0.092703 -0.077312 -0.058360 0.018005 -0.083031 -0.009778 -0.135163 0.035581 -0.026856
0.030874 -0.028391 0.036230 -0.092940 0.098944 0.031962 -0.034383 -0.050188 -0.076922 -0.109872 -0.103496 0.222688 -0.142358 -0.036129 -0.029388 -0.025567 -0.096701 -0.061792 -0.118689 -0.068431 -0.098066 0.124641 -0.020724 -0.147460 0.181573 -0.029641 0.019240 -0.112211 0.140449 0.077728 -0.048857 -0.044942 -0.070094 -0.082201 0.011778 0.139115
0.049643 -0.191883 -0.014715 -0.074521 0.063837 0.144042 0.244731 -0.075508 -0.060705 -0.033910 -0.151684 -0.018079 0.062125 0.035392 0.075237 0.013055 -0.172145 0.020108 -0.116690 0.015193 0.092716 0.054532 0.034780 0.062132 0.016083 -0.017495 -0.110244 -0.046178 0.100921 -0.125790 0.176109 -0.026747 -0.005978 -0.045229 0.046221 0.037408
0.063595 -0.079218 -0.081841 0.021039 -0.033135 -0.005065 0.050823 0.067010 0.113850 -0.019801 -0.016050 0.192810 0.101885 -0.092671 0.117795 0.020584 0.056907 0.086537 -0.101594 -0.098836 -0.085826 0.056543 -0.022700 -0.120547 0.041444 -0.162650 -0.028219 -0.029858 -0.172428 0.121417 -0.015454 0.120362 0.083291 -0.054148 -0.035718 0.046111
-0.254356 0.024421 0.140161 0.035911 0.007361 0.036183 -0.092459 -0.071398 -0.183428 0.119323 -0.151205 -0.024645 0.013765 -0.060197 0.008185 0.096056 -0.098682 0.047228 0.034190 0.023648 -0.067417 -0.029811 0.009136 -0.078755 -0.023195 0.099479 -0.135411 0.063549 -0.151792 0.004597 -0.117667 0.169034 -0.071192 0.023473 -0.041848 -0.191276
-0.149325 0.014132 -0.017791 -0.134845 -0.054813 -0.020962 0.155804 -0.054422 -0.058002 0.013425 -0.132138 0.109910 -0.056229 0.070771 -0.101851 -0.176232 0.125027 -0.003084 -0.046357 -0.107152 0.107610 0.117327 0.001995 0.007108 -0.123400 0.080661 0.030993 0.036227 0.012466 0.010149 -0.167431 -0.075574 0.173090 0.017726 0.033406 -0.135277
-0.008247 -0.076896 -0.071529 0.036598 0.047978 0.013248 -0.140855 -0.036323 -0.107622 0.144263 -0.009693 0.138485 0.076911 -0.018022 -0.001094 0.056178 -0.090039 0.005806 -0.175023 0.005131 0.115359 0.030180 -0.019904 -0.059574 0.019404 -0.004192 -0.236018 0.173774 0.046650 -0.024424 -0.106621 -0.014620 -0.022671 -0.104420 0.028540 0.016677
-0.030797 0.042818 -0.045107 0.060179 -0.195481 -0.054072 -0.009390 -0.193441 -0.027896 -0.044546 0.003660 -0.000549 -0.055744 -0.067931 0.074198 0.019594 0.005091 -0.019364 -0.050877 0.128818 0.085859 -0.008690 0.092461 -0.027877 0.115822 -0.172372 0.021284 -0.042846 0.072592 -0.039156 -0.034128 -0.015081 0.089566 0.016626 -0.015922 -0.006052
0.033869 0.035779 0.115249 -0.030921 0.060329 -0.064793 -0.139375 0.019985 0.075789 -0.041773 0.037100 -0.002893 0.072072 0.077669 -0.074852 0.207828 -0.147093 -0.026990 0.056195 -0.018822 0.170434 -0.081408 0.053859 -0.176596 -0.011454 0.099695 -0.031485 -0.038600 0.029756 -0.088332 -0.038714 0.021756 0.009053 -0.010329 0.075138 -0.037219
-0.038711 0.000957 0.063677 -0.126943 0.069726 -0.006846 0.133246 0.174504 -0.089758 -0.113941 0.081588 -0.110380 -0.038590 0.122174 -0.017378 0.117434 -0.093168 0.000962 -0.233669 -0.001248 0.016828 -0.001460 0.005013 -0.024115 0.025689 -0.017024 0.060564 0.117455 0.044813 0.012425 0.052127 0.065379 -0.031945 -0.003784 0.168898 -0.051197
0.044340 -0.096226 0.157584 0.007331 0.063214 0.100286 -0.053653 0.112888 -0.113640 0.003363 -0.029686 -0.047664 -0.088944 0.019770 0.047566 0.024323 -0.190383 -0.138906 0.032233 0.014451 0.048340 -0.137653 -0.084383 -0.017239 -0.002760 -0.109295 -0.089560 -0.137452 -0.088623 -0.051723 0.010429 -0.054099 -0.029659 0.080535 -0.088556 0.122747
0.032049 -0.067179 -0.128480 -0.124271 -0.087354 0.057513 -0.112567 0.164937 -0.099284 -0.100706 0.032301 -0.005685 0.104565 -0.170421 0.038536 -0.011664 -0.135110 0.077570 -0.186605 0.003214 -0.007153 0.247712 -0.059431 0.104911 -0.013871 0.001292 0.202105 -0.054610 0.144356 -0.044033 -0.093187 -0.013215 -0.125466 -0.080642 -0.073319 -0.101508
0.060121 -0.062128 0.074517 -0.059749 0.114376 0.094754 -0.103319 0.133181 0.038962 0.216306 -0.048120 0.088731 -0.057295 -0.112395 0.015089 0.063256 0.103528 -0.068057 -0.124288 -0.020368 -0.068027 -0.133741 0.161751 -0.102407 0.017767 0.146401 -0.052022 0.132613 0.013579 0.164203 -0.037592 0.124482 -0.017401 0.019936 -0.041905 -0.199142
0.158795 -0.041384 -0.003553 0.009001 0.034687 0.136098 0.087994 -0.037717 -0.102424 -0.167536 0.090600 0.126312 0.015790 -0.102831 0.036442 0.103623 -0.151676 -0.093651 0.076953 -0.097441 0.030817 -0.106946 -0.078365 -0.119010 -0.062833 0.031784 -0.036337 -0.066999 0.007793 0.104778 -0.090563 0.054222 0.005277 -0.017106 -0.059719 -0.067886
-0.076619 -0.082168 0.000184 0.034554 0.054561 -0.057233 0.008789 -0.062855 -0.081792 -0.006492 -0.040840 0.019758 -0.126208 0.172392 0.132474 -0.013512 -0.048280 -0.099035 -0.026859 -0.077120 -0.040150 -0.052211 0.048780 -0.032459 -0.121436 -0.046954 -0.094132 -0.261118 0.055191 0.054841 0.000796 -0.049587 -0.021719 -0.087941 0.010216 -0.057663
0.005090 0.044852 -0.059233 -0.036970 -0.052143 0.242659 0.101213 -0.164949 0.016938 -0.074537 0.047826 -0.134639 -0.018944 0.024449 0.064591 -0.057754 0.022796 0.052305 0.117943 -0.064244 -0.072734 0.127549 0.052613 0.164186 0.040008 0.003719 -0.022382 0.102196 0.106828 -0.104045 -0.098085 0.066002 0.070359 -0.047322 0.059371 0.089257
-0.025971 0.064679 -0.097891 -0.064098 0.007915 0.034162 -0.031567 -0.054679 -0.097076 -0.017332 0.070098 0.059517 0.011728 0.113926 0.140432 0.016990 -0.079171 0.089166 -0.056849 0.019369 -0.020428 -0.105932 -0.128556 -0.118431 0.093573 -0.000344 -0.114104 -0.031202 0.118001 0.095905 0.003917 0.003412 0.064573 0.128730 0.081292 -0.030013
-0.147433 0.016077 0.000956 -0.012060 -0.004144 0.059978 0.074863 -0.108298 -0.155014 -0.122306 0.101760 0.038754 0.075428 0.007262 -0.113012 -0.082390 -0.160565 -0.005861 -0.066874 0.075791 -0.129841 0.180514 -0.077122 -0.108484 0.172853 0.130960 -0.064531 -0.031391 0.007221 -0.022876 -0.085544 -0.046942 0.057014 -0.207199 0.156560 -0.018255
-0.101936 0.114552 0.058647 -0.076614 -0.070692 0.038067 -0.111491 -0.062145 -0.118322 -0.211105 -0.054219 -0.177078 -0.021619 0.060978 0.038493 -0.049671 -0.001615 0.115906 -0.021516 0.014230 -0.111943 -0.114781 -0.107424 -0.015482 -0.186345 0.095604 -0.094793 -0.062603 -0.063470 -0.098733 -0.072105 0.051045 -0.058537 0.139495 0.019373 -0.040058
-0.078757 0.120307 0.050489 0.082438 0.004875 -0.026513 -0.033683 0.021419 -0.264443 -0.244134 0.086253 0.077496 -0.008481 -0.130775 -0.128079 -0.040811 -0.118180 0.106766 0.123510 -0.105272 0.004762 -0.095597 -0.060653 0.060335 -0.013184 -0.166455 -0.205184 -0.113708 -0.120602 -0.077110 0.043434 -0.125196 -0.084188 0.077010 0.050708 0.032880
-0.037449 0.049419 -0.102735 -0.036428 0.178744 0.093258 -0.115880 0.007034 -0.071921 -0.188294 -0.230393 -0.095991 -0.061400 0.049558 -0.246844 0.036549 -0.046614 0.020260 -0.142913 0.004410 0.075118 -0.119281 -0.057146 -0.000287 0.067912 -0.076530 -0.003130 0.142627 0.076292 -0.079510 -0.095642 -0.117448 0.015549 0.079826 0.131247 -0.170169
0.074472 -0.072175 0.032248 -0.039077 0.005201 -0.073769 -0.045374 -0.074272 -0.142544 -0.006245 -0.090818 -0.030592 -0.042801 0.085324 -0.087626 -0.093466 0.004370 0.070135 -0.091779 0.013906 -0.027522 -0.059953 -0.075086 0.080743 0.017468 -0.161831 -0.008075 -0.024623 0.084409 0.080310 -0.107380 -0.080429 0.037894 0.040305 0.164247 -0.108443
0.149603 -0.060223 -0.012950 0.112675 0.175442 -0.014552 -0.155793 -0.012713 0.184789 -0.027067 0.034156 -0.022654 0.008592 -0.072724 0.081748 -0.073688 -0.001606 -0.146637 -0.108028 0.000103 -0.003866 0.055456 -0.028329 -0.062462 -0.019865 0.108079 0.019473 -0.012574 -0.102719 0.083539 -0.056621 -0.204488 -0.088649 0.134228 0.106080 -0.037630
0.192004 -0.102205 0.018148 -0.080786 -0.058320 -0.003844 0.003120 -0.028268 -0.057979 -0.196705 0.038586 0.133061 -0.206709 -0.040647 0.143759 -0.041416 0.115604 0.089607 0.018430 -0.120586 0.136983 0.068242 0.097066 -0.036215 -0.072757 -0.007949 0.022103 0.046410 0.004409 -0.019908 0.018954 -0.175945 -0.121648 0.091712 0.277868 -0.022588
-0.013036 0.004258 0.049447 -0.175794 0.009932 -0.044059 -0.062262 0.041076 -0.025820 -0.209840 -0.118604 -0.019630 -0.044692 -0.131626 0.039220 -0.081923 -0.001322 -0.026322 -0.065667 -0.153991 -0.043706 0.021343 -0.018278 -0.077260 -0.058036 0.026741 0.119992 -0.028738 0.082080 0.104282 -0.128312 -0.018998 0.177436 0.059793 0.027061 -0.096776
-0.086190 0.017231 -0.062995 -0.074328 -0.032482 -0.002152 0.030300 -0.012710 -0.056468 0.063211 -0.107848 -0.005069 0.048622 -0.006084 -0.110151 -0.065422 -0.162780 0.034749 -0.065701 -0.030257 -0.027610 0.036651 0.088296 0.018620 0.040587 -0.053808 -0.050897 0.099566 -0.068640 0.083965 -0.019617 0.000787 0.036939 0.075726 0.143088 -0.042655
0.011713 -0.083510 -0.091755 0.122114 -0.105097 -0.096020 -0.005421 -0.073835 0.104803 0.070655 0.013327 0.014427 0.079823 0.184256 0.071043 -0.022330 0.134280 -0.005504 -0.040768 -0.093711 0.107558 -0.226786 0.150373 -0.085726 0.116454 -0.182979 -0.019499 0.041298 0.068257 0.176669 0.029092 0.030020 -0.147237 -0.013366 -0.085048 -0.043592
0.032128 0.057808 -0.065668 -0.189039 0.051701 -0.059427 -0.008474 0.169420 0.028922 0.016730 -0.077033 0.022669 -0.066586 -0.144632 -0.185276 0.005598 -0.017552 0.078008 -0.201791 0.149489 -0.316854 0.037282 -0.024753 -0.065007 0.058883 -0.091421 0.217057 -0.261824 -0.133555 0.004747 -0.036916 -0.076661 -0.009735 -0.026868 -0.158407 0.058845
-0.140353 0.092034 -0.111454 0.059248 0.087300 -0.005151 -0.032709 -0.036099 0.033503 0.061405 0.053757 -0.006104 0.255149 0.060883 0.008320 -0.099277 -0.051669 0.097635 0.004084 -0.077196 0.022852 0.122849 -0.084752 0.082410 -0.081151 0.009312 0.040912 -0.198139 -0.087074 -0.047910 0.020286 -0.084856 0.005295 -0.142794 -0.063590 0.062879
-0.037957 -0.100888 -0.087868 0.135771 0.023085 0.082191 -0.267188 -0.089183 -0.022127 -0.118902 0.002126 -0.056892 0.153371 0.036239 0.125065 0.025978 -0.066862 -0.133620 -0.090722 -0.127802 0.026135 0.081507 0.027726 0.152700 -0.051088 0.137894 -0.139518 0.287461 0.102701 -0.102978 0.004021 0.092406 -0.171000 0.040903 -0.039979 -0.035258
0.066445 0.075663 -0.089369 -0.074137 -0.140120 0.198526 0.116189 -0.094911 -0.007193 -0.017063 -0.264421 0.092327 0.032969 -0.013302 0.059729 -0.028653 0.118807 -0.106315 0.088704 -0.193234 0.200459 0.065311 -0.002873 0.031310 0.016318 0.018370 0.002839 0.023116 -0.135711 -0.075582 0.107497 0.064356 -0.077537 0.079807 0.040594 -0.116178
0.027864 0.057435 0.041611 0.037609 -0.078665 0.056480 -0.007895 -0.196632 -0.050106 0.049692 -0.094578 -0.073183 -0.048786 0.105729 -0.120164 0.029790 0.041060 0.200512 0.087283 -0.025877 0.140399 -0.005518 -0.120428 -0.099044 -0.033917 0.037031 -0.037646 0.013309 -0.103319 -0.058775 0.022992 -0.096677 0.025442 0.064490 -0.093634 -0.052161
-0.130076 0.181603 -0.031757 -0.145111 -0.030759 -0.061463 -0.001598 -0.253609 -0.251288 -0.091622 -0.154926 0.079611 0.027004 -0.105755 0.263554 0.010855 -0.153293 0.087190 -0.121751 -0.131312 0.069538 -0.042766 -0.133550 -0.123718 -0.052038 -0.053427 0.236412 -0.122605 -0.178056 -0.146645 -0.039329 -0.165698 -0.038152 0.049144 -0.035114 -0.013047
-0.043974 -0.026124 0.042095 -0.200529 -0.183363 0.261037 -0.078503 -0.060073 -0.165500 -0.186003 -0.077343 0.013562 0.086545 -0.064424 0.312906 0.112519 0.045742 -0.027256 0.062842 -0.200497 0.153959 -0.072420 -0.252093 -0.022734 -0.053590 -0.131498 0.224513 0.137347 -0.083939 -0.157628 -0.160076 -0.129136 -0.193904 -0.016458 -0.199650 -0.105527
-0.137568 0.026416 -0.001834 -0.023828 -0.020294 0.033497 -0.248457 -0.061706 -0.450766 -0.372901 0.101449 0.031008 0.100473 -0.004601 0.318856 -0.118361 0.119804 -0.029025 -0.012906 0.060917 -0.002886 0.028740 -0.106356 -0.204825 0.082205 -0.356303 -0.033277 -0.078535 -0.162611 -0.119657 -0.035601 -0.189357 0.017270 -0.044233 0.065609 -0.033860
0.025666 0.006727 -0.146933 -0.003896 0.122851 0.224812 0.079197 -0.051609 -0.236794 -0.570042 0.080373 0.031516 -0.162960 0.108941 0.128381 0.070875 0.004945 0.073286 -0.288865 -0.133853 0.149536 -0.088444 -0.369546 -0.220502 0.037788 -0.282765 0.049952 -0.130246 -0.152493 0.040064 0.138930 -0.142720 -0.215199 0.217090 0.100430 -0.018055
0.124750 -0.064368 -0.196856 0.060061 0.027796 -0.217640 0.103384 0.011675 -0.100790 -0.319827 0.172558 -0.038983 0.029473 -0.075788 0.197890 -0.049780 -0.134529 -0.114717 -0.167643 0.035200 0.018373 -0.021616 -0.026805 -0.022518 0.015221 -0.046477 -0.098282 -0.025639 -0.131356 0.050367 -0.102818 -0.227499 -0.117392 0.145780 0.155736 -0.085704
-0.003784 -0.003540 -0.279071 -0.220161 -0.060109 -0.109971 -0.056126 0.075744 0.097886 -0.217185 -0.037733 -0.127752 0.108628 0.033691 -0.142123 0.002136 -0.077644 0.057409 -0.155530 -0.095923 0.045947 -0.035667 -0.104114 -0.092509 -0.171089 -0.152467 -0.062802 0.157512 0.049853 0.024320 -0.045772 -0.070351 0.025973 -0.032722 0.339214 -0.063208
0.149759 0.051242 -0.157171 -0.059030 -0.136029 0.076664 0.022587 0.068190 0.048413 0.017970 -0.118729 0.035365 0.034445 -0.060480 0.020532 -0.028880 -0.113967 0.079463 -0.176170 -0.048072 -0.130340 -0.107237 0.062624 -0.132770 -0.036141 0.027354 0.015252 0.109193 -0.100697 0.024774 -0.238978 -0.073126 0.100876 0.108284 0.541365 -0.040090
0.038578 0.047798 -0.071311 0.009784 -0.027753 0.040832 -0.255910 0.057510 0.108374 0.044489 0.053671 -0.007984 -0.108609 0.107411 -0.253714 -0.024892 -0.117444 0.001314 -0.029328 -0.091202 -0.036623 0.121098 0.020044 -0.010953 0.057478 -0.154488 -0.247281 -0.051043 0.103140 0.157275 0.019368 -0.005853 0.100855 -0.070707 0.017432 -0.040850
0.144299 -0.051587 0.022294 0.090812 0.026082 -0.162680 0.124365 -0.070187 -0.235836 -0.020956 0.026498 0.080798 0.169064 -0.095285 -0.007791 0.070703 0.077872 0.046914 -0.068761 0.087701 -0.060056 0.056232 0.055677 -0.163118 0.130949 -0.014049 -0.020180 -0.094912 0.058585 0.136903 0.143738 -0.147731 0.053407 0.104558 0.165861 0.080982
-0.155990 0.139453 -0.091848 -0.017435 0.046403 0.061772 0.015497 0.171566 0.084003 0.183725 -0.029292 0.094655 -0.113069 0.032903 -0.083266 -0.086936 -0.034776 -0.201501 0.096167 -0.014039 0.055326 -0.064708 -0.129444 0.109413 0.043838 0.043479 0.026687 -0.038489 -0.039740 -0.053962 -0.007605 0.058578 0.000886 0.136076 0.039756 -0.019969
-0.038436 -0.042261 0.147466 -0.080955 -0.171192 -0.032953 0.055762 0.079750 -0.055082 -0.042170 -0.054517 0.031875 -0.060382 0.068434 -0.059773 -0.142442 0.107925 -0.011346 -0.025475 0.013792 0.038534 -0.075819 0.201693 -0.106881 0.054918 -0.070865 0.116192 0.115985 -0.008850 0.077360 -0.062560 -0.054145 -0.120775 0.054610 0.089798 0.046856
-0.087554 0.014883 -0.064917 -0.009561 0.005482 -0.038291 -0.027676 0.058020 -0.099498 -0.077568 -0.165179 -0.053846 0.038081 0.042859 -0.036905 -0.012790 0.066482 0.098168 -0.044658 0.075389 0.010848 0.081868 0.111657 0.154429 0.176291 -0.150723 0.061541 -0.051823 -0.004693 -0.065845 -0.132741 0.003016 0.071620 -0.173031 -0.130737 0.003108
-0.005804 -0.077722 -0.042522 -0.114199 -0.152879 -0.127485 0.067311 -0.048014 -0.086166 0.005729 -0.148704 0.038856 0.069471 -0.037854 0.097705 0.023888 0.010334 0.048298 -0.117783 -0.049049 0.008560 0.024774 -0.079635 0.129162 0.041575 -0.091543 0.177619 -0.189520 -0.020861 -0.056782 -0.086290 -0.051189 0.139745 0.069549 0.028053 -0.001999
0.132208 -0.015982 0.022275 0.056921 0.017597 -0.145470 0.093164 0.139424 0.066856 0.103046 0.038673 -0.013816 0.077941 0.006049 -0.222192 -0.012533 0.011448 0.044128 0.000664 -0.117695 -0.003201 -0.018381 -0.123082 -0.023403 0.049625 -0.234627 0.140131 0.189980 0.170029 0.014926 -0.092084 -0.024918 0.038792 0.098501 0.072753 -0.071828
-0.091094 -0.073757 -0.031150 0.004115 0.050483 -0.039161 -0.085332 -0.047008 -0.023966 0.034938 -0.101393 -0.121765 -0.139203 -0.078664 0.199796 0.004335 -0.088312 0.012284 -0.133088 -0.069953 0.177375 -0.031367 -0.043956 0.066726 -0.053296 -0.106903 0.074915 0.082087 -0.048203 -0.051896 -0.050567 0.063210 -0.085051 -0.043632 -0.082155 -0.076417
-0.241706 0.065610 -0.087383 -0.017597 -0.097618 -0.065195 -0.067297 0.030180 -0.256086 0.087255 0.015277 -0.085276 0.020387 -0.026689 0.247522 0.015733 -0.063577 0.024096 -0.178479 -0.100870 -0.011164 0.068270 -0.047112 -0.114704 -0.090702 -0.199241 0.055440 -0.180728 -0.021538 -0.195114 -0.181693 -0.090058 0.018281 -0.033020 -0.074476 -0.145099
-0.191430 -0.089943 -0.008490 -0.246544 -0.176227 -0.026181 -0.021540 -0.078280 -0.106871 0.044230 -0.037175 0.011419 -0.017899 -0.217712 0.260637 0.072946 -0.001132 0.033829 -0.286992 -0.030776 0.103293 0.065982 -0.262075 -0.004926 0.015256 -0.107782 0.240692 -0.095381 -0.218711 -0.309984 -0.314499 -0.167228 -0.073813 -0.051168 -0.055952 -0.101347
-0.101838 -0.178078 -0.006117 -0.333875 -0.083789 0.242754 0.048359 0.120623 -0.463627 -0.051601 0.241919 -0.066464 0.026532 0.094368 0.114021 -0.066808 0.041297 -0.028193 -0.207461 -0.116171 0.194408 -0.222449 -0.156242 0.079316 -0.071584 -0.203257 0.278462 -0.143716 -0.267318 0.014907 0.026485 -0.006439 0.000306 -0.014773 -0.109215 -0.048509
0.043901 -0.030238 0.070445 -0.327844 0.049152 0.277810 -0.093708 -0.063903 -0.548736 -0.614507 -0.064349 -0.152391 -0.022189 0.050091 0.254517 -0.160381 -0.036339 -0.031085 0.045045 0.142647 0.032806 0.102046 -0.067062 -0.127298 0.003773 -0.288930 0.284929 -0.160845 -0.204137 -0.000053 -0.032263 -0.029724 0.029042 0.029054 -0.318647 0.121533
0.076309 -0.095119 -0.263829 -0.020693 -0.096432 0.208320 -0.002721 0.028601 -0.408451 -0.702452 -0.190062 -0.149643 0.023145 0.135724 0.331768 0.100782 -0.039882 -0.002863 0.106365 0.051714 -0.023257 -0.186171 0.073794 -0.037414 -0.012616 -0.211146 0.148817 -0.106254 -0.151581 -0.002085 0.055948 0.060747 -0.068775 -0.109853 -0.341250 0.134656
0.261833 0.059674 -0.432534 0.078309 0.021634 0.013123 -0.161089 0.013450 0.071854 -0.662185 -0.126094 0.038168 -0.054350 0.087359 0.109974 -0.070598 -0.133984 -0.155498 0.010228 0.172871 -0.014849 -0.086195 0.172034 -0.115111 -0.051201 -0.332527 0.003224 -0.111820 0.003045 -0.212123 0.051145 -0.013123 0.015858 -0.077293 -0.102731 0.191188
0.216231 0.094074 -0.325343 -0.061414 -0.001688 -0.122850 -0.028713 -0.123435 0.114258 0.006472 -0.062209 -0.015802 -0.102256 0.085302 0.155369 -0.123040 -0.155349 -0.009677 0.031886 -0.006382 -0.088172 -0.115501 0.117294 -0.130535 -0.181127 -0.104320 -0.138096 -0.348508 -0.022942 0.049224 -0.030237 0.024471 -0.075294 0.099043 -0.029130 0.140535
0.124173 -0.149064 -0.223527 -0.451210 -0.079913 0.123786 0.065308 -0.171951 -0.034026 0.133211 -0.021490 0.053140 -0.016737 0.063007 -0.105194 0.046998 -0.135506 -0.051986 -0.167932 0.194915 -0.015895 -0.177994 0.127929 -0.056822 0.049462 -0.099895 -0.046380 0.009630 0.047010 0.095283 -0.223209 -0.034812 -0.205256 0.025035 -0.078171 0.083647
-0.051705 -0.113141 0.092214 -0.169028 -0.143706 0.376285 0.183565 -0.143479 0.116043 -0.021804 0.013626 -0.083077 0.090073 -0.240513 -0.019191 0.018358 0.235414 0.000761 -0.282575 -0.025215 0.035243 -0.043579 0.368917 -0.092915 -0.084188 -0.122283 -0.058409 -0.039002 0.013130 0.077514 -0.129614 -0.003337 0.079294 -0.109957 -0.263410 0.010549
-0.023555 -0.161444 0.088580 -0.134872 -0.061595 0.208215 -0.124058 0.016761 -0.029366 0.070051 0.081274 -0.013777 0.017425 -0.049743 -0.135616 -0.150441 -0.088626 -0.005202 -0.143961 0.043970 -0.140991 0.083733 0.174391 -0.183246 -0.051605 -0.074117 -0.335322 0.030083 -0.011362 0.165782 -0.075429 -0.107877 0.108124 0.131970 -0.144803 -0.119701
-0.019877 -0.031185 0.043620 0.038041 0.050526 -0.050089 0.081457 0.078658 -0.037016 -0.033910 0.058210 0.111045 0.009053 -0.114481 -0.093218 0.012306 0.049574 -0.031983 -0.103595 0.058584 0.160692 0.032262 0.006058 -0.063057 -0.092753 -0.090594 0.030057 0.022719 -0.015827 0.142746 -0.020776 -0.194474 -0.017490 -0.207847 -0.158790 -0.294058
0.185253 0.126518 -0.036105 -0.046186 -0.058342 -0.015035 -0.008932 0.059074 -0.033431 0.068098 -0.013335 -0.077551 0.044795 0.046469 0.057834 -0.000930 -0.131752 0.040065 -0.022496 -0.072328 0.084770 0.019696 -0.002110 0.072780 0.006217 -0.123359 0.026141 -0.062863 -0.121311 0.009354 0.140431 0.180072 0.004540 0.086361 -0.014639 -0.102779
0.059398 -0.097948 -0.135526 0.200849 0.013177 -0.079018 0.005265 0.023062 0.068044 0.012948 -0.044653 -0.085597 0.004332 0.056332 0.014460 -0.093121 -0.043170 0.189498 0.053845 -0.005269 0.004041 -0.016204 0.067003 0.022486 -0.002671 0.000859 0.013930 0.041386 -0.060336 0.114581 0.058529 0.084767 -0.112421 -0.027085 0.004595 0.005237
0.073337 0.054042 0.124474 0.217236 -0.015044 -0.086567 0.056322 0.081235 0.044956 -0.095500 -0.205965 -0.136610 -0.004387 -0.227494 -0.133297 -0.062429 -0.036259 -0.115405 -0.059143 -0.020123 -0.127999 -0.006324 0.158030 -0.054959 -0.080968 -0.022906 -0.011353 -0.023551 0.058177 0.129436 0.027232 0.012361 -0.157319 -0.098478 0.095484 -0.183006
-0.064457 -0.047342 -0.009133 0.046456 -0.030648 -0.073124 -0.079653 0.006110 0.037372 0.043472 0.048526 -0.105627 -0.015243 0.159498 0.131442 0.017779 0.029114 -0.146546 -0.065536 -0.188272 -0.119847 0.063173 -0.099625 -0.002372 -0.068267 0.001679 -0.014632 -0.070000 -0.022608 -0.083289 -0.049987 -0.008400 0.003011 -0.000253 -0.122691 -0.097337
-0.277346 -0.121726 -0.021642 0.049299 0.053817 -0.078082 -0.072087 -0.027635 -0.004913 -0.030698 0.008263 0.085253 -0.217071 0.007132 -0.029174 0.091159 0.019206 0.016558 -0.176886 -0.199676 -0.018368 0.051033 -0.041179 -0.175951 0.066155 -0.016996 -0.009529 0.028173 -0.104364 -0.255146 -0.031450 -0.069288 -0.100313 -0.051595 -0.068626 -0.059752
-0.231423 -0.020086 -0.124242 0.175302 -0.115226 0.112729 -0.070482 0.069941 -0.081014 0.010194 0.049153 -0.002776 -0.027679 -0.111624 0.178456 0.047238 0.082533 -0.218482 -0.276793 -0.013873 0.011836 -0.117185 -0.101564 0.004364 -0.014011 0.065781 0.013670 -0.170559 -0.076022 -0.092545 -0.298266 -0.136350 -0.199898 0.040458 -0.130950 -0.035873
0.084349 -0.148599 -0.024055 -0.138151 -0.081148 -0.055273 0.057345 0.079716 0.092436 0.078926 -0.094743 -0.045062 -0.087929 -0.160272 -0.128008 -0.082337 0.123079 0.057710 -0.159822 -0.017279 -0.217947 -0.000893 -0.179837 0.245009 -0.151708 -0.079858 -0.083656 -0.124946 -0.260703 -0.038842 -0.187003 0.049001 0.147581 -0.106735 -0.055197 -0.046677
0.195791 -0.199860 -0.122983 -0.199440 0.040323 0.142892 -0.136984 0.273108 0.031186 -0.010892 0.024434 0.002062 0.125388 -0.005397 -0.215504 0.030871 -0.111886 -0.075142 -0.091571 -0.087608 -0.086009 0.040647 -0.041642 0.218482 -0.147738 -0.076272 0.124195 -0.070134 -0.266496 0.061257 -0.049809 0.063580 0.152414 -0.154391 -0.168425 0.015306
0.111100 -0.039124 -0.172531 -0.274055 0.113687 0.226097 -0.096537 -0.313928 -0.265851 -0.240577 -0.069137 -0.138723 0.106583 0.045228 -0.174516 -0.083574 -0.177349 -0.019048 0.215231 -0.210795 -0.271027 -0.225805 -0.003283 0.264107 -0.002483 0.006342 -0.035586 -0.180161 -0.257978 0.077673 0.040315 0.153155 0.021749 -0.094818 -0.291782 -0.035589
0.004259 -0.033845 -0.402611 -0.253002 0.089157 0.186109 -0.127003 -0.127651 0.047974 -0.240582 -0.199310 -0.097077 -0.052292 0.355688 -0.038238 -0.192503 -0.134479 -0.006334 0.473939 -0.181404 0.073073 -0.065604 -0.137132 0.190786 -0.082321 -0.014458 0.292776 -0.218327 -0.234839 -0.023343 -0.000279 0.121792 -0.197470 -0.122825 -0.236351 0.082065
-0.070540 -0.089648 -0.226198 -0.258441 -0.150880 0.182696 -0.083244 -0.357956 0.131533 0.051144 0.076754 -0.085424 0.070191 -0.011352 -0.038840 -0.061164 -0.285021 0.031984 0.376344 -0.112700 -0.073554 -0.054598 -0.209003 0.203145 0.066269 0.061382 0.130034 -0.040261 -0.017417 0.166481 -0.126298 -0.011441 -0.146584 -0.265446 -0.305129 0.189147
-0.093017 -0.100785 0.051375 -0.163558 0.096170 -0.003947 0.025237 -0.318355 0.029704 0.280094 -0.002170 -0.211458 0.008785 0.070982 -0.049411 -0.089174 -0.192850 -0.062245 0.182705 -0.161648 -0.138260 -0.248149 -0.265767 0.193896 0.017065 -0.142501 0.168441 -0.152154 0.104304 0.256004 -0.259767 0.064328 0.009001 0.071785 -0.682627 0.238224
-0.194893 0.035497 -0.070524 -0.169295 -0.010747 -0.168395 -0.121549 -0.370306 -0.144209 -0.212385 0.049053 -0.112755 0.066279 0.221740 -0.102722 0.060584 -0.010751 -0.089132 0.007547 0.005617 0.036713 0.048298 -0.121552 0.108301 -0.150838 -0.171220 -0.108464 -0.145764 0.009656 0.318600 -0.231874 0.014636 -0.029579 -0.118384 -0.635901 -0.023752
0.000203 -0.180983 0.164500 0.134090 -0.103026 0.190120 -0.049326 -0.142823 -0.042764 0.220973 -0.145309 -0.028614 -0.068552 0.063919 -0.045351 0.011189 -0.024382 -0.076679 -0.248123 -0.064771 -0.188003 0.007323 0.221382 0.108809 -0.102753 -0.172452 -0.039522 -0.123038 -0.082521 0.368561 -0.004474 -0.087669 -0.018198 -0.186718 -0.490200 0.031069
-0.080754 0.004571 0.155535 0.137015 -0.036095 0.104388 -0.026555 0.023901 -0.138511 0.165049 -0.107059 0.082090 0.242703 0.009333 -0.129437 -0.032760 -0.038874 -0.076078 -0.229800 -0.017510 0.021499 -0.185962 0.229494 -0.001545 -0.013616 -0.008443 -0.113953 -0.107911 -0.002527 0.264076 -0.085623 -0.056805 -0.028246 0.086155 -0.234211 -0.026213
-0.021146 0.096220 0.093765 0.109725 0.078984 0.003586 0.140299 -0.091036 0.015411 0.017589 -0.109805 0.093610 0.233734 -0.094823 -0.040893 -0.191673 -0.159331 0.023492 -0.116279 0.100512 -0.008802 -0.007204 0.161396 0.003283 0.070216 0.000093 0.014648 -0.166332 -0.117182 0.075420 -0.009196 -0.235850 0.006691 -0.005992 -0.199682 -0.116758
0.042038 -0.072955 -0.023132 -0.150401 -0.037936 0.149127 -0.137115 0.073522 0.014451 -0.036766 0.000922 -0.049060 -0.094016 -0.023004 0.009751 -0.093636 -0.066318 -0.115963 0.139230 -0.115428 0.036471 -0.065078 0.003855 -0.193995 0.176307 -0.137182 -0.001600 -0.049053 0.041077 0.042156 0.015746 0.113270 -0.057072 0.071067 0.008276 -0.120459
0.128250 0.123864 0.154754 0.083749 0.120452 0.107291 0.053823 0.074884 -0.001102 -0.325757 -0.023125 -0.159635 0.018960 -0.029212 -0.059370 0.082829 -0.083807 -0.012956 -0.008530 0.115418 0.061190 0.000558 -0.187831 0.052224 -0.049260 0.041882 -0.008072 0.028730 0.039438 0.045542 0.136018 0.124211 -0.105299 0.214134 0.183074 0.050036
-0.170350 -0.030468 -0.084450 0.037232 -0.039895 0.004936 0.017003 -0.089703 -0.058308 -0.065351 -0.046574 0.043752 -0.026237 -0.150325 -0.103880 -0.107755 0.086140 -0.022681 -0.118426 0.041303 -0.029963 0.045831 0.118567 -0.091715 -0.074224 -0.047326 0.006373 0.117497 0.077730 0.012794 -0.107755 -0.031316 0.009775 -0.112910 -0.210442 0.046790
-0.156320 0.021971 0.000596 0.035270 -0.162598 0.027943 0.122757 0.073773 -0.141320 -0.149433 0.068462 -0.118759 -0.136039 -0.064304 -0.011277 0.207901 -0.015796 0.003890 -0.057613 -0.076891 0.010366 0.086045 0.104820 -0.036025 -0.009542 -0.099361 0.193265 0.018204 0.076099 0.015758 -0.112297 0.003648 -0.006685 0.053847 0.079743 -0.095171
-0.402865 -0.157605 -0.181921 0.256836 -0.067957 0.174975 -0.024945 -0.130097 -0.050863 0.061359 -0.094718 -0.046780 -0.083097 -0.072023 0.069352 -0.097048 0.007425 -0.058064 -0.339617 0.212613 -0.134479 -0.126822 -0.017863 -0.182595 -0.041722 -0.050320 -0.039380 -0.162572 -0.137125 -0.044714 0.121367 -0.102821 -0.066610 -0.080866 -0.164842 -0.213271
0.087849 -0.030614 0.036657 0.131240 -0.002183 0.015994 -0.189604 -0.014812 -0.124519 -0.215040 -0.024381 -0.141781 0.124833 0.031911 -0.213889 -0.087347 -0.004240 -0.039277 -0.271425 -0.010494 -0.065840 -0.133569 -0.002399 -0.108802 -0.035396 -0.046862 -0.064107 -0.083290 -0.106393 -0.089684 -0.186772 0.105627 -0.088036 -0.014926 0.050358 0.057557
0.225082 -0.204112 -0.108943 0.077795 -0.084898 0.086504 -0.206805 0.182656 0.274878 0.088677 -0.172512 -0.151457 -0.052910 -0.124735 -0.197626 -0.022395 -0.057117 0.020893 -0.120147 -0.061305 -0.338903 -0.021791 0.093698 -0.039999 -0.018432 0.014318 -0.382371 -0.355790 -0.136466 0.010526 -0.045514 -0.024600 -0.098720 -0.100343 -0.035951 -0.050515
0.301016 0.006756 -0.068799 0.164757 -0.265961 0.071627 -0.225129 -0.075819 0.104074 -0.034883 -0.216720 -0.181314 -0.010240 -0.339821 0.138802 -0.048752 0.055196 -0.032092 -0.076683 0.116002 -0.315408 -0.048140 -0.005511 -0.087242 0.055751 0.035412 -0.482957 -0.077799 -0.216807 0.189179 -0.237585 -0.135282 -0.091214 -0.093955 -0.014442 -0.100739
-0.244023 -0.067816 -0.312682 0.135885 -0.071848 -0.045445 -0.144688 -0.302370 0.121039 0.182423 -0.081714 0.026283 0.034767 -0.525951 0.031341 -0.181143 -0.151264 0.044396 -0.147579 -0.283106 -0.213563 -0.040854 0.215272 0.128619 -0.020842 -0.013138 -0.290617 -0.005388 -0.238665 0.242573 0.178894 -0.085979 0.092770 -0.229874 -0.144688 0.087995
-0.432680 -0.023533 0.054957 -0.170639 0.134395 0.100173 -0.063966 0.005153 0.019454 -0.203511 -0.232229 0.037393 0.056713 -0.079470 -0.011417 -0.148069 -0.001889 -0.108306 -0.032698 -0.206050 0.031787 -0.231422 -0.404099 0.088755 -0.063496 -0.202816 -0.054741 -0.125854 -0.070789 -0.093635 0.273542 -0.050750 -0.139519 -0.107875 -0.252702 -0.032389
-0.501173 -0.057371 0.258639 -0.068345 -0.262233 0.200257 0.017985 -0.019868 -0.007593 0.445132 -0.094390 -0.186128 -0.013489 0.008957 0.092655 -0.028407 -0.008489 0.043665 -0.225148 -0.272143 0.078465 -0.092378 -0.305219 0.199224 -0.159837 -0.005389 0.146348 -0.066949 0.193872 -0.279205 -0.126324 -0.041816 -0.228194 -0.061796 -0.602469 0.144567
-0.348009 -0.065667 0.128712 0.055161 -0.071172 0.073587 -0.009546 -0.287253 -0.064251 0.235191 -0.160694 -0.107440 -0.094263 0.148203 0.061010 0.009672 -0.021438 0.047832 -0.193751 -0.046438 -0.128309 -0.048141 -0.228736 0.045401 -0.146724 -0.103868 -0.029736 -0.064760 0.125991 -0.298804 -0.267796 -0.093682 -0.068826 -0.258393 -0.801436 0.177353
-0.280290 -0.163206 0.268981 0.159940 -0.028662 0.026979 -0.124660 -0.288038 -0.225302 -0.219697 0.019304 -0.144981 0.120132 0.126570 -0.027203 -0.003028 -0.125920 -0.206797 -0.152071 -0.027088 -0.027569 -0.087884 0.000193 0.148963 -0.160467 -0.126882 -0.021735 -0.072743 -0.288853 -0.247007 -0.193765 0.008576 0.024096 -0.001587 -0.535643 0.121065
-0.292011 -0.007714 0.283019 0.052739 -0.133541 -0.047488 0.005787 -0.213375 -0.076526 0.010072 -0.071932 -0.030583 -0.158599 -0.047552 -0.026760 0.032652 -0.066052 -0.291370 -0.221680 0.035240 -0.219305 0.058183 0.173729 -0.274640 -0.023018 -0.053435 -0.123622 -0.029474 -0.007445 -0.119953 -0.104505 -0.095843 -0.111059 -0.099071 -0.494840 -0.085293
-0.189316 0.015452 0.371136 0.105448 -0.044039 0.050027 0.006435 -0.025005 -0.016672 0.217959 -0.060428 -0.124369 0.107435 0.027631 -0.218244 -0.063563 -0.103393 -0.011901 -0.240399 0.158107 -0.168359 -0.004330 0.164593 -0.073354 -0.046689 -0.046308 -0.093030 0.062100 -0.143242 -0.063836 -0.118197 -0.008091 -0.089469 -0.032186 -0.333267 0.137998
0.037257 -0.035097 0.448969 0.110508 -0.107093 0.127134 -0.056365 0.054828 -0.116222 0.011840 -0.139876 -0.027775 0.260155 0.060872 -0.024461 -0.017551 0.111946 -0.002154 -0.120389 0.108467 -0.019861 0.111779 -0.045362 -0.092249 -0.179400 -0.025127 -0.109471 -0.121474 -0.064557 -0.043070 -0.008479 -0.050008 0.031658 -0.018105 -0.165566 -0.163891
-0.064339 -0.009848 -0.056830 -0.053683 -0.051052 -0.072955 0.019135 0.085117 0.060621 0.041362 0.122274 0.046366 -0.053298 -0.115270 -0.118980 -0.042346 0.105373 -0.026314 0.038352 -0.173212 0.006883 -0.043733 -0.085650 0.149403 -0.046015 0.003667 0.026939 -0.035223 0.028291 0.152459 -0.065740 0.020351 -0.206247 -0.090295 0.097584 0.057020
0.014740 0.030813 0.141167 0.049959 -0.005435 0.019513 -0.035064 -0.083853 0.136414 -0.009537 0.043226 -0.013290 -0.096583 -0.025033 -0.029342 -0.113389 -0.117970 0.068588 0.186929 0.146936 0.182958 0.071129 -0.097656 0.089421 0.097580 -0.016508 -0.088305 -0.006513 -0.010381 -0.027981 -0.021233 -0.059706 -0.085219 0.130676 -0.008168 -0.106083
0.050900 -0.021337 0.172932 0.059342 -0.049717 0.043517 0.099821 0.012255 -0.080554 -0.004511 -0.020368 -0.065545 0.075507 -0.031530 -0.176464 -0.109769 -0.116066 -0.111800 -0.122582 -0.037746 -0.031163 -0.189001 0.001937 0.201282 0.092572 -0.020055 -0.064383 -0.059672 0.001702 -0.078638 -0.038280 -0.071292 0.019172 -0.040612 0.070547 -0.029701
-0.163717 -0.026178 0.058591 0.215938 -0.106662 -0.105800 0.109445 -0.062207 0.070390 0.128006 0.023076 -0.028279 -0.155764 -0.031083 -0.132186 0.099571 0.111469 0.003486 -0.247108 -0.088225 -0.161533 0.054467 -0.064560 -0.117039 -0.058539 0.059576 -0.129322 0.059442 -0.063349 -0.007579 -0.106755 -0.035972 -0.050259 -0.046417 -0.199981 0.046003
-0.017612 -0.059143 0.072907 0.110934 0.137108 0.243063 -0.061947 -0.040196 0.082547 -0.081604 0.057030 -0.105287 -0.092207 -0.208150 -0.323737 -0.122626 -0.156810 0.033344 -0.507670 -0.007089 -0.047253 -0.015458 -0.100071 -0.153964 -0.034010 -0.167673 -0.046335 -0.065540 0.130408 -0.087650 0.079807 0.157296 -0.084050 -0.205413 0.019996 0.053975
0.183581 -0.152723 -0.017678 0.124499 -0.082786 0.131349 -0.082520 0.187657 0.089385 -0.132452 0.074259 -0.105423 0.040814 0.010857 -0.785181 0.111169 -0.028962 -0.058045 0.101418 -0.108172 -0.159664 -0.044101 -0.068211 -0.129112 -0.193418 -0.037523 -0.264892 -0.086847 -0.066124 -0.020027 -0.096407 0.201781 0.044001 -0.016669 0.257309 -0.068412
0.103230 0.048253 -0.011696 0.079874 0.006621 0.071622 -0.015714 0.064870 0.272387 0.077839 0.159885 -0.100472 -0.174786 0.067461 -0.489633 -0.209068 -0.086932 -0.156349 0.172090 0.151097 -0.243987 0.111170 0.038489 -0.098989 -0.143806 0.135332 -0.396665 -0.059982 -0.195782 -0.102750 -0.060303 0.001371 -0.166675 0.016401 -0.001897 -0.011987
0.144812 0.012921 -0.201267 0.057002 -0.101813 0.209850 -0.059605 -0.012777 -0.010262 0.119532 0.012778 -0.087255 0.067452 -0.589692 0.041198 -0.051420 -0.021448 -0.034415 0.147547 0.206043 -0.144158 -0.193156 0.163515 0.063566 0.023862 0.295199 -0.339479 -0.092815 -0.248041 0.177193 0.044889 0.006101 -0.018221 0.028791 -0.095111 0.097595
0.005935 -0.065450 0.042870 0.165180 -0.005537 0.035731 -0.117275 0.178383 -0.112544 -0.181954 0.030568 0.072004 0.320524 -0.510729 -0.042996 -0.086075 -0.079821 -0.027371 -0.084418 -0.019561 0.115158 -0.203318 0.308290 -0.107117 -0.181295 -0.065815 -0.020816 -0.163451 -0.026345 0.119355 0.191129 -0.183068 0.174135 -0.188185 0.184428 -0.059909
-0.052024 -0.108064 0.221893 0.210984 0.102247 0.104923 0.030991 0.056856 -0.288649 -0.410749 -0.039757 0.048279 -0.070743 0.135682 -0.156593 -0.024621 -0.210425 -0.190563 0.027892 0.023073 0.183825 -0.213875 0.080450 -0.147463 -0.117683 -0.252908 0.254556 -0.108965 0.225320 -0.139198 0.228704 -0.043322 -0.041023 -0.092580 -0.271173 -0.197795
-0.179987 -0.174276 -0.030664 0.037386 -0.164124 0.115307 -0.134551 0.075778 0.234556 0.180143 0.083268 -0.226273 -0.069819 0.302932 -0.259184 0.014535 -0.032205 -0.241668 -0.027259 -0.150323 0.201214 -0.347384 -0.320290 0.236867 -0.123489 0.192523 0.180370 -0.020299 0.154655 -0.233216 -0.059102 0.019242 -0.130203 -0.110109 -0.345112 -0.191013
-0.140964 -0.149879 -0.060669 0.174659 -0.040312 0.075296 -0.131553 -0.097033 -0.016341 -0.151656 0.036880 -0.179171 -0.139828 0.236864 -0.049881 -0.000010 -0.059475 -0.065953 0.179443 -0.370783 -0.034682 -0.023172 -0.209664 0.143446 -0.190476 0.050013 0.049612 -0.254167 0.051530 -0.331516 -0.216261 0.126089 -0.059570 -0.179929 -0.095983 0.207145
-0.276081 0.017783 -0.098654 0.111982 0.018511 0.036478 -0.049461 -0.142044 -0.210271 -0.210517 -0.017779 -0.146651 -0.452321 0.065042 -0.061935 -0.343869 -0.003816 -0.050741 0.229822 -0.052821 -0.230923 -0.156300 0.082705 -0.101370 -0.030195 -0.025600 -0.036860 -0.149030 0.092322 -0.579640 -0.091555 0.005154 -0.024203 -0.047210 -0.045995 0.184532
-0.430698 0.034792 0.068454 -0.093042 -0.003536 0.048468 -0.100443 -0.141115 -0.054086 -0.025022 -0.134664 0.047583 -0.282555 0.084263 -0.055496 -0.083053 -0.030583 -0.102218 0.079340 0.042160 -0.129399 0.056017 0.289394 -0.286027 -0.056009 0.048685 -0.215788 -0.052990 -0.324732 -0.528853 0.001290 0.100192 -0.052798 0.040067 -0.016229 0.260344
-0.161187 -0.161539 0.166254 -0.116987 0.040190 -0.035889 0.002036 -0.158027 0.025709 0.004261 -0.007056 0.038125 -0.209742 -0.121761 -0.191865 -0.039819 -0.117800 0.041674 0.056303 0.232554 -0.101846 -0.134814 0.114977 -0.077385 0.049016 0.003174 -0.215607 -0.102458 0.014835 -0.337054 -0.079985 -0.040761 0.052593 -0.053629 0.076883 0.106489
-0.031871 -0.007488 0.128902 -0.162145 -0.033639 -0.085812 -0.151573 -0.106867 -0.054133 0.000053 0.090215 0.016552 0.074500 -0.215115 -0.229883 -0.099620 0.150823 0.100264 0.039122 0.096101 0.131242 0.058572 0.145869 -0.049813 0.081753 -0.093936 0.185923 -0.042471 -0.003956 -0.057515 0.036952 -0.020343 -0.022397 -0.038814 0.000551 -0.063171
-0.018097 0.164640 -0.051481 0.086775 -0.143067 0.131630 0.074685 -0.014465 0.023670 -0.067566 0.011477 0.104956 -0.135362 0.029438 -0.035804 0.043090 -0.102854 -0.107315 -0.022210 0.024036 -0.107640 -0.048113 -0.072055 -0.030688 -0.139461 -0.057265 -0.044357 0.080988 -0.047012 0.036284 0.115470 0.034451 -0.067940 -0.074483 0.008619 -0.047474
-0.091861 0.075256 -0.129114 -0.053764 0.031328 -0.069795 -0.040227 0.064674 -0.011659 0.151460 0.131496 0.107655 -0.137361 -0.008389 0.065318 -0.040649 -0.236759 -0.004658 0.022847 -0.035209 -0.082663 0.064789 -0.143267 -0.050005 0.147078 0.073609 -0.053363 0.178869 -0.039743 0.067703 -0.057870 -0.006622 0.163058 0.059111 -0.059235 -0.064912
-0.086547 0.023464 -0.007824 0.092050 0.006970 -0.100816 0.045460 -0.046015 -0.059881 -0.116063 0.059237 0.083300 -0.040823 0.011775 0.114264 0.046734 0.068340 -0.078245 -0.056326 -0.106239 0.014356 0.290172 0.048569 0.172348 -0.030443 0.046588 0.143654 -0.005764 0.251397 -0.074799 -0.044981 0.122014 -0.008394 -0.101574 0.106239 0.001947
0.140828 0.058195 0.025043 -0.028473 0.059494 0.087408 -0.035509 0.055075 -0.005485 -0.054285 0.135003 -0.022094 0.097530 -0.061460 0.017298 -0.146302 -0.202628 0.007445 -0.113114 -0.121869 0.032240 -0.002951 -0.058792 0.013688 -0.137707 0.083636 -0.145531 -0.004064 -0.063923 0.104071 -0.003657 0.058423 0.112587 -0.082785 -0.093794 0.035477
0.139099 0.047044 0.098052 -0.063678 0.073430 -0.133211 -0.134863 0.019150 0.089269 0.084933 -0.007068 -0.253459 -0.065409 -0.176323 -0.577408 -0.120884 -0.155045 0.067595 -0.100586 -0.064081 -0.090403 -0.192676 0.041752 0.139722 -0.016802 -0.023136 -0.041932 0.102003 -0.141934 0.031745 0.116406 0.149912 -0.047070 0.021610 0.063387 0.176116
0.014502 -0.042155 0.007390 -0.152085 0.136380 0.077325 0.031292 0.124229 0.211665 0.151617 0.058408 0.046629 -0.006822 -0.200023 -1.210528 -0.070618 -0.092279 0.013434 0.152792 -0.005709 -0.123459 0.036833 -0.098442 0.129385 -0.113798 -0.079415 -0.187343 -0.047439 -0.199674 0.018686 -0.103327 0.121219 0.011260 0.057503 0.103290 0.041202
0.122540 -0.124254 0.022373 -0.075172 0.003484 0.089110 -0.151819 -0.016416 0.155433 0.261023 -0.084832 -0.143928 -0.186373 0.248746 -0.841350 -0.026023 -0.043592 -0.107190 0.145347 0.196893 -0.046246 -0.297445 -0.111012 0.135730 -0.120678 0.164076 0.103219 0.031720 -0.233195 -0.137263 -0.128553 -0.029728 0.003094 0.020883 0.185243 0.088352
0.179354 -0.082016 0.162060 0.053253 -0.037201 0.065588 -0.059907 0.276800 -0.172333 0.246812 -0.035213 -0.031471 0.070499 0.436763 -0.127963 -0.018717 -0.058383 -0.038979 0.131278 0.069699 0.196923 -0.285608 0.115671 -0.061403 -0.059626 0.462204 -0.021355 -0.204371 -0.331100 0.053166 -0.158898 -0.102191 -0.015228 0.179911 0.245474 0.034182
-0.068747 -0.146425 0.232261 -0.173883 -0.207117 0.285168 -0.039252 0.022758 -0.318246 -0.041773 -0.185489 0.082011 0.138910 0.087052 0.449306 0.015066 -0.149101 -0.092317 0.120825 -0.031069 0.353033 -0.188513 0.353615 -0.764726 -0.257197 0.193974 0.192633 -0.195346 -0.055908 0.083908 -0.037413 -0.056646 0.116526 0.182393 0.223880 -0.076990
-0.084092 -0.048429 0.029215 -0.199476 -0.028631 0.325615 -0.069013 -0.064387 -0.154521 -0.334697 -0.091704 -0.039080 -0.189262 0.307935 -0.590168 -0.073558 -0.094975 0.000655 0.198014 0.458218 0.192280 -0.173175 0.285880 -0.293038 -0.072867 0.148248 0.140145 -0.423168 0.363410 -0.044356 0.205388 -0.050507 0.031579 -0.179045 -0.159167 -0.554314
0.037054 0.004850 -0.193986 -0.009863 -0.104904 0.286917 0.016075 0.043984 0.229748 -0.344907 -0.117873 -0.070409 -0.324841 0.124460 -0.560356 -0.023973 -0.164201 -0.057211 0.222366 -0.234709 0.047317 -0.164779 -0.110729 0.182453 -0.012669 0.594434 0.173259 0.007902 0.178699 -0.104055 -0.046451 0.102777 -0.082220 -0.111572 0.107012 -0.561319
-0.000018 -0.114726 -0.473697 -0.044433 -0.045485 0.235785 -0.124055 0.007487 0.087668 -0.078497 -0.271643 -0.069571 -0.132824 0.061162 -0.250362 0.034122 0.004929 -0.136922 0.170788 -0.031314 0.041754 -0.105758 0.250403 -0.194024 -0.178190 0.286759 -0.075924 -0.181370 -0.183496 0.005034 -0.238668 0.047283 -0.176094 -0.152873 0.040296 -0.132581
0.179042 -0.061011 -0.377835 -0.020500 0.045462 0.098448 -0.165521 -0.008273 0.012848 0.038578 0.026735 -0.223761 -0.048277 -0.130200 -0.037519 -0.135115 0.246338 -0.134653 0.138993 0.031544 -0.069073 -0.039128 0.273250 -0.433363 0.023068 0.175357 -0.130274 -0.111138 -0.239002 -0.178942 -0.060132 0.168158 0.010624 -0.182812 -0.070080 0.033252
-0.018629 0.001824 -0.473920 -0.076615 -0.200425 -0.016613 -0.001703 0.043161 -0.010573 -0.014377 -0.040081 0.071558 -0.300033 -0.110469 -0.454886 -0.011008 -0.108857 0.010138 -0.064560 0.027522 -0.174885 0.082838 -0.141043 -0.099794 -0.045524 0.102601 -0.161759 -0.005845 0.019840 -0.606590 -0.062679 -0.000462 0.131519 -0.005880 0.207728 0.110498
-0.024428 -0.105934 -0.287024 0.050117 -0.083593 0.047168 -0.051340 0.070661 0.004507 -0.218892 -0.026784 0.050195 -0.377464 -0.005401 -0.180735 -0.072834 -0.089249 0.127127 -0.122885 0.093758 -0.166254 -0.017544 -0.083352 0.144250 0.172270 -0.161268 0.056778 0.001102 -0.130511 -0.157978 -0.024920 -0.123637 0.018397 -0.004136 0.214550 0.371189
-0.044689 -0.002175 -0.025335 -0.039239 -0.007749 0.015023 -0.084605 -0.017004 0.057203 -0.027247 0.048537 -0.038004 0.100661 -0.013072 0.028927 -0.092111 -0.054676 -0.145600 0.024717 0.095612 -0.004305 -0.099467 0.037260 -0.037842 0.011150 0.077744 0.029903 0.167827 -0.045896 -0.096998 0.027054 -0.067216 0.024363 -0.001535 -0.056807 -0.005475
0.067976 -0.046319 0.005987 0.009528 0.098327 0.010490 0.130807 -0.056111 -0.010795 0.072350 -0.047699 -0.033781 -0.094499 -0.095084 -0.070021 0.015498 0.020919 0.052035 0.072760 0.045446 0.042746 -0.033437 -0.026247 0.020242 0.131502 -0.035925 0.023436 -0.040193 0.038300 0.134972 -0.136644 0.019155 -0.037312 0.132578 0.047828 -0.031923
-0.077409 0.111016 0.109953 -0.140059 0.022258 0.056985 0.093224 -0.211509 0.124744 0.038647 0.131173 0.138672 -0.013294 -0.020574 -0.040690 0.020625 0.012605 -0.010289 -0.110357 0.019681 -0.009792 -0.013723 0.016696 0.155178 0.000686 -0.085228 0.090001 0.035926 0.044860 -0.059692 -0.015132 0.041433 0.033425 -0.139632 0.018100 0.092898
-0.066666 -0.074814 0.074935 -0.038921 -0.006191 0.223345 -0.053082 0.006753 -0.133912 -0.012701 0.044875 0.019175 0.094145 0.056874 0.034045 -0.051321 -0.047423 0.006712 -0.011632 -0.102214 0.131472 -0.010895 -0.034330 -0.012053 -0.075840 0.117584 -0.082849 0.036248 0.258877 -0.042257 0.035008 -0.060330 0.003118 0.077723 -0.000575 -0.170384
-0.085606 -0.141268 0.126365 -0.100045 -0.115710 -0.157905 0.116474 -0.026531 -0.000466 0.101270 -0.112753 0.066644 -0.054459 -0.038879 -0.183893 -0.032968 -0.064245 -0.057838 0.024658 -0.104203 -0.085825 -0.032400 -0.006181 0.161796 0.057534 0.106511 -0.004447 -0.046315 0.043152 0.097829 -0.008259 0.118554 -0.096407 -0.054106 -0.078360 -0.098869
-0.054020 0.012142 0.013388 -0.006747 0.087898 0.104160 0.163048 -0.025463 0.057114 0.094641 -0.168047 0.139234 -0.184025 -0.180643 -0.482493 0.058091 -0.067019 -0.075338 0.231861 -0.046191 -0.031672 0.136127 -0.204236 -0.082179 0.052064 -0.109218 -0.234434 0.019395 -0.054846 -0.059807 -0.074086 0.192016 -0.072001 0.015334 0.003509 0.280796
-0.055562 -0.054846 -0.056346 -0.130130 -0.041975 0.046915 0.006986 0.177314 0.128539 0.200338 -0.125857 0.083373 -0.091340 -0.083349 -0.395249 -0.148740 0.002333 -0.231425 -0.164134 0.027821 -0.441159 -0.093705 -0.272145 0.073599 -0.043577 -0.197406 -0.317441 0.023143 -0.025293 -0.052736 -0.033513 0.183676 0.083138 0.146257 0.019073 0.184903
0.073336 0.014402 0.095519 -0.073970 -0.033382 0.041562 -0.027193 0.153249 0.162262 0.313671 -0.071077 -0.163384 0.099487 0.132206 -0.024814 -0.022230 -0.134680 -0.056115 -0.508934 0.019530 -0.179253 -0.091330 -0.067475 -0.092612 -0.000232 -0.002199 -0.401693 -0.094614 -0.255667 -0.070941 0.027408 -0.050649 -0.206841 -0.029107 0.177237 0.276859
0.050534 0.021195 0.148933 -0.253212 -0.118840 0.264419 -0.033304 0.218524 0.079597 0.246936 -0.173187 0.182921 0.166670 -0.004279 0.385926 -0.310936 -0.072975 -0.054409 -0.190258 0.026501 0.042798 0.031242 0.018336 -0.479204 0.007862 0.117253 -0.145964 -0.213703 -0.047163 0.044602 -0.233509 0.029121 -0.245814 -0.041982 0.313620 0.100343
-0.019162 -0.058452 0.030515 -0.253955 -0.187186 0.212581 0.072848 -0.007374 -0.095709 -0.012127 -0.053027 -0.031334 0.138015 0.147099 0.400235 -0.065328 -0.097489 -0.086599 0.119759 0.135139 0.168997 -0.172087 0.233228 -0.543374 -0.173564 0.019773 0.074017 -0.122736 0.159887 -0.005178 0.020388 -0.140570 -0.037900 0.058475 -0.008196 -0.389671
-0.143474 -0.059193 -0.176249 -0.190745 0.039796 0.278557 0.008936 0.077622 0.078260 -0.197958 -0.071625 -0.077352 -0.068021 0.163453 -0.511146 0.008655 -0.157324 -0.027113 0.060422 0.247184 0.015955 -0.119685 0.112317 -0.046029 -0.154868 0.212832 0.176703 -0.300404 0.106506 -0.092249 0.152064 -0.069555 -0.040220 0.078438 0.069712 -0.568737
-0.076220 0.045565 -0.044733 -0.104277 -0.106098 0.336726 -0.225356 0.083028 0.209809 0.196047 -0.087550 -0.104404 -0.209096 -0.082452 -0.203657 -0.280765 -0.173585 -0.225413 0.147694 -0.002728 -0.123858 -0.088000 0.044318 0.003834 -0.043888 0.584415 -0.127088 -0.180428 -0.024503 -0.140259 -0.078207 0.012364 -0.007078 -0.019536 0.026679 -0.385940
-0.087608 -0.027612 -0.115534 0.042415 -0.046396 0.411459 0.130531 0.182389 0.082983 0.229084 -0.357245 -0.019123 -0.168626 0.003323 -0.241017 -0.125465 0.032585 -0.021108 -0.113208 0.021057 -0.002608 -0.202096 0.358063 -0.443167 -0.121748 0.194902 -0.122133 0.034449 -0.618599 0.072908 -0.246553 0.284666 -0.221114 -0.043462 -0.174823 -0.101728
0.007319 -0.024363 -0.346917 0.191195 0.030357 -0.069667 -0.001341 -0.015046 0.071884 0.093334 -0.207189 -0.075375 0.047715 -0.037546 -0.115640 -0.260420 -0.190316 -0.113257 -0.220409 -0.108011 0.230098 -0.150920 -0.152723 0.075143 0.062921 0.039234 -0.061115 -0.195512 -0.467311 -0.002129 -0.035798 0.068967 -0.088896 -0.138454 0.104850 -0.069280
-0.059180 -0.064736 -0.336341 0.169882 0.154619 -0.079306 -0.080480 0.185702 -0.139941 -0.046296 -0.080824 -0.130206 -0.182482 -0.052940 -0.381580 -0.187407 -0.131591 0.028408 -0.064477 0.001786 -0.055683 -0.041967 -0.161195 0.356800 0.043018 -0.055758 -0.022447 0.102698 -0.099977 -0.555871 -0.141407 -0.057294 0.080785 -0.096239 0.204681 0.071907
-0.127489 0.037381 -0.198576 0.210194 -0.066960 0.048728 -0.156424 0.080265 -0.029064 -0.030405 0.032718 0.063459 0.011704 0.017415 -0.177214 0.116789 -0.121055 -0.071674 0.016613 -0.027290 0.048326 0.004727 -0.121218 0.097972 -0.060642 -0.065465 0.076819 0.080092 0.013664 -0.175267 -0.141748 -0.279519 -0.033942 -0.087962 0.252577 0.111953
-0.043105 -0.044341 -0.148448 0.053366 -0.068186 0.004077 -0.008898 0.121270 0.053350 0.036785 0.081869 0.031848 -0.021474 0.076950 -0.161966 -0.178995 -0.003662 -0.027433 -0.099461 0.001910 0.002576 0.191843 -0.049112 0.053716 0.106473 -0.018592 0.050686 0.082345 0.020875 0.140914 -0.090201 -0.095202 -0.045684 -0.105726 -0.137460 0.075995
0.018555 -0.003072 0.104754 0.020358 -0.020201 -0.090937 -0.045457 0.131702 0.057027 0.027817 0.043431 -0.098305 -0.002949 0.089082 0.028427 -0.056617 -0.043947 -0.116808 -0.031215 0.080280 0.039361 0.003059 0.161839 -0.012717 0.042560 0.038877 -0.172905 0.093779 0.077750 0.056786 0.133392 -0.106190 0.057038 -0.036268 -0.009860 -0.107806
0.071543 -0.031400 0.164633 0.102237 -0.026457 -0.030254 -0.100722 0.102538 0.023751 0.046336 -0.048093 -0.161625 0.043186 -0.068148 0.039788 0.203030 -0.059805 0.024902 -0.031247 -0.071843 -0.000272 -0.109160 -0.042493 -0.107727 0.012656 0.002618 0.010964 -0.009678 0.125130 -0.146492 0.049790 0.006510 -0.108216 0.097103 0.049920 0.034002
0.205829 0.050314 -0.183851 0.130177 0.059734 -0.064153 -0.080462 -0.015466 0.019359 0.015254 -0.028212 -0.210026 -0.116604 -0.075323 0.066405 0.062551 -0.091201 -0.067284 -0.012687 -0.063400 -0.024001 -0.013805 0.067722 0.085152 0.094605 0.029629 -0.037673 -0.082227 -0.050927 0.054124 -0.164215 0.014659 -0.017547 0.026926 0.098245 -0.042447
-0.042831 -0.009917 -0.000887 0.052115 0.035135 0.077605 0.069966 -0.093003 0.012706 -0.027146 0.075570 -0.126338 -0.040017 0.059043 0.307290 -0.054741 0.059245 0.015063 -0.077121 -0.177289 -0.069673 0.036861 0.053955 -0.021643 -0.107593 -0.104460 -0.076797 0.068818 -0.074113 0.015405 0.077567 0.027763 -0.171507 0.119865 0.011476 0.107441
-0.171578 -0.120312 0.018987 -0.100174 0.144019 -0.083298 -0.003874 -0.033626 0.012500 0.192873 -0.077213 -0.127494 -0.295115 -0.089502 0.062295 -0.035726 -0.028521 -0.068353 -0.009728 -0.335428 -0.152646 0.002832 -0.200285 0.013154 0.131436 -0.021875 -0.107350 -0.048720 -0.003991 -0.164873 -0.087854 -0.091418 -0.143152 0.153175 0.043094 0.294025
-0.324788 0.087488 -0.106475 -0.221492 0.111707 0.027407 0.045512 0.308924 0.138820 0.322756 0.009102 0.034915 -0.401540 -0.303310 0.102322 -0.097342 -0.079706 -0.120593 -0.129474 0.005161 -0.222215 -0.147461 -0.280758 -0.080129 -0.082312 0.238478 -0.468696 -0.128309 -0.154843 -0.069300 0.027387 0.148062 -0.078246 -0.059640 0.059157 0.111872
-0.226201 -0.095762 0.063593 -0.180021 -0.069918 0.145557 -0.049315 0.247743 0.136710 0.125782 -0.090980 0.059949 -0.081597 -0.591273 0.063599 -0.098729 -0.088443 0.122899 -0.306596 0.193950 -0.194329 -0.236975 0.182705 -0.426628 -0.104301 0.171846 -0.708053 0.074494 -0.134293 -0.092019 -0.142172 0.160280 -0.060270 -0.088676 0.000517 0.306620
-0.142684 -0.075106 -0.208659 -0.121543 -0.061144 0.284000 -0.194796 0.190813 0.082685 0.139602 -0.185775 0.137547 -0.012406 -0.446874 0.079794 -0.122393 0.064176 -0.106608 0.131148 0.310238 -0.039838 -0.057361 0.366578 -0.357808 -0.084048 0.124791 -0.310965 -0.163290 0.100332 0.026298 -0.185665 -0.006367 -0.091745 -0.088793 0.424286 0.090731
-0.134537 -0.092244 -0.030800 -0.099406 -0.183684 0.258037 -0.059346 0.092074 0.102561 0.125876 -0.004110 -0.065442 -0.011118 -0.066850 -0.003381 -0.197426 -0.247514 -0.019971 -0.034296 0.407099 -0.139831 -0.165187 0.101906 -0.108751 -0.190630 0.087922 0.297383 -0.020507 0.273120 -0.004308 0.043454 0.034162 -0.224465 -0.123641 -0.247093 -0.633875
-0.098421 -0.071847 -0.134145 -0.007938 0.086106 -0.039588 -0.176668 0.257265 0.202527 0.265761 -0.185856 -0.030365 -0.141713 -0.228410 -0.049717 -0.337879 -0.064726 -0.179801 -0.097723 0.183062 -0.370686 -0.038667 -0.123185 0.127564 0.049983 0.370916 -0.155210 -0.139870 -0.083183 -0.160218 0.151191 -0.117427 -0.064498 -0.187419 0.087730 -0.588947
0.001367 -0.032814 -0.044456 0.121619 -0.107916 0.200318 0.093466 0.169829 0.012595 0.327551 -0.016100 0.042471 -0.101379 -0.285778 0.101498 -0.164512 -0.152141 -0.072045 0.120000 -0.037892 -0.401727 -0.058033 0.131315 -0.056258 -0.035065 0.563993 0.039579 -0.010040 -0.253375 0.002302 -0.177882 -0.053501 0.023402 0.019194 -0.085486 -0.285772
-0.076029 -0.191656 -0.052753 0.095221 -0.002526 0.160379 0.007373 -0.056258 0.030173 0.298848 -0.125956 -0.062079 -0.044113 0.262992 -0.098980 -0.139457 -0.235748 -0.143276 -0.050566 0.001939 0.005690 -0.007443 0.359956 -0.153630 -0.071761 0.087670 0.074800 -0.107685 -0.184131 -0.119251 -0.273450 0.151561 -0.171779 -0.021049 0.012290 0.011289
0.074751 0.090569 -0.189592 0.333396 -0.041033 -0.063784 -0.108415 0.189098 0.041536 0.008266 -0.076200 -0.064523 0.001836 0.020744 -0.045788 0.053953 -0.055336 -0.062364 -0.202058 0.000415 0.090023 -0.255689 -0.017301 0.159583 -0.005707 -0.176390 0.047409 -0.001166 -0.280039 -0.151539 -0.022836 0.022520 -0.008689 0.059201 -0.022367 0.054032
-0.006830 0.053181 -0.151653 0.081421 0.014181 -0.242681 -0.173524 0.163002 -0.133159 0.034624 0.035534 0.048650 0.009902 0.118888 -0.107125 -0.059674 0.024142 -0.056920 -0.191410 -0.190550 0.068799 -0.086804 -0.340909 0.024156 -0.133199 -0.040673 0.024231 -0.024094 -0.103110 -0.193075 -0.056333 -0.099792 -0.032839 -0.019142 0.101238 -0.169891
-0.094430 0.013607 -0.085056 0.006631 -0.023352 -0.170009 -0.000303 0.075594 0.095932 -0.007272 0.050316 0.106995 -0.038846 0.110678 0.056388 0.127649 -0.063699 -0.013303 -0.115695 -0.100280 0.057697 -0.281990 -0.459325 0.021780 0.086641 -0.023910 -0.112268 -0.038411 -0.134420 -0.126294 -0.035305 -0.217769 0.180424 -0.082366 0.028768 -0.036759
-0.114958 0.127551 -0.125050 -0.140628 0.094474 -0.037890 -0.111241 -0.094159 -0.111235 0.013643 -0.193109 -0.207295 0.131069 -0.222820 0.228481 -0.027797 -0.008010 -0.032682 0.049619 -0.053717 -0.203178 -0.124855 0.105259 0.100040 -0.041406 -0.023623 -0.038971 -0.040117 -0.042887 -0.060067 -0.081801 -0.185869 0.003463 -0.030318 -0.193109 -0.229926
0.060170 0.100529 0.001208 -0.007840 0.056789 0.002244 -0.027474 -0.015513 0.022521 -0.003462 -0.105495 -0.027964 -0.079902 -0.002332 0.155739 -0.118566 -0.062696 -0.130584 0.078109 -0.044450 0.048003 -0.042480 -0.083408 0.097404 -0.059226 0.150123 -0.202580 0.052789 -0.079797 0.034869 -0.115030 0.016044 0.128978 0.057537 0.063831 0.103274
0.103900 0.032352 -0.018726 -0.036050 0.014748 -0.084844 -0.081868 0.185106 0.098578 -0.150677 -0.185988 -0.060270 -0.051836 0.022157 -0.040490 -0.066842 0.099174 -0.000418 0.109844 0.030417 -0.068769 -0.025446 0.038067 0.213779 0.097041 0.006830 -0.090334 0.079705 0.081005 0.031115 0.066653 0.106386 0.024609 0.082645 -0.023743 -0.016737
-0.166257 0.168697 0.123278 -0.161274 0.060457 -0.027738 0.054776 0.045801 -0.069912 0.049682 0.047357 0.054403 -0.037675 -0.022914 0.044172 -0.059862 -0.046938 0.001977 -0.038041 0.122027 -0.125629 -0.071765 -0.002904 0.029590 0.009562 0.133514 -0.041101 0.218682 0.028264 -0.033458 0.144222 0.067837 0.004671 -0.039031 0.049800 -0.084783
0.083542 -0.114680 0.038135 -0.065267 0.035751 -0.015552 0.136938 -0.169365 -0.141797 -0.032580 -0.039604 -0.068391 -0.109525 0.330856 0.113198 -0.039090 0.024711 -0.094600 -0.077128 -0.096051 0.078336 -0.094755 -0.163540 -0.014487 0.050901 0.019372 0.038379 0.041907 -0.127945 -0.160500 -0.141273 -0.278186 -0.022449 0.022041 -0.103284 0.054794
-0.064896 -0.079580 0.111449 -0.042481 0.062115 0.139375 -0.071057 -0.058568 0.002777 0.100373 -0.196447 -0.218421 -0.206387 0.106524 0.344976 -0.005389 -0.034688 0.006105 -0.221850 -0.205440 -0.138106 -0.087520 -0.112137 -0.181865 0.070533 -0.088371 -0.130459 0.015186 -0.180146 0.024973 -0.157971 -0.194871 -0.029078 0.060137 -0.251048 0.090007
-0.227097 0.021851 -0.034158 -0.020717 -0.145827 0.022493 -0.027810 -0.082661 -0.189377 0.123888 -0.055332 -0.132987 -0.047985 -0.310368 0.200364 -0.006400 -0.019918 -0.198904 -0.445052 -0.205989 0.122186 -0.013438 0.100302 -0.315331 -0.011011 0.129150 -0.613075 -0.018052 -0.189275 -0.191224 -0.326351 -0.002809 0.026369 0.053682 0.152431 0.170605
-0.288833 0.048733 -0.034004 0.008129 -0.133796 0.268555 0.008386 0.165246 0.017817 0.106896 -0.043941 -0.065594 -0.168898 -0.525114 0.368525 -0.240509 -0.176729 -0.111525 -0.104097 0.208995 0.000740 -0.038638 0.394430 -0.201187 0.126273 0.186749 -0.658272 -0.039392 -0.027929 -0.312691 -0.031142 -0.068072 -0.141438 -0.083156 0.166199 0.296298
-0.261602 -0.043234 -0.005785 -0.182747 -0.087249 0.193378 0.086275 0.190769 -0.035064 -0.177234 -0.082484 -0.089646 -0.273274 -0.547726 0.329431 -0.198791 -0.036200 -0.259136 0.047851 0.276773 0.046276 -0.087756 0.137319 -0.163452 -0.153629 0.023332 -0.159269 -0.092337 0.132526 -0.367579 -0.126534 0.048080 -0.050534 -0.173364 0.505895 0.088446
-0.222950 -0.108893 0.035792 -0.060130 0.079442 0.129371 -0.009095 0.268045 -0.115071 0.163174 -0.100316 -0.198276 -0.051276 -0.240455 0.304618 -0.164761 -0.141124 -0.008328 -0.156964 0.342663 -0.183066 0.012095 -0.008413 0.148317 -0.014398 -0.386908 -0.082460 -0.078538 0.203903 -0.106734 0.056755 0.137389 -0.251195 -0.261323 0.177563 -0.543024
-0.285352 -0.157733 -0.023978 0.007824 0.059716 0.085898 -0.095368 0.060949 -0.078371 0.106262 -0.134441 -0.024895 -0.108423 -0.338975 0.237737 -0.192113 -0.015576 -0.214445 -0.070141 -0.174198 -0.447692 0.084844 -0.198472 0.010018 -0.130590 0.137456 -0.417983 0.095256 -0.651379 -0.015413 0.161801 -0.114391 -0.046311 -0.121876 0.005489 -0.212641
-0.223934 -0.070860 0.143524 0.049631 -0.058988 -0.003305 -0.047470 -0.026730 0.061907 -0.005638 0.064254 0.115002 -0.087177 0.111347 0.217529 -0.033604 -0.121962 -0.031597 -0.106591 -0.097404 -0.225552 -0.093109 -0.097412 0.009653 -0.036119 0.146310 -0.194983 -0.050946 -0.052540 0.036864 -0.024116 -0.006403 -0.136240 -0.049958 -0.179382 -0.080170
-0.023827 -0.143020 -0.052185 0.089283 -0.059707 0.133043 -0.106466 -0.034117 -0.121256 0.015581 -0.140542 0.091372 0.021950 0.138109 -0.001971 -0.085729 -0.091687 -0.184957 -0.137150 -0.050155 0.048406 -0.205966 0.005741 0.014004 -0.127281 -0.452337 0.092017 -0.104967 -0.095504 -0.304910 -0.222546 0.085853 0.001833 -0.069889 -0.180229 0.088883
0.033918 -0.109385 -0.123547 -0.026325 -0.107383 0.094087 -0.011723 -0.031510 -0.073593 -0.016436 -0.025701 -0.003628 0.005258 0.188897 -0.085725 -0.181569 -0.195472 0.069176 -0.128579 -0.131970 -0.102122 -0.095563 -0.207737 -0.018751 -0.065880 -0.398711 0.136337 -0.125642 -0.152719 -0.131480 -0.062785 -0.110022 -0.100073 0.190887 -0.125684 -0.192184
0.067240 -0.154145 -0.126211 -0.055023 0.073640 0.028378 -0.031452 0.001988 -0.157764 -0.221419 -0.011340 -0.012822 0.134690 0.065009 0.157121 -0.023511 0.135345 -0.064878 -0.177123 -0.083092 0.047014 -0.008896 -0.272138 -0.233890 -0.074873 -0.183059 0.017732 -0.099583 -0.073514 0.231406 -0.118837 -0.292270 -0.001444 0.048752 -0.215915 -0.537657
0.054431 -0.093386 -0.113322 -0.150220 0.127871 -0.063989 -0.081255 -0.113496 -0.003720 -0.079155 -0.053768 0.057127 -0.092909 -0.066556 0.455256 -0.122122 -0.092136 0.014080 -0.027524 0.058629 0.110778 -0.031492 -0.101241 -0.135472 -0.084787 -0.029882 -0.093497 -0.016553 -0.049192 0.026860 -0.024042 -0.101925 -0.067396 0.053711 -0.193945 0.051633
-0.063869 0.164571 -0.086614 0.107774 -0.046060 0.064306 -0.059428 -0.189563 -0.042837 -0.091151 0.055188 0.064790 -0.047046 -0.130071 0.254525 -0.100626 -0.046837 0.182081 -0.107156 -0.085263 0.087096 -0.023199 -0.004192 0.036455 -0.201536 0.105855 -0.145475 -0.012910 -0.037414 -0.081248 -0.167413 0.017743 0.004125 -0.011121 -0.126552 0.120074
0.018197 -0.047990 -0.105354 -0.108716 -0.004485 -0.008909 0.148157 -0.032724 0.093095 0.041493 -0.018345 -0.127684 -0.021138 0.026276 0.080808 0.028573 0.004977 0.105702 -0.032008 0.090176 -0.086122 0.103096 0.075942 -0.103818 -0.053520 -0.100645 0.008859 0.041321 -0.026141 -0.077536 0.125009 -0.104690 -0.072584 -0.091941 0.004991 0.035256
0.029230 0.057030 -0.076479 -0.117638 0.022406 -0.038433 -0.041881 0.002083 -0.125702 -0.057389 -0.093132 0.000358 0.058451 0.100487 -0.073541 0.049734 0.053476 0.005487 0.049987 -0.088644 -0.109365 0.005781 -0.156281 -0.154777 0.151310 -0.066296 -0.047260 0.030635 0.047694 0.042617 -0.075368 0.041286 0.011193 -0.104059 -0.080995 0.050764
0.105040 0.220577 0.000347 -0.043124 -0.121231 0.114229 0.017976 -0.090613 0.037150 0.048603 0.071501 0.030722 0.086804 0.218021 0.059553 -0.008715 -0.087860 -0.117678 -0.107709 -0.008912 0.031263 -0.098161 -0.167948 0.079650 -0.012334 0.064438 0.085728 -0.112906 0.072865 -0.104739 -0.022077 0.189299 0.053049 -0.058940 -0.100897 -0.006899
0.083456 -0.049122 -0.039621 -0.204737 -0.145903 0.079941 -0.077172 -0.019475 -0.146328 -0.139445 -0.053336 0.109765 0.142432 0.078622 0.167478 0.041706 0.007825 -0.077868 -0.083112 -0.158639 0.076438 -0.021489 -0.121339 0.048836 0.108939 -0.195652 0.071754 -0.045982 0.127350 0.037812 0.202780 -0.138677 0.058655 0.140074 -0.080462 -0.059835
-0.089838 0.132670 -0.047140 -0.091668 -0.034463 0.068333 0.017110 -0.170298 -0.046817 -0.280677 -0.150006 0.039305 0.010341 0.195183 0.224324 -0.075128 0.040717 -0.069869 -0.296706 -0.206513 0.016409 0.097710 -0.019570 -0.135532 -0.118442 -0.295723 -0.055351 0.079203 -0.038218 0.011038 0.022541 -0.162367 -0.021464 -0.056823 -0.285912 0.076084
0.034610 0.072780 0.015257 -0.306047 -0.034407 0.045595 -0.037361 -0.100380 -0.261408 -0.199756 -0.208145 0.110121 -0.116010 -0.287116 0.476991 -0.113062 -0.084300 -0.056006 -0.227457 -0.211575 0.115420 -0.124401 0.161488 -0.272453 0.116409 -0.127384 -0.319011 0.022436 -0.169946 0.149542 -0.262548 -0.052160 -0.016007 -0.031159 -0.159767 0.035578
0.022343 -0.077753 0.198851 -0.047794 0.014772 0.033243 -0.024980 -0.191875 -0.278391 -0.245277 -0.199743 -0.048987 -0.082981 -0.151085 0.447885 -0.085973 0.063294 -0.036032 -0.362481 -0.015707 0.154776 -0.003447 0.131182 -0.064480 -0.166216 0.074890 -0.275610 -0.109815 0.048707 0.047922 -0.243793 -0.261575 -0.083657 -0.026912 0.082033 0.284614
-0.011919 0.107474 0.021648 -0.115565 0.054172 0.086556 -0.002441 -0.007728 -0.253773 -0.453218 -0.179637 0.038274 -0.013833 0.020429 0.332654 -0.136359 -0.093570 -0.019020 -0.237169 -0.070422 0.012340 -0.171895 -0.302869 0.022812 -0.090265 -0.258348 0.164374 -0.026973 0.185478 -0.107234 -0.171909 -0.396189 -0.199536 -0.011321 0.612750 0.259346
-0.102037 -0.002037 -0.067065 -0.092880 -0.026447 0.073376 0.027159 0.039795 -0.201561 -0.298374 0.021876 -0.037071 0.035692 -0.019942 0.138464 -0.151435 -0.167932 -0.113699 -0.078822 -0.169295 -0.110930 -0.097970 -0.515432 0.166874 -0.041593 -0.536730 0.236115 -0.079494 -0.155104 -0.126837 0.176765 -0.401249 -0.089943 -0.089359 0.661447 -0.167271
-0.002661 -0.142273 -0.034512 -0.121755 0.051824 -0.159185 -0.064393 -0.116342 -0.091125 -0.182441 -0.175989 0.147018 0.038569 -0.019555 0.087354 -0.145743 -0.126275 -0.026639 -0.080013 -0.223107 -0.071018 -0.178113 -0.261970 0.056177 -0.110206 -0.111540 -0.325256 0.087652 -0.454072 0.076311 0.043241 -0.189493 -0.036603 -0.024762 0.141299 -0.183468
-0.084249 -0.063740 -0.033569 -0.061938 -0.110158 -0.079924 -0.154114 -0.050565 0.094803 -0.150490 -0.210692 0.053255 -0.016714 0.103313 -0.049759 -0.095664 -0.031949 -0.035525 -0.081014 -0.240162 -0.034284 -0.075559 -0.100285 -0.266818 0.039845 -0.307623 -0.181016 -0.132542 -0.024651 -0.019057 0.006128 0.038561 -0.077802 0.020406 -0.135377 -0.189574
-0.024078 -0.097917 -0.000325 -0.068402 0.075138 0.051828 -0.017154 0.111273 -0.081907 -0.356936 -0.111230 0.011930 -0.073595 -0.039543 -0.008961 -0.030969 -0.201775 -0.124157 -0.270395 -0.041996 -0.105683 -0.280058 -0.186124 -0.191044 -0.004620 -0.404745 0.070040 -0.130851 -0.090045 -0.294184 0.084891 -0.051896 -0.016180 -0.011064 0.140431 -0.261271
-0.003256 0.095790 -0.139918 -0.152407 -0.085707 0.124851 -0.128263 -0.019645 -0.052712 -0.188242 0.104211 -0.054049 -0.009780 0.090678 0.036463 -0.001460 -0.159664 -0.110833 -0.178499 -0.197967 0.173354 0.002455 -0.383230 -0.502152 0.090889 -0.245772 0.007175 -0.211988 0.117081 -0.004830 -0.141743 -0.103533 -0.078520 0.031256 0.358947 -0.742753
0.160411 -0.024315 -0.013231 -0.173387 -0.114783 -0.089623 -0.002057 -0.085544 -0.196886 -0.361321 0.000221 -0.052798 0.122522 -0.056621 0.295095 -0.025293 0.133866 0.001393 -0.140649 -0.048335 0.039736 -0.083336 -0.344875 -0.478844 -0.031752 -0.120949 0.049197 0.180943 -0.024597 0.086033 -0.026700 -0.080618 -0.214460 0.024475 -0.083240 0.106996
0.049063 -0.124967 -0.051743 -0.136696 -0.027543 -0.016311 -0.052017 -0.062292 -0.127132 -0.012519 -0.054783 0.035037 0.063387 -0.189151 0.317029 -0.024610 0.036235 0.016430 -0.144342 -0.026313 -0.063073 0.055085 -0.104894 -0.232313 0.136851 -0.097578 0.092937 0.019926 0.065670 -0.042551 0.048844 -0.219380 -0.128991 0.161654 -0.292134 0.122032
0.044608 -0.026352 0.161176 0.069859 -0.021843 0.142376 -0.020025 -0.038968 -0.016532 -0.019587 -0.019417 -0.055477 -0.091834 0.007283 0.013993 0.095378 0.067124 0.057051 0.173623 -0.073409 0.041354 0.034095 -0.007854 0.013839 0.063889 -0.087375 0.020181 0.021137 -0.055035 0.067331 -0.173787 -0.020387 -0.123464 -0.030941 -0.150877 -0.119767
0.008496 -0.133897 0.116063 -0.105254 0.059620 -0.040591 -0.093068 0.135590 0.022075 0.014646 -0.047059 0.055432 0.142945 0.071249 0.025851 0.118888 -0.095215 -0.075088 -0.059420 -0.034279 0.002997 0.034267 -0.047704 -0.056541 0.136387 0.003260 -0.087015 0.143846 0.021733 0.076344 0.173412 0.067318 -0.004660 -0.007735 -0.001231 0.094515
0.100351 0.014074 0.020543 0.059787 -0.070227 -0.035610 -0.012055 -0.059983 0.036782 0.023033 -0.063438 -0.015563 0.045521 -0.023617 -0.027816 0.131295 0.088201 -0.052392 -0.038524 -0.024316 -0.187697 0.014890 -0.007076 0.080285 -0.150246 0.093831 0.127965 0.025920 0.266931 0.048974 0.163780 0.104392 -0.091035 -0.056880 -0.084501 -0.030067
-0.137088 0.041338 -0.039844 0.161606 -0.077250 -0.035938 -0.204667 0.021849 -0.055961 -0.064964 -0.033154 -0.002506 -0.046188 0.097355 0.004044 0.091459 0.022524 0.086473 0.116362 -0.030720 0.028569 0.157572 0.156879 0.099710 -0.052585 -0.014186 0.006804 -0.103749 0.155176 -0.028818 -0.102662 -0.088815 -0.023195 0.041211 -0.202695 0.041655
0.121706 -0.086840 -0.079127 -0.100644 0.006317 0.075045 0.140577 -0.055497 -0.084054 -0.078383 0.036164 0.010811 -0.030281 0.313919 0.110836 0.055996 0.138035 0.093074 -0.250501 0.031421 0.003823 -0.037641 -0.040454 -0.171918 -0.171702 -0.094787 0.187916 -0.120752 -0.032949 -0.145444 -0.049663 0.036437 0.012281 -0.144241 0.090835 -0.022472
0.020002 0.031785 -0.122349 0.016962 -0.095890 0.204848 0.092161 0.037612 -0.051022 -0.166167 -0.012757 -0.005224 0.008238 0.443549 0.128122 0.113641 -0.027451 0.008493 -0.352597 -0.180973 -0.013968 -0.023022 -0.123024 -0.216840 -0.082948 -0.209129 0.136696 -0.061201 0.077017 0.032479 0.067280 0.004631 -0.083380 0.117070 -0.432904 0.037866
-0.127121 0.003382 -0.060826 -0.074790 -0.098799 -0.044119 -0.048765 -0.304818 -0.121728 -0.195066 -0.100045 -0.055181 0.101356 0.060105 0.141506 -0.137121 -0.046948 -0.177758 -0.406594 -0.339355 -0.006925 -0.083782 0.042268 -0.057340 -0.156426 -0.249630 -0.270509 0.017217 -0.079176 -0.025917 -0.263666 -0.009177 -0.008067 0.028195 -0.336960 -0.006987
-0.012264 -0.091756 -0.101912 -0.136013 -0.121029 0.101880 -0.143822 -0.164259 -0.316266 -0.289974 -0.054198 -0.018013 0.117481 0.081300 0.344593 -0.175436 -0.083132 -0.258256 -0.227899 -0.256459 0.136247 -0.006328 0.003243 -0.070004 0.071398 -0.126224 -0.143805 -0.147911 -0.124020 0.104622 -0.469130 0.003261 0.054302 0.029438 -0.129707 0.128281
0.026528 -0.109134 -0.127386 -0.133532 -0.031867 0.183325 0.027513 -0.253941 -0.358587 -0.175097 -0.043479 0.115143 0.073289 -0.082751 0.073729 -0.122963 -0.133247 -0.010074 -0.264258 -0.053660 0.199285 -0.135502 0.139587 -0.179889 0.067441 -0.315908 0.197004 -0.288369 -0.022860 0.090894 -0.012361 -0.171408 -0.085927 0.014941 -0.016197 0.287530
0.030483 0.005345 -0.110861 -0.028230 -0.062692 0.252955 -0.109595 0.078286 -0.272854 -0.144636 -0.071758 -0.071028 0.051590 0.088627 -0.110569 -0.058749 -0.151227 -0.067178 -0.162349 -0.063028 0.032361 -0.173480 -0.023267 -0.159122 -0.079741 -0.296755 0.142783 -0.039751 -0.124269 0.085683 0.010953 -0.415697 -0.081773 -0.048266 0.204108 0.171608
0.086583 -0.107083 0.023862 -0.039040 0.089076 0.051057 -0.295801 -0.005898 -0.092866 -0.107545 -0.242587 -0.164605 0.048793 -0.041739 -0.103600 -0.046414 -0.123786 0.069643 -0.207172 -0.125623 -0.132025 -0.207688 0.006027 -0.023642 0.135244 -0.170586 -0.192553 -0.072092 -0.194380 -0.077496 0.138332 -0.141743 -0.095691 0.113539 -0.095927 0.073067
0.147766 -0.065088 -0.089710 0.000935 -0.022880 0.008390 -0.077354 0.033351 -0.112620 -0.168130 -0.057020 0.050554 0.029957 -0.045670 0.091803 -0.142916 -0.056225 -0.203043 -0.242498 -0.082276 0.086279 -0.206137 -0.111023 -0.222020 0.038434 -0.230008 -0.137720 -0.127447 -0.262668 -0.000143 -0.101676 -0.083269 0.012463 -0.057532 0.636836 -0.282624
-0.022681 0.084660 -0.007029 -0.062114 -0.179944 -0.037755 -0.148283 0.157984 -0.000276 -0.109459 0.001395 -0.013192 -0.020308 0.020188 0.217995 -0.001915 -0.099914 -0.049853 -0.154419 0.018929 0.032294 0.063469 -0.182679 -0.188079 -0.090811 -0.289393 0.197421 -0.151477 -0.254900 -0.075609 0.229575 -0.149469 0.031392 0.020522 1.157138 -0.607904
-0.047543 -0.085050 -0.044808 -0.187181 -0.017664 0.198736 -0.077995 -0.153447 -0.154272 -0.000662 0.027112 -0.109371 0.066650 -0.150913 0.320422 0.016933 -0.056960 -0.097754 -0.227888 -0.081134 0.065510 -0.028061 -0.353040 -0.156494 -0.064549 -0.142140 0.054020 -0.125612 -0.346048 0.108286 -0.094727 0.067246 -0.023699 -0.095911 0.437431 -0.016338
0.211335 -0.089939 -0.139401 -0.082348 -0.106675 -0.153445 0.043159 -0.041878 -0.039656 0.055322 -0.162325 -0.090605 0.046305 -0.176646 0.139239 0.038826 0.009974 0.023912 0.060173 -0.195710 -0.006440 0.041336 -0.020160 -0.222617 -0.157788 -0.132040 -0.090212 -0.007219 0.058169 -0.011024 0.070854 -0.095161 0.057723 0.046927 -0.128326 0.462223
0.120801 -0.000740 0.002570 0.087945 -0.058704 0.092832 -0.118916 -0.040245 0.050802 0.086571 -0.026149 -0.032925 -0.150674 0.092704 0.052329 -0.087431 0.015412 0.038332 0.058919 0.051642 -0.091249 0.019315 -0.184848 -0.055247 -0.067819 -0.036781 -0.095094 -0.044186 -0.255472 -0.020518 0.001088 0.146927 -0.002295 -0.035202 -0.098405 -0.056732
-0.131074 0.038256 0.030384 -0.057182 0.080979 -0.057005 -0.036223 0.029871 0.047906 -0.078430 0.020018 -0.198194 -0.002827 -0.055351 0.206121 0.070786 0.147591 -0.041900 0.023675 -0.088403 0.116437 0.046733 0.067777 0.107327 -0.105234 -0.001231 -0.073817 -0.015159 0.102940 0.144095 0.084292 0.131386 -0.037835 -0.105445 -0.059711 -0.140363
0.113844 -0.045241 0.148291 -0.080672 0.101284 0.027737 -0.017373 -0.038891 -0.134760 -0.090839 0.057137 -0.017135 0.040580 0.132903 0.105986 0.113213 0.064168 -0.048271 0.039232 -0.021012 -0.052717 -0.211968 -0.016879 0.131741 0.000944 -0.001466 0.061244 -0.093495 -0.106999 -0.037591 -0.050595 0.036485 0.057564 -0.148720 0.066342 0.004609
-0.059090 0.087974 -0.113772 -0.060694 0.030808 0.097138 -0.169939 0.071486 0.000671 0.087282 -0.055656 0.085390 0.079472 -0.131636 0.086059 0.020361 -0.003757 -0.057759 -0.040964 0.026310 -0.060008 -0.036327 0.039923 0.050311 -0.052181 -0.083061 0.011785 0.088667 0.021843 -0.002978 0.133739 0.019375 0.162166 -0.009505 0.016246 -0.148738
0.190125 0.071869 0.097529 -0.092620 0.106615 0.103003 -0.015825 0.085451 0.047353 0.034179 -0.116822 0.035988 -0.037213 -0.095337 -0.020239 -0.115644 0.076250 -0.044823 -0.020312 -0.053835 0.103297 0.082444 -0.063867 0.093441 0.049085 -0.007414 0.087056 0.079384 -0.085751 0.047059 0.088308 0.099339 -0.024743 0.019056 0.007366 -0.052281
0.002276 0.007651 -0.259413 0.132159 -0.100191 -0.044043 0.095482 0.033839 0.077094 -0.066511 0.073758 0.095536 -0.076710 0.056473 0.066120 -0.039504 -0.054209 -0.040052 -0.099899 0.077247 -0.014869 0.080598 -0.123796 0.095325 -0.063635 -0.068314 0.109979 0.072254 0.011613 -0.031321 -0.116249 -0.120276 -0.026712 -0.012795 0.175549 0.018398
-0.060618 -0.157501 0.002189 0.188282 0.093487 0.124713 0.106966 -0.041384 0.009273 -0.027875 0.025934 -0.048308 -0.035452 0.150943 -0.018610 0.254609 -0.007451 0.010260 -0.045514 -0.114328 0.012195 -0.130289 -0.058423 0.111956 -0.039309 0.052328 0.229041 0.187489 0.207541 0.025254 -0.135137 -0.060936 0.059615 0.220707 -0.059683 0.125123
-0.014527 0.004320 -0.122891 -0.040102 0.045909 0.106947 0.068631 -0.063448 -0.098004 -0.220773 0.009144 -0.084150 -0.027164 0.160961 -0.150248 -0.032636 0.031490 -0.134642 0.076583 -0.120916 -0.070007 -0.008836 0.012316 0.155366 -0.196978 -0.240683 0.227802 -0.054335 0.093873 -0.102989 -0.023480 -0.043392 0.037003 -0.017688 -0.051004 -0.064812
0.002542 -0.093594 -0.023857 -0.015361 0.053240 0.079194 -0.110961 -0.140377 -0.031540 -0.086352 0.028126 0.002164 0.002185 0.012383 -0.187475 -0.025613 -0.099233 -0.203012 0.040753 -0.145465 -0.074211 -0.003429 0.134193 -0.066245 -0.019230 -0.200901 0.251806 -0.237930 -0.028123 0.037226 -0.385649 0.060942 -0.048827 0.016626 -0.293275 0.105493
0.096491 -0.108040 0.042916 -0.040895 -0.078675 0.162850 0.055080 -0.151641 -0.150563 -0.019537 -0.146484 0.031485 0.057076 -0.156936 -0.221518 0.026938 -0.161125 0.039878 -0.102746 0.056248 -0.024865 -0.003211 0.325151 0.056432 0.130504 -0.228693 0.177088 0.065882 -0.016312 0.061581 -0.180554 0.184132 -0.006887 -0.208609 -0.446787 0.246224
-0.052952 -0.127429 -0.168413 0.118113 0.012749 0.245738 -0.046915 -0.216304 -0.133842 -0.032002 -0.069023 -0.127927 0.033027 -0.056871 -0.282246 0.003825 -0.153165 -0.004553 -0.303987 0.467931 -0.065312 -0.015940 0.424002 -0.132739 0.167855 -0.267465 0.095989 -0.011871 0.116506 0.043362 0.003566 -0.329477 -0.134102 -0.093468 -0.475029 0.078531
-0.032504 -0.080024 -0.216178 0.051376 -0.073320 0.335218 -0.047110 -0.173617 -0.088925 0.071160 -0.057132 -0.035497 0.059735 -0.096370 -0.180298 -0.027077 -0.090548 -0.111031 -0.262472 0.255946 0.095018 0.117291 0.264889 -0.009337 -0.209420 -0.178978 -0.162056 -0.203956 -0.151949 0.165650 0.037697 -0.057215 -0.030647 -0.050270 -0.632353 0.292756
-0.026401 -0.118713 -0.056649 0.006364 0.057329 0.220647 -0.038135 0.088335 -0.017147 0.039768 0.112704 -0.050901 0.081215 0.072134 -0.383467 -0.084272 -0.089498 0.025482 -0.245977 0.231689 -0.042537 -0.047360 0.072786 0.038483 -0.200595 -0.010209 0.043013 -0.076548 -0.089459 0.024359 0.052875 -0.006690 -0.121859 0.050227 -0.148034 -0.157898
0.043463 0.024807 0.068823 -0.043431 -0.030564 0.303368 -0.082942 -0.108619 0.075735 0.048002 -0.052356 0.030505 0.030093 0.070339 0.069444 -0.095025 0.021191 -0.183726 -0.009368 0.086173 0.069402 0.066534 0.231605 -0.106682 0.089531 -0.021045 0.051496 -0.146153 -0.360730 -0.083767 0.032667 0.087102 -0.008387 -0.116690 0.040994 -0.073911
0.066813 -0.158835 0.012520 0.020576 -0.024565 0.081773 0.022037 -0.045023 0.013793 0.091533 0.209858 -0.065997 -0.144398 -0.083758 0.176689 -0.032241 -0.142115 -0.012406 0.009744 -0.018743 0.033002 0.059739 -0.008829 -0.109992 0.040704 -0.051313 -0.128830 0.144123 -0.142975 -0.073400 0.006827 0.028698 0.105984 0.014031 0.022843 0.038856
0.003969 -0.003371 -0.025531 0.000251 0.115983 0.025144 0.150025 -0.023302 0.116227 0.015729 -0.073222 0.184840 0.016339 -0.056226 0.152876 -0.015075 0.237777 0.061866 -0.100785 -0.031692 -0.017159 -0.065594 -0.155807 -0.006866 -0.152599 0.053167 -0.037752 -0.055265 -0.034543 -0.148631 -0.094918 0.179778 -0.076675 -0.029343 0.003867 -0.004808
-0.016815 -0.099566 0.118657 -0.051480 -0.125915 -0.004973 0.045700 -0.042857 0.118931 0.140546 -0.085861 0.057413 -0.172677 -0.045413 0.122256 -0.009178 0.024095 -0.069177 0.011479 0.044233 -0.032087 0.153164 0.036131 -0.030925 0.017560 0.136797 -0.038345 0.012898 0.059956 0.089847 -0.054966 0.221662 -0.076232 -0.019044 -0.054821 -0.079689
-0.035656 0.103899 0.110590 0.099942 0.016546 0.090949 0.024711 -0.115213 -0.163465 0.074820 -0.003430 0.028574 -0.104455 -0.022371 -0.185407 -0.111037 -0.045460 -0.030683 0.104474 -0.054133 0.052310 -0.020155 -0.001566 -0.018914 -0.043936 0.083886 -0.023761 -0.003078 0.136303 0.017453 -0.015973 -0.075262 -0.101586 -0.066627 -0.120958 -0.016131
0.091196 -0.036117 -0.029918 -0.166771 0.256818 -0.142837 0.012686 -0.055876 0.110435 0.064354 -0.055628 0.121459 0.097728 0.146441 -0.096331 -0.001760 -0.006812 0.006181 0.010354 -0.081350 -0.107035 -0.093909 -0.177967 -0.054917 0.031609 -0.149554 -0.080353 -0.071018 0.026402 -0.149898 0.005168 0.131902 0.041554 0.022782 0.058586 0.064855
0.071888 -0.017443 -0.095232 0.128991 0.081633 0.018228 0.085494 -0.121156 0.032084 -0.042229 -0.034638 0.018653 -0.058692 0.019916 -0.007003 0.104251 0.111718 0.026033 -0.059140 -0.104312 0.039630 0.132125 0.022324 -0.028947 0.109517 -0.096062 0.097772 -0.000771 -0.134235 -0.006059 -0.025471 -0.218099 -0.003824 0.100580 0.169815 0.097121
0.145210 0.052178 -0.022594 -0.159042 -0.001571 0.013041 -0.026809 -0.141479 0.042275 -0.009029 -0.075988 0.212048 -0.062767 -0.002704 -0.036569 0.130349 0.084539 -0.114773 0.097102 0.073838 -0.101871 0.171422 0.060615 0.033333 0.005233 0.158010 -0.081466 0.004005 -0.063862 -0.137892 -0.137235 0.182326 -0.120965 0.060118 -0.214243 -0.191534
0.061092 0.032661 0.117910 -0.111668 0.029011 -0.075725 0.018503 -0.068446 0.066536 0.000316 -0.144664 -0.105439 0.062321 0.112609 0.044869 -0.235140 -0.010895 0.096630 -0.022218 0.027837 0.012390 -0.039937 0.000128 -0.003650 -0.005428 0.224187 -0.196423 0.110452 -0.069584 -0.030819 0.116145 0.042598 0.118949 0.079887 -0.026600 -0.055312
0.145820 0.068234 -0.023402 0.110898 -0.007330 0.127462 0.000402 -0.019460 0.025357 -0.008529 0.033582 -0.047985 -0.038022 0.130033 -0.098265 -0.003001 -0.067293 0.019623 0.121676 -0.013973 -0.000198 -0.115425 -0.038446 -0.057339 -0.070761 0.046990 -0.073175 -0.038977 0.078598 0.031207 0.000806 0.176432 -0.150382 0.155767 0.062711 0.131805
0.036760 0.002483 -0.008256 -0.058409 -0.100743 0.035821 -0.129383 -0.005786 0.117218 0.101978 -0.107607 0.077439 0.138409 0.185650 -0.083786 0.080563 0.120886 0.003020 0.048698 -0.188191 -0.112044 0.163065 -0.046470 0.156902 0.062642 0.050164 0.053587 -0.036019 -0.005414 0.056824 -0.073881 -0.082722 0.192821 0.062590 -0.199203 0.005291
-0.091859 0.081201 -0.100140 -0.003062 0.075259 0.037273 0.110701 -0.094718 -0.017512 -0.134586 0.140325 0.028418 -0.020762 0.062021 -0.202700 -0.044435 0.068110 0.091443 0.080619 -0.241340 0.019241 -0.027004 -0.083624 0.128970 0.020280 0.141704 0.167001 -0.058550 -0.171284 0.042523 -0.130269 -0.081097 0.000388 0.024264 0.054712 -0.231507
-0.048745 -0.127916 -0.066689 0.096571 0.046049 0.080817 -0.072356 -0.039645 -0.093849 -0.093356 -0.145122 -0.133367 0.096666 0.052571 -0.122129 -0.050494 0.106938 -0.194097 0.022988 -0.107380 -0.112724 0.006808 -0.003949 -0.026790 -0.072748 0.032401 0.076858 0.063640 -0.134957 0.046456 -0.002332 -0.113707 0.079629 -0.082100 0.104290 -0.228392
0.164254 0.072587 0.068518 -0.094743 0.163695 0.195319 -0.095011 -0.128553 -0.152331 -0.008786 0.009692 0.004266 0.066889 -0.000804 -0.198162 0.178828 0.066622 -0.097963 0.244323 -0.096704 -0.057693 -0.071872 -0.103704 0.161401 -0.005828 0.076025 -0.016477 0.044003 -0.173168 0.080245 -0.055909 -0.057663 -0.037664 -0.107085 -0.162531 -0.235841
0.041008 0.086401 -0.051701 0.128288 -0.156311 0.051848 0.015130 -0.162593 -0.181977 -0.120174 0.016876 -0.071008 -0.084556 0.036194 -0.185389 -0.021223 -0.023796 -0.044885 0.160810 -0.032145 0.029471 -0.199552 0.096140 0.044235 0.077532 -0.008048 0.083769 -0.118339 0.037368 0.147837 -0.125761 -0.016156 0.009242 -0.096824 -0.069768 -0.236420
0.133701 -0.101548 -0.010664 0.134928 -0.046009 0.263751 0.002216 -0.035030 0.000565 -0.028101 0.019730 -0.040247 -0.047039 0.072782 -0.123162 0.016969 -0.018747 -0.024248 0.321651 0.210700 -0.034231 0.023842 0.025715 0.138118 -0.048171 -0.071606 -0.100612 0.076210 0.016154 -0.080791 -0.008158 0.073276 -0.177732 -0.054758 0.061289 -0.119918
0.003935 0.076963 -0.091465 0.051052 0.036615 0.139421 -0.075032 0.240797 0.048215 0.106760 0.065205 0.044630 0.015700 -0.001613 -0.150491 0.061507 -0.002107 0.052808 0.293800 -0.088595 0.000254 -0.049303 0.035063 0.078369 0.011798 -0.108855 -0.011905 -0.045531 -0.028884 -0.067714 -0.140000 0.104649 -0.072879 0.086292 0.074655 -0.070291
0.093183 -0.049151 -0.007887 0.001243 -0.092876 0.094705 -0.157952 -0.040059 0.045089 0.036985 0.069236 0.045745 0.109296 -0.091788 -0.054788 -0.150335 0.027195 0.024519 0.160417 0.008687 -0.005319 -0.183859 0.012628 0.071270 0.082394 0.186131 -0.123390 -0.092544 -0.216697 0.042121 -0.114615 0.333603 -0.049421 -0.072922 -0.047717 0.006359
-0.001889 -0.091970 0.028522 -0.004909 -0.000041 0.046579 0.094481 -0.021604 0.037973 -0.023824 -0.032651 0.078059 0.197282 0.003966 0.097519 0.072789 -0.036925 0.042615 0.058201 0.134672 0.010466 0.011436 0.129486 0.069458 0.048807 0.054893 0.054235 -0.204085 -0.169192 -0.076058 -0.015466 0.022613 -0.103195 -0.127510 -0.093810 -0.073827
0.140793 -0.050350 0.156182 -0.043406 -0.139916 0.180674 0.018178 0.124262 0.065711 -0.117964 0.023922 0.056604 0.110816 -0.076960 0.015155 -0.004722 0.046017 0.084656 0.006331 -0.083605 0.014009 0.073693 -0.070367 -0.014344 0.168165 0.131401 0.055212 0.101887 0.020643 -0.047265 -0.028085 -0.052382 0.031629 0.059110 0.098138 0.070798
0.097254 -0.069487 -0.209629 -0.052328 0.109068 0.045175 -0.020379 -0.087269 -0.077960 -0.044390 -0.078317 0.117024 0.005056 -0.081092 0.033240 0.038966 -0.083921 0.020323 -0.274510 0.029624 -0.055507 0.009952 0.067363 0.054839 -0.010637 0.059402 -0.063655 0.041159 -0.033684 0.071647 -0.028135 -0.133923 -0.014275 0.158376 0.156041 0.213731
-0.148329 -0.047297 -0.104085 -0.012024 -0.025942 -0.072623 -0.118225 0.103198 -0.082873 0.055800 0.217243 -0.090713 -0.068608 0.023196 -0.068717 0.163566 0.035577 -0.040889 0.144547 0.108274 -0.127789 0.055748 0.110349 0.115045 0.053750 -0.065628 -0.160167 -0.127382 -0.053923 0.136744 -0.011710 0.041538 0.041155 0.077477 0.123531 0.058636
0.090178 0.025033 -0.006269 0.114850 0.031568 -0.031951 -0.048055 -0.102117 0.097596 0.012792 0.098037 -0.129645 -0.061167 0.021610 0.000281 0.085457 0.055073 -0.081790 0.068799 -0.176573 -0.085266 -0.021199 -0.146738 -0.061915 0.106478 -0.183428 -0.005156 -0.072329 -0.033714 0.041250 -0.023921 -0.123009 -0.145008 -0.163001 0.061319 -0.070832
0.038561 -0.112854 -0.082378 0.041430 0.076737 0.007819 0.032156 0.113945 -0.082390 0.121139 -0.080677 -0.037321 0.036842 -0.068743 0.017733 -0.258741 0.045025 -0.055120 0.077735 0.025950 -0.038524 -0.052899 0.050815 -0.051727 -0.037830 0.162330 -0.163840 -0.002367 0.138001 -0.056795 0.064629 -0.024280 0.005287 -0.056894 0.126656 0.104727
-0.049026 0.050887 -0.030229 -0.096933 0.021752 -0.001491 -0.132416 0.039662 0.023640 0.015769 0.111070 0.025205 0.098412 0.167870 -0.037326 0.004080 0.049403 0.058837 -0.060184 0.055910 -0.070580 0.018004 0.089962 0.080462 -0.047633 0.039770 0.026102 0.013378 -0.026330 -0.111899 0.081263 0.022022 -0.017281 0.252388 0.056993 0.076823
0.018478 0.088451 -0.077295 0.032442 0.046957 -0.067773 -0.036197 0.044482 0.102514 -0.042870 -0.029386 -0.011071 -0.108161 -0.038385 -0.033505 -0.238543 -0.018490 0.140226 0.003906 0.032265 -0.200397 -0.134870 -0.150853 0.003945 0.012412 0.158736 -0.112853 0.062285 0.087322 0.059234 0.106397 0.064806 0.184010 -0.023220 0.008578 0.083481
-0.005979 -0.097529 -0.082045 0.057499 0.025589 -0.011376 -0.030383 -0.100567 0.217517 0.013164 -0.044205 0.001087 -0.097204 0.065952 0.015396 -0.007818 -0.209440 0.061701 0.202763 -0.072569 -0.068183 0.007378 0.160215 -0.247147 0.058476 -0.120240 0.091446 0.135850 0.027738 -0.015203 -0.034783 -0.098897 -0.146673 0.101774 0.109949 -0.031029
-0.062784 0.007017 0.160425 0.061445 -0.089122 0.005945 -0.075570 0.016443 0.012520 -0.236030 -0.048785 0.156336 -0.108460 0.020177 0.022437 -0.006766 0.087785 0.051372 0.041543 -0.053846 0.024720 -0.025961 -0.058393 -0.022565 -0.016815 -0.053056 0.018152 -0.045875 -0.056259 -0.083828 -0.038495 -0.054467 -0.121237 -0.008286 -0.139217 -0.115417
-0.076787 0.081558 -0.104954 -0.117321 -0.039701 -0.045939 -0.024792 -0.086283 -0.074104 0.008874 -0.075205 -0.079850 -0.068937 0.026802 -0.051702 -0.019662 -0.006730 -0.002426 -0.019220 -0.088982 0.026615 0.079659 -0.232583 -0.028508 -0.013018 -0.131534 0.003488 0.040543 -0.042825 0.078409 -0.199341 -0.083936 0.067681 0.031796 -0.058335 0.036802
0.014602 0.191810 0.055872 -0.035793 0.069630 -0.053100 -0.115245 -0.019646 0.086582 -0.163627 0.040146 -0.053057 -0.068661 0.086612 -0.147916 0.025801 0.094247 0.139389 -0.111865 0.003521 -0.039054 0.033568 -0.060199 -0.070942 -0.044128 0.049171 -0.048147 0.055720 0.016752 -0.050745 -0.022566 -0.091738 -0.042203 0.198380 0.052537 -0.068984
0.208623 0.020552 -0.030990 -0.002465 -0.004254 0.086489 0.043209 -0.031083 0.088059 0.270583 -0.033470 -0.070853 0.007556 -0.001113 -0.118663 -0.015388 0.048053 -0.150103 0.096482 0.017288 -0.157196 0.042860 -0.064930 -0.068195 -0.157352 -0.037842 -0.033052 0.068166 0.025111 -0.008175 0.013946 0.009005 -0.034014 0.011299 -0.051705 0.129673
-0.170453 0.139460 -0.022410 -0.003658 0.088259 0.123200 -0.117251 0.066451 -0.007174 -0.179237 -0.023750 -0.036170 -0.024928 0.155551 0.112942 0.053738 0.130011 -0.033419 0.062758 -0.094706 -0.206448 0.081830 0.168713 0.167363 0.132308 0.001923 0.103517 -0.125307 0.118339 -0.034555 0.033213 0.057246 -0.099202 -0.121179 0.089585 0.134341
0.040584 0.038188 0.096411 0.060617 -0.016396 0.033107 -0.099414 -0.051111 0.141630 -0.077404 0.064410 0.075564 0.124100 -0.050840 0.104416 -0.035423 -0.064849 0.072628 -0.056771 0.048090 0.086078 -0.104399 0.037633 0.095274 -0.016279 0.025322 -0.014898 -0.125969 -0.018202 0.191709 0.061898 -0.130798 -0.083266 0.108969 0.078320 -0.090715
-0.122959 0.097613 -0.018734 0.038009 0.056721 -0.049843 -0.018125 0.061246 0.075655 -0.199339 -0.009151 0.037504 0.086893 0.096023 -0.128442 0.002641 0.121107 -0.112517 -0.037311 -0.172319 0.138530 0.035613 -0.004546 0.057682 -0.015377 0.010316 0.070902 0.021947 -0.107398 -0.009927 -0.110110 -0.010782 0.105360 0.024572 -0.065716 -0.137372
-0.138809 -0.214084 -0.067705 0.019345 0.040443 -0.028344 0.023637 -0.046949 0.056070 -0.060567 -0.022432 -0.137611 -0.121081 0.048731 -0.020999 0.056207 0.058658 0.138564 0.086030 -0.007889 0.105288 0.085786 0.107006 -0.019537 0.068192 0.041475 0.057881 0.085000 -0.072717 -0.077546 0.002995 -0.014492 -0.122086 -0.022180 -0.153185 0.053596
0.061986 -0.052970 0.032400 -0.153000 0.036055 0.099258 0.061446 0.024607 -0.028411 -0.036918 -0.170854 -0.034521 0.013408 0.019077 0.004889 -0.104317 0.022639 0.028863 0.046203 -0.036836 0.102699 0.042979 0.064122 0.152121 -0.065363 -0.054114 -0.004522 0.023133 0.054520 0.035409 0.081747 0.002437 0.136930 0.116628 -0.025851 0.084107
-0.092048 -0.137153 -0.083833 0.142528 -0.031444 -0.071168 -0.063657 0.010770 0.063200 -0.029300 0.008272 0.099290 0.068550 -0.076405 0.031529 -0.090510 -0.082245 -0.023818 -0.025282 -0.008550 -0.126263 -0.121357 0.120673 0.093406 -0.076079 0.023432 0.011411 -0.119492 -0.020590 -0.024280 -0.072099 0.019974 0.056620 0.169196 0.000109 -0.198758
0.131899 0.088874 -0.098392 -0.155335 -0.004912 0.015976 0.049942 -0.048945 -0.115440 -0.128878 0.049201 -0.074350 0.097186 0.030573 -0.011221 0.036605 -0.025571 0.171747 0.018174 -0.074770 0.073744 -0.214042 0.044394 0.142126 0.017316 -0.095663 -0.103100 0.050995 0.079729 -0.117707 0.048809 -0.020644 0.073756 -0.162739 -0.108119 0.064676
