-0.005800 -0.002703 -0.019789 -0.198458 0.007205 0.574002 -0.021456 0.000469 -0.132377 -0.028775
0.249576 -0.020912 -0.162650 0.030456 0.087275 -0.333784 0.516017 -0.248418 -0.118417 -0.042489
-0.013441 -0.011808 -0.039274 -0.105248 -0.032764 0.633477 -0.009498 -0.029567 -0.173566 0.002536
-0.012183 -0.000707 0.003922 -0.016944 -0.028328 -0.012556 -0.008548 0.446266 -0.061898 -0.085471
0.043721 0.033612 -0.024268 -0.011613 0.089652 0.026987 0.031844 0.052887 0.094301 -0.029550
0.006378 0.000433 0.006818 0.017534 0.001421 0.010320 0.006551 0.004634 0.056248 0.010119
0.172053 0.162010 0.213514 -0.056420 0.619040 0.274778 0.062544 -0.174897 0.026235 0.305528
0.000728 -0.002338 0.014676 0.006175 0.106475 -0.007824 0.022285 -0.007293 -0.032163 -0.044660
0.002584 0.001991 0.011503 -0.014017 0.232753 -0.003266 0.005222 -0.014255 0.001066 -0.161185
0.001891 0.000385 0.001802 0.000732 0.237615 -0.003508 -0.006207 -0.019205 -0.005164 -0.128550
-0.047166 0.116442 -0.138109 -0.159654 -0.156041 0.358004 0.080035 0.186434 0.145099 0.320024
-0.035171 -0.001924 0.001716 0.000736 0.014855 0.143938 0.369400 -0.001345 0.024058 0.007627
-0.016873 0.001637 -0.001931 0.177568 -0.025629 0.090555 -0.006707 -0.006518 -0.040784 -0.027987
-0.010609 -0.003107 0.002564 0.158797 0.001509 -0.003763 -0.005027 0.008547 -0.043086 -0.030136
-0.008599 -0.001240 0.213100 -0.016146 -0.002695 -0.007105 -0.012544 0.001308 -0.065574 -0.011376
-0.009903 -0.020514 0.068733 -0.022668 -0.004529 0.168758 -0.039626 0.240347 -0.055876 -0.159869
0.035185 -0.112818 -0.120631 -0.002043 -0.158293 -0.218262 -0.144123 -0.169194 0.394482 0.232192
0.132473 0.044151 -0.187225 0.288664 -0.094229 -0.039776 -0.095015 0.025150 0.195990 0.213465
0.002016 -0.002849 0.008713 -0.023972 -0.218591 -0.017723 0.008889 -0.070956 -0.062573 0.522843
-0.007473 -0.005777 0.005261 -0.009541 -0.001016 -0.014344 -0.008329 0.004021 0.137793 -0.013574
-0.012104 0.001493 -0.005133 0.174182 -0.004341 0.022252 -0.014954 -0.003445 -0.026044 0.001150
0.228932 -0.172416 0.191020 -0.068053 0.168761 0.086519 -0.153158 0.152673 0.420066 -0.011018
-0.008453 -0.001243 -0.016833 -0.008471 0.003557 -0.005398 -0.007666 -0.003377 0.142541 -0.008445
-0.015163 -0.005408 -0.030008 -0.034867 -0.066353 -0.017283 -0.004703 0.629748 -0.069276 -0.157974
0.309388 -0.303641 -0.168159 -0.155462 -0.276102 -0.131187 0.228281 -0.140414 0.184282 0.168271
-0.010185 -0.001565 -0.019822 -0.016591 0.086804 -0.006639 -0.016971 0.026159 -0.067076 0.119231
-0.002381 -0.000533 -0.018594 0.140059 -0.001790 -0.016304 -0.005907 -0.008711 -0.061798 0.011274
-0.265591 0.053465 -0.071332 -0.247860 -0.050473 -0.042648 0.236130 -0.157163 -0.133548 0.074174
0.006442 0.618844 -0.119452 -0.044268 -0.024138 0.008128 0.004773 -0.007154 -0.300907 0.024214
-0.004332 -0.001175 -0.007019 -0.189480 -0.001342 0.562407 -0.002215 -0.007023 -0.142704 -0.008967
-0.020165 0.694594 -0.007765 -0.081968 -0.072269 -0.013465 -0.030876 -0.026416 -0.239095 0.014283
-0.030851 -0.004626 -0.032331 -0.022048 0.023246 -0.007570 -0.024189 0.012223 -0.116840 0.382984
0.024412 0.345216 -0.021793 0.041423 -0.032066 -0.053630 0.005013 0.021889 -0.051679 0.055101
0.020130 0.005424 0.275901 -0.054380 0.001279 0.015564 0.001858 -0.013914 0.026749 0.014863
-0.011989 -0.001578 -0.028709 -0.019467 -0.067310 -0.007468 0.305012 -0.000569 -0.058873 0.013246
0.360017 -0.002540 -0.017532 -0.022007 -0.000007 -0.016934 -0.014141 -0.004332 -0.083571 -0.015829
